Run 1:
Best OCplx: 3.2385690486336665
Best Sequence: [2, 3, 11, 9, 18, 13, 10, 15, 14, 1, 19, 17, 16, 12, 8, 5, 6, 4, 7]
Run 2:
Best OCplx: 3.5810443235821885
Best Sequence: [18, 2, 9, 3, 11, 16, 13, 6, 10, 12, 14, 17, 1, 5, 15, 19, 7, 8, 4]
Run 3:
Best OCplx: 2.994448850366882
Best Sequence: [3, 18, 11, 2, 9, 1, 10, 15, 6, 17, 19, 16, 12, 13, 14, 5, 4, 7, 8]
Run 4:
Best OCplx: 3.3015978725273065
Best Sequence: [17, 11, 18, 12, 2, 3, 13, 9, 6, 15, 10, 14, 16, 1, 19, 5, 8, 7, 4]
Run 5:
Best OCplx: 3.9564076004965165
Best Sequence: [2, 18, 3, 6, 13, 17, 15, 16, 12, 14, 1, 9, 11, 10, 5, 19, 4, 7, 8]
Run 6:
Best OCplx: 3.4496636890426
Best Sequence: [3, 6, 2, 9, 13, 15, 12, 18, 10, 11, 1, 17, 16, 14, 19, 5, 7, 8, 4]
Run 7:
Best OCplx: 3.3918746976051564
Best Sequence: [12, 2, 18, 10, 9, 3, 16, 14, 11, 15, 19, 1, 13, 6, 17, 5, 7, 4, 8]
Run 8:
Best OCplx: 3.188195208748174
Best Sequence: [3, 10, 17, 1, 11, 2, 9, 18, 16, 12, 15, 13, 6, 19, 14, 5, 8, 7, 4]
Run 9:
Best OCplx: 3.387828336700941
Best Sequence: [2, 3, 11, 9, 15, 18, 13, 16, 5, 10, 12, 17, 1, 19, 14, 6, 8, 4, 7]
Run 10:
Best OCplx: 3.2368808795872677
Best Sequence: [12, 18, 11, 2, 3, 15, 17, 9, 10, 13, 16, 19, 6, 14, 1, 5, 7, 8, 4]
Run 11:
Best OCplx: 3.458148657723768
Best Sequence: [17, 2, 3, 11, 15, 19, 12, 10, 9, 18, 13, 5, 16, 14, 6, 1, 4, 8, 7]
Run 12:
Best OCplx: 3.6603264186475295
Best Sequence: [2, 9, 12, 18, 3, 16, 1, 13, 6, 19, 10, 15, 11, 5, 17, 14, 8, 7, 4]
Run 13:
Best OCplx: 3.1193766156585676
Best Sequence: [2, 3, 9, 15, 18, 17, 11, 6, 10, 13, 1, 16, 14, 12, 5, 19, 8, 7, 4]
Run 14:
Best OCplx: 3.6160208323045255
Best Sequence: [11, 17, 12, 10, 15, 3, 18, 2, 16, 9, 13, 6, 14, 1, 19, 5, 7, 8, 4]
Run 15:
Best OCplx: 3.1906643288796
Best Sequence: [17, 2, 3, 18, 11, 10, 15, 19, 1, 13, 9, 12, 16, 14, 5, 6, 8, 4, 7]
Run 16:
Best OCplx: 4.327027017054945
Best Sequence: [18, 11, 2, 16, 12, 3, 14, 9, 19, 5, 17, 10, 13, 1, 8, 15, 7, 4, 6]
Run 17:
Best OCplx: 4.213703177471934
Best Sequence: [10, 2, 17, 11, 18, 9, 13, 3, 16, 12, 15, 1, 14, 19, 6, 5, 4, 7, 8]
Run 18:
Best OCplx: 3.598691782895931
Best Sequence: [12, 2, 3, 18, 1, 9, 17, 14, 6, 13, 16, 15, 10, 11, 19, 5, 7, 8, 4]
Run 19:
Best OCplx: 2.994448850366882
Best Sequence: [3, 2, 9, 18, 11, 17, 6, 10, 13, 19, 12, 16, 1, 14, 15, 5, 8, 7, 4]
Run 20:
Best OCplx: 3.039279942902738
Best Sequence: [12, 18, 17, 3, 11, 2, 16, 13, 1, 15, 9, 6, 14, 19, 10, 5, 7, 8, 4]
Run 21:
Best OCplx: 3.513000131025038
Best Sequence: [17, 3, 2, 16, 18, 9, 15, 11, 6, 1, 10, 12, 19, 13, 14, 5, 7, 8, 4]
Run 22:
Best OCplx: 3.468941640606485
Best Sequence: [11, 3, 18, 10, 1, 12, 2, 16, 13, 17, 9, 14, 19, 15, 4, 6, 8, 5, 7]
Run 23:
Best OCplx: 3.472075848557847
Best Sequence: [10, 18, 2, 3, 1, 15, 9, 13, 11, 17, 6, 12, 19, 16, 14, 5, 8, 7, 4]
Run 24:
Best OCplx: 3.350689984344325
Best Sequence: [3, 11, 18, 2, 16, 10, 17, 15, 19, 14, 9, 13, 1, 12, 6, 8, 5, 7, 4]
Run 25:
Best OCplx: 4.18222816067793
Best Sequence: [9, 17, 3, 1, 10, 2, 18, 11, 15, 14, 13, 6, 12, 16, 5, 19, 7, 8, 4]
Run 26:
Best OCplx: 3.4969093716302977
Best Sequence: [10, 3, 15, 9, 18, 6, 12, 17, 2, 11, 1, 16, 19, 14, 13, 5, 7, 8, 4]
Run 27:
Best OCplx: 3.7167033382495682
Best Sequence: [3, 12, 18, 11, 15, 2, 6, 19, 9, 17, 14, 13, 16, 10, 5, 1, 8, 4, 7]
Run 28:
Best OCplx: 3.8536183350599877
Best Sequence: [3, 1, 2, 11, 10, 19, 6, 13, 14, 18, 12, 17, 9, 16, 15, 5, 7, 8, 4]
Run 29:
Best OCplx: 3.2484445171120013
Best Sequence: [12, 1, 3, 18, 17, 2, 9, 10, 15, 11, 13, 6, 16, 14, 19, 5, 7, 8, 4]
Run 30:
Best OCplx: 3.2749822032982534
Best Sequence: [3, 12, 15, 1, 11, 18, 17, 2, 16, 10, 13, 6, 19, 9, 14, 4, 5, 7, 8]
Learning Rate: 1e-05
Epsilon: 0.1
Gamma: 0.99
Reward Version: v2.1
if_EWM: False
