Run 1:
Best OCplx: 2.5223139790788873
Best Sequence: [11, 5, 4, 8, 15, 12, 23, 3, 14, 6, 9, 16, 19, 10, 21, 24, 1, 22, 20, 18, 13, 2, 25, 17, 7]
Run 2:
Best OCplx: 2.4528364545045007
Best Sequence: [15, 8, 5, 9, 12, 3, 23, 14, 4, 6, 16, 21, 22, 10, 17, 19, 20, 13, 24, 1, 2, 7, 18, 25, 11]
Run 3:
Best OCplx: 2.568238111650768
Best Sequence: [14, 3, 6, 5, 15, 8, 9, 23, 4, 12, 16, 11, 10, 17, 19, 1, 20, 22, 21, 7, 2, 18, 13, 25, 24]
Run 4:
Best OCplx: 2.3988343986247505
Best Sequence: [12, 5, 3, 8, 4, 14, 15, 9, 6, 23, 11, 16, 10, 22, 1, 19, 21, 24, 20, 18, 13, 2, 25, 17, 7]
Run 5:
Best OCplx: 2.4462270305920244
Best Sequence: [4, 3, 12, 9, 14, 8, 23, 5, 15, 6, 11, 16, 7, 19, 20, 1, 21, 22, 10, 2, 17, 24, 18, 13, 25]
Run 6:
Best OCplx: 2.6271010438666815
Best Sequence: [15, 12, 3, 14, 5, 23, 9, 8, 4, 6, 11, 16, 10, 17, 7, 19, 1, 24, 22, 20, 18, 13, 21, 2, 25]
Run 7:
Best OCplx: 2.363994071046573
Best Sequence: [15, 4, 5, 9, 12, 23, 3, 8, 6, 14, 16, 22, 10, 1, 7, 24, 20, 21, 17, 18, 2, 13, 11, 25, 19]
Run 8:
Best OCplx: 2.5899620701302903
Best Sequence: [8, 9, 15, 3, 4, 5, 12, 14, 23, 6, 16, 1, 19, 22, 21, 11, 2, 17, 10, 20, 13, 24, 18, 25, 7]
Run 9:
Best OCplx: 2.2391651254535945
Best Sequence: [4, 12, 3, 5, 23, 9, 6, 15, 8, 14, 11, 16, 7, 19, 17, 1, 22, 10, 24, 20, 21, 18, 13, 2, 25]
Run 10:
Best OCplx: 2.4462270305920244
Best Sequence: [3, 23, 15, 5, 8, 4, 14, 9, 12, 6, 11, 16, 17, 19, 7, 10, 1, 20, 21, 22, 2, 24, 18, 25, 13]
Run 11:
Best OCplx: 2.3004836871790024
Best Sequence: [9, 15, 8, 14, 23, 5, 12, 3, 4, 6, 16, 1, 11, 10, 19, 22, 21, 20, 13, 24, 7, 18, 2, 17, 25]
Run 12:
Best OCplx: 2.660169028098614
Best Sequence: [4, 23, 14, 15, 12, 5, 9, 8, 3, 6, 11, 16, 10, 1, 22, 19, 7, 20, 21, 13, 2, 17, 18, 25, 24]
Run 13:
Best OCplx: 2.3988343986247505
Best Sequence: [12, 14, 15, 3, 23, 8, 5, 9, 6, 4, 11, 16, 19, 7, 21, 17, 10, 22, 24, 20, 18, 2, 1, 25, 13]
Run 14:
Best OCplx: 2.4720150403446497
Best Sequence: [3, 8, 14, 6, 12, 5, 23, 4, 15, 9, 11, 16, 7, 17, 19, 10, 24, 20, 1, 21, 18, 2, 13, 25, 22]
Run 15:
Best OCplx: 2.5992632926876786
Best Sequence: [12, 15, 3, 5, 9, 8, 14, 4, 23, 6, 16, 1, 2, 19, 7, 10, 22, 13, 20, 11, 21, 24, 17, 18, 25]
Run 16:
Best OCplx: 2.5107488136565888
Best Sequence: [3, 9, 15, 8, 23, 6, 4, 12, 5, 14, 16, 19, 20, 10, 1, 22, 11, 13, 17, 24, 7, 2, 25, 21, 18]
Run 17:
Best OCplx: 2.385046959422203
Best Sequence: [12, 5, 3, 14, 15, 9, 6, 23, 8, 4, 16, 11, 17, 10, 19, 7, 1, 22, 24, 20, 21, 13, 18, 2, 25]
Run 18:
Best OCplx: 2.2226620167483753
Best Sequence: [4, 12, 6, 15, 8, 9, 3, 14, 5, 23, 16, 1, 11, 7, 17, 19, 21, 20, 10, 2, 22, 24, 18, 13, 25]
Run 19:
Best OCplx: 2.4462270305920244
Best Sequence: [5, 23, 9, 3, 15, 8, 4, 14, 12, 6, 11, 16, 19, 20, 7, 22, 10, 21, 1, 17, 24, 18, 13, 2, 25]
Run 20:
Best OCplx: 2.32421594953328
Best Sequence: [11, 23, 5, 12, 9, 3, 15, 14, 6, 8, 4, 16, 7, 22, 1, 10, 19, 20, 17, 21, 24, 18, 13, 2, 25]
Run 21:
Best OCplx: 2.489709359286959
Best Sequence: [5, 6, 14, 12, 15, 9, 8, 4, 3, 23, 16, 1, 22, 11, 20, 21, 7, 2, 10, 25, 17, 19, 18, 13, 24]
Run 22:
Best OCplx: 2.5043968765853237
Best Sequence: [15, 5, 3, 16, 9, 2, 12, 10, 20, 1, 14, 8, 23, 25, 19, 6, 22, 4, 11, 21, 17, 7, 24, 13, 18]
Run 23:
Best OCplx: 2.6224505508273865
Best Sequence: [12, 15, 3, 8, 23, 4, 5, 14, 9, 6, 11, 16, 20, 7, 19, 10, 21, 22, 2, 1, 25, 13, 24, 17, 18]
Run 24:
Best OCplx: 2.525517200418044
Best Sequence: [4, 15, 12, 23, 14, 3, 5, 9, 6, 8, 11, 16, 19, 10, 20, 24, 22, 7, 1, 13, 21, 17, 2, 18, 25]
Run 25:
Best OCplx: 2.395509245074151
Best Sequence: [14, 12, 23, 9, 6, 5, 8, 3, 4, 15, 16, 1, 11, 17, 19, 22, 10, 7, 20, 24, 18, 21, 2, 25, 13]
Run 26:
Best OCplx: 2.2766129342691377
Best Sequence: [15, 12, 4, 5, 8, 3, 23, 9, 14, 6, 16, 17, 22, 1, 19, 11, 10, 21, 20, 2, 18, 25, 7, 24, 13]
Run 27:
Best OCplx: 2.53815794703987
Best Sequence: [14, 12, 23, 8, 15, 4, 9, 5, 3, 11, 6, 16, 10, 19, 22, 20, 1, 21, 24, 2, 17, 7, 13, 25, 18]
Run 28:
Best OCplx: 2.3573059914726366
Best Sequence: [12, 23, 3, 5, 16, 20, 2, 10, 19, 22, 21, 9, 7, 14, 6, 1, 4, 13, 18, 11, 25, 17, 8, 24, 15]
Run 29:
Best OCplx: 2.495885793254514
Best Sequence: [12, 5, 3, 6, 8, 9, 4, 15, 14, 23, 11, 16, 10, 17, 1, 19, 24, 7, 20, 13, 21, 18, 2, 22, 25]
Run 30:
Best OCplx: 2.154601853210394
Best Sequence: [9, 14, 12, 5, 8, 3, 15, 4, 23, 6, 16, 22, 1, 11, 10, 19, 21, 20, 2, 24, 17, 18, 13, 7, 25]
