Run 1:
Best OCplx: 0.4736855437717068
Best Sequence: [30, 21, 7, 36, 2, 20, 17, 38, 3, 27, 11, 15, 28, 10, 16, 32, 29, 24, 22, 34, 31, 8, 13, 26, 35, 33, 1, 14, 23, 39, 37, 18, 19, 9, 25, 6, 5, 12, 4]
Run 2:
Best OCplx: 0.4736855437717068
Best Sequence: [8, 3, 20, 11, 23, 30, 7, 36, 27, 10, 16, 1, 35, 22, 21, 29, 28, 9, 19, 13, 34, 39, 32, 15, 2, 33, 24, 17, 31, 37, 18, 38, 26, 25, 6, 14, 5, 4, 12]
Run 3:
Best OCplx: 0.5765374392170228
Best Sequence: [20, 36, 23, 19, 32, 11, 27, 22, 21, 13, 2, 34, 15, 29, 24, 30, 3, 1, 28, 10, 16, 31, 38, 7, 35, 33, 26, 8, 18, 39, 14, 17, 9, 37, 6, 25, 5, 12, 4]
Run 4:
Best OCplx: 0.4152702454213455
Best Sequence: [11, 14, 21, 23, 36, 7, 32, 17, 3, 1, 27, 10, 24, 34, 2, 22, 28, 9, 33, 20, 8, 30, 29, 38, 15, 31, 18, 35, 19, 25, 16, 37, 26, 6, 39, 13, 5, 12, 4]
Run 5:
Best OCplx: 0.529932674093364
Best Sequence: [20, 15, 38, 26, 17, 11, 36, 2, 27, 28, 35, 10, 7, 34, 3, 24, 9, 14, 30, 23, 39, 22, 29, 31, 32, 19, 16, 33, 21, 18, 8, 1, 25, 37, 13, 12, 5, 6, 4]
Run 6:
Best OCplx: 0.529932674093364
Best Sequence: [21, 2, 33, 24, 11, 36, 30, 27, 32, 23, 17, 1, 3, 7, 22, 20, 34, 10, 28, 31, 16, 29, 15, 9, 38, 35, 26, 18, 39, 19, 8, 13, 37, 14, 25, 6, 12, 5, 4]
Run 7:
Best OCplx: 0.46243611770737536
Best Sequence: [39, 16, 36, 26, 20, 22, 17, 23, 15, 11, 3, 29, 24, 21, 2, 28, 32, 27, 7, 18, 38, 10, 35, 31, 9, 34, 13, 8, 30, 25, 33, 37, 6, 19, 1, 12, 14, 5, 4]
Run 8:
Best OCplx: 0.5036585930696639
Best Sequence: [2, 16, 24, 3, 7, 39, 32, 11, 27, 20, 19, 15, 38, 10, 34, 36, 30, 21, 22, 29, 33, 17, 13, 28, 37, 14, 1, 18, 23, 9, 31, 8, 35, 6, 25, 26, 12, 5, 4]
Run 9:
Best OCplx: 0.5122550045637003
Best Sequence: [34, 20, 38, 36, 30, 27, 11, 33, 32, 24, 7, 1, 28, 15, 22, 17, 10, 21, 3, 39, 31, 9, 29, 8, 35, 23, 19, 18, 2, 37, 13, 6, 25, 26, 16, 12, 14, 5, 4]
Run 10:
Best OCplx: 0.4302949003807141
Best Sequence: [36, 26, 7, 38, 21, 28, 27, 30, 1, 11, 2, 24, 13, 10, 22, 35, 32, 9, 3, 33, 29, 31, 20, 19, 34, 17, 15, 8, 37, 18, 39, 23, 6, 12, 14, 5, 16, 25, 4]
Run 11:
Best OCplx: 0.49230746242454254
Best Sequence: [11, 36, 17, 7, 27, 21, 30, 38, 28, 39, 23, 1, 20, 24, 13, 15, 2, 10, 33, 35, 29, 32, 16, 34, 19, 3, 22, 25, 14, 26, 31, 37, 9, 18, 6, 8, 12, 5, 4]
Run 12:
Best OCplx: 0.529932674093364
Best Sequence: [23, 20, 16, 32, 30, 34, 15, 36, 11, 3, 17, 24, 33, 27, 10, 39, 21, 12, 38, 28, 22, 29, 31, 35, 7, 14, 19, 2, 26, 9, 1, 13, 18, 8, 37, 25, 6, 5, 4]
Run 13:
Best OCplx: 0.5186832480290325
Best Sequence: [17, 39, 34, 30, 32, 7, 21, 11, 24, 28, 27, 2, 20, 15, 36, 19, 22, 10, 35, 31, 3, 23, 29, 18, 13, 33, 38, 16, 26, 1, 9, 37, 8, 25, 14, 6, 12, 4, 5]
Run 14:
Best OCplx: 0.4833279089697052
Best Sequence: [34, 3, 16, 38, 26, 22, 20, 7, 24, 36, 11, 10, 29, 9, 2, 21, 15, 33, 32, 14, 31, 23, 13, 39, 30, 18, 1, 35, 8, 28, 27, 19, 25, 37, 6, 17, 12, 5, 4]
Run 15:
Best OCplx: 0.46565023944004147
Best Sequence: [1, 20, 17, 7, 16, 34, 3, 11, 23, 2, 10, 24, 32, 27, 38, 36, 22, 28, 15, 21, 9, 30, 13, 35, 33, 19, 18, 29, 31, 8, 37, 14, 25, 26, 39, 6, 12, 5, 4]
Run 16:
Best OCplx: 0.4913632133013705
Best Sequence: [8, 11, 36, 30, 20, 24, 15, 22, 39, 3, 10, 35, 16, 7, 21, 27, 28, 13, 32, 29, 9, 17, 38, 31, 14, 1, 34, 33, 23, 2, 18, 12, 26, 19, 37, 25, 6, 5, 4]
Run 17:
Best OCplx: 0.4833279089697052
Best Sequence: [20, 32, 11, 36, 27, 26, 10, 16, 39, 15, 21, 29, 3, 33, 7, 30, 31, 23, 24, 19, 9, 35, 22, 13, 38, 28, 34, 2, 1, 17, 8, 18, 14, 37, 25, 6, 5, 12, 4]
Run 18:
Best OCplx: 0.5154691262963664
Best Sequence: [21, 28, 7, 24, 36, 29, 19, 3, 16, 22, 27, 38, 20, 34, 39, 18, 17, 11, 15, 10, 31, 26, 14, 13, 30, 32, 25, 35, 33, 9, 2, 8, 23, 37, 1, 12, 6, 5, 4]
Run 19:
Best OCplx: 0.50677101022154
Best Sequence: [17, 1, 20, 32, 22, 36, 34, 3, 26, 24, 11, 15, 7, 19, 30, 23, 29, 27, 2, 10, 31, 9, 39, 25, 35, 21, 16, 28, 33, 18, 13, 14, 37, 8, 38, 6, 4, 5, 12]
Run 20:
Best OCplx: 0.5267185523606979
Best Sequence: [20, 27, 11, 24, 17, 10, 33, 38, 23, 36, 7, 35, 30, 29, 21, 26, 15, 32, 39, 8, 28, 18, 34, 12, 3, 31, 22, 19, 2, 37, 9, 16, 14, 13, 1, 25, 6, 5, 4]
Run 21:
Best OCplx: 0.5403543626074914
Best Sequence: [28, 36, 8, 7, 3, 17, 11, 21, 38, 23, 27, 32, 15, 34, 30, 10, 24, 20, 19, 13, 1, 22, 31, 35, 29, 39, 33, 2, 18, 12, 26, 9, 25, 16, 37, 6, 14, 5, 4]
Run 22:
Best OCplx: 0.529932674093364
Best Sequence: [30, 34, 11, 22, 29, 3, 36, 16, 13, 28, 26, 23, 27, 10, 33, 20, 24, 35, 39, 15, 21, 18, 7, 32, 17, 2, 14, 9, 1, 19, 8, 31, 38, 12, 37, 25, 6, 5, 4]
Run 23:
Best OCplx: 0.47368554377170674
Best Sequence: [17, 23, 27, 39, 7, 3, 11, 20, 8, 36, 16, 28, 10, 34, 30, 26, 21, 24, 9, 22, 33, 29, 35, 1, 32, 31, 19, 18, 37, 15, 25, 13, 6, 2, 14, 38, 4, 5, 12]
Run 24:
Best OCplx: 0.46830325401033657
Best Sequence: [27, 11, 3, 2, 36, 28, 21, 17, 24, 7, 10, 20, 31, 29, 38, 22, 35, 15, 30, 19, 34, 1, 9, 37, 18, 33, 39, 23, 32, 13, 25, 16, 26, 8, 6, 14, 5, 12, 4]
Run 25:
Best OCplx: 0.5154691262963664
Best Sequence: [17, 7, 13, 21, 20, 11, 24, 22, 32, 36, 3, 19, 38, 15, 30, 10, 14, 33, 35, 26, 2, 16, 29, 18, 27, 23, 1, 9, 31, 28, 34, 8, 25, 39, 37, 6, 12, 4, 5]
Run 26:
Best OCplx: 0.5267185523606979
Best Sequence: [38, 30, 23, 20, 15, 34, 11, 2, 36, 17, 27, 10, 14, 24, 31, 28, 35, 16, 8, 3, 7, 19, 18, 21, 32, 39, 13, 29, 9, 22, 33, 26, 1, 37, 25, 6, 5, 12, 4]
Run 27:
Best OCplx: 0.48332790896970523
Best Sequence: [28, 1, 36, 3, 26, 17, 16, 30, 39, 11, 20, 10, 31, 7, 24, 27, 34, 32, 19, 22, 21, 9, 29, 38, 33, 2, 15, 35, 8, 18, 37, 6, 13, 25, 23, 14, 5, 12, 4]
Run 28:
Best OCplx: 0.4833279089697052
Best Sequence: [21, 36, 11, 1, 23, 17, 2, 10, 20, 29, 32, 3, 31, 15, 24, 13, 38, 30, 34, 7, 28, 39, 35, 19, 33, 22, 16, 9, 18, 26, 25, 27, 37, 8, 6, 5, 12, 14, 4]
Run 29:
Best OCplx: 0.48493496983603823
Best Sequence: [20, 36, 38, 13, 8, 3, 21, 7, 30, 16, 11, 27, 23, 22, 24, 32, 34, 15, 14, 1, 2, 17, 29, 10, 9, 18, 31, 33, 35, 28, 26, 19, 37, 6, 39, 5, 25, 12, 4]
Run 30:
Best OCplx: 0.48011378723703907
Best Sequence: [17, 3, 23, 36, 11, 27, 29, 32, 24, 7, 1, 10, 33, 19, 22, 34, 21, 35, 16, 31, 39, 9, 20, 30, 18, 38, 8, 28, 2, 13, 15, 37, 6, 26, 25, 5, 12, 14, 4]
