Run 1:
Best OCplx: 0.6070733704910708
Best Sequence: [2, 32, 21, 28, 39, 20, 16, 26, 1, 36, 3, 17, 7, 11, 24, 15, 38, 13, 29, 23, 27, 19, 14, 34, 10, 35, 30, 9, 5, 6, 22, 37, 18, 31, 33, 25, 4, 8, 12]
Run 2:
Best OCplx: 0.8067329597238754
Best Sequence: [2, 21, 1, 17, 12, 20, 16, 11, 36, 34, 3, 23, 22, 38, 24, 28, 39, 29, 26, 19, 33, 7, 35, 30, 13, 14, 27, 15, 31, 18, 10, 5, 32, 25, 37, 8, 9, 6, 4]
Run 3:
Best OCplx: 0.7009007084841359
Best Sequence: [38, 23, 30, 26, 20, 39, 32, 17, 16, 36, 3, 28, 24, 34, 21, 7, 22, 15, 29, 27, 18, 14, 37, 11, 31, 12, 35, 10, 9, 6, 8, 13, 19, 25, 2, 5, 33, 1, 4]
Run 4:
Best OCplx: 0.6935886875940973
Best Sequence: [28, 23, 30, 24, 22, 36, 21, 2, 14, 18, 3, 15, 13, 38, 20, 17, 1, 39, 7, 11, 27, 19, 12, 10, 33, 35, 9, 29, 6, 32, 5, 37, 34, 8, 4, 16, 26, 25, 31]
Run 5:
Best OCplx: 0.6466594122010946
Best Sequence: [1, 39, 7, 2, 11, 22, 3, 36, 24, 10, 28, 8, 29, 15, 5, 34, 21, 9, 32, 35, 20, 19, 38, 33, 31, 30, 14, 18, 23, 26, 12, 25, 27, 6, 37, 4, 17, 16, 13]
Run 6:
Best OCplx: 0.5246880897428626
Best Sequence: [2, 34, 36, 23, 30, 21, 11, 3, 17, 1, 16, 22, 20, 7, 15, 29, 8, 28, 38, 27, 39, 10, 9, 14, 33, 24, 18, 31, 12, 25, 32, 6, 37, 26, 13, 5, 4, 35, 19]
Run 7:
Best OCplx: 0.7708163860901808
Best Sequence: [28, 31, 34, 24, 13, 22, 23, 15, 21, 11, 32, 16, 39, 3, 36, 2, 38, 17, 1, 19, 29, 7, 20, 27, 37, 10, 35, 14, 9, 6, 12, 33, 4, 5, 30, 26, 8, 18, 25]
Run 8:
Best OCplx: 0.5904872765820596
Best Sequence: [24, 21, 3, 36, 39, 20, 17, 11, 38, 7, 13, 19, 1, 34, 32, 22, 28, 29, 14, 23, 15, 26, 2, 27, 16, 18, 25, 10, 35, 5, 30, 33, 12, 37, 9, 8, 31, 6, 4]
Run 9:
Best OCplx: 0.4852137597271382
Best Sequence: [17, 39, 27, 2, 20, 24, 15, 1, 21, 13, 19, 7, 16, 28, 23, 11, 36, 30, 38, 34, 10, 22, 18, 29, 9, 31, 3, 26, 8, 6, 5, 25, 33, 14, 35, 12, 4, 37, 32]
Run 10:
Best OCplx: 0.7053322513587379
Best Sequence: [16, 7, 17, 2, 21, 11, 28, 36, 23, 3, 8, 19, 29, 1, 38, 39, 15, 27, 10, 25, 24, 26, 22, 20, 12, 18, 34, 13, 32, 30, 9, 6, 35, 14, 33, 31, 5, 4, 37]
Run 11:
Best OCplx: 0.7935658193266536
Best Sequence: [38, 5, 34, 20, 15, 16, 28, 36, 1, 24, 30, 22, 21, 26, 17, 3, 7, 11, 29, 19, 35, 8, 2, 39, 13, 23, 31, 10, 32, 14, 18, 27, 33, 37, 12, 25, 9, 6, 4]
Run 12:
Best OCplx: 0.7403750384998603
Best Sequence: [36, 2, 3, 22, 20, 26, 23, 7, 11, 34, 32, 13, 28, 1, 29, 14, 17, 15, 18, 24, 19, 8, 30, 16, 38, 21, 33, 12, 35, 27, 37, 39, 10, 9, 31, 6, 25, 4, 5]
Run 13:
Best OCplx: 0.653151349224281
Best Sequence: [29, 21, 16, 1, 38, 2, 17, 24, 23, 20, 15, 11, 36, 19, 28, 30, 26, 31, 14, 34, 3, 25, 7, 39, 32, 33, 27, 10, 12, 35, 13, 22, 9, 18, 37, 6, 4, 8, 5]
Run 14:
Best OCplx: 0.6688636566407198
Best Sequence: [13, 30, 3, 26, 38, 14, 1, 21, 20, 23, 24, 11, 16, 36, 28, 17, 39, 2, 27, 15, 22, 7, 12, 34, 8, 10, 18, 32, 19, 5, 35, 33, 31, 9, 25, 37, 29, 6, 4]
Run 15:
Best OCplx: 0.6786964640445105
Best Sequence: [36, 5, 29, 21, 16, 34, 7, 27, 1, 15, 28, 2, 11, 22, 39, 3, 23, 17, 24, 32, 19, 35, 26, 14, 12, 18, 30, 38, 10, 20, 9, 13, 31, 8, 25, 33, 37, 6, 4]
Run 16:
Best OCplx: 0.8034121723184148
Best Sequence: [3, 24, 38, 17, 7, 15, 13, 31, 36, 23, 2, 28, 34, 20, 16, 26, 21, 14, 11, 39, 1, 27, 19, 22, 12, 18, 5, 29, 32, 30, 35, 10, 8, 33, 9, 37, 25, 6, 4]
Run 17:
Best OCplx: 0.5773336817728083
Best Sequence: [20, 39, 22, 11, 2, 36, 15, 21, 3, 27, 10, 23, 12, 5, 17, 14, 33, 7, 29, 13, 34, 28, 24, 37, 9, 18, 35, 32, 19, 25, 1, 31, 30, 26, 38, 6, 4, 8, 16]
Run 18:
Best OCplx: 0.6378256485721457
Best Sequence: [3, 27, 16, 21, 11, 36, 38, 17, 28, 30, 23, 2, 15, 7, 35, 22, 14, 20, 1, 34, 29, 10, 9, 26, 19, 13, 32, 6, 39, 24, 31, 25, 33, 37, 8, 4, 5, 12, 18]
Run 19:
Best OCplx: 0.5979110091663976
Best Sequence: [8, 2, 7, 21, 1, 36, 11, 10, 22, 38, 16, 20, 34, 15, 3, 29, 28, 35, 13, 23, 30, 32, 26, 31, 24, 14, 39, 17, 5, 19, 18, 33, 27, 37, 9, 12, 6, 25, 4]
Run 20:
Best OCplx: 0.7483887182619569
Best Sequence: [39, 17, 1, 13, 22, 7, 11, 36, 20, 34, 14, 2, 26, 29, 16, 23, 21, 32, 31, 24, 27, 12, 38, 8, 15, 10, 9, 28, 6, 35, 37, 19, 5, 18, 4, 30, 3, 33, 25]
Run 21:
Best OCplx: 0.5870412318943293
Best Sequence: [24, 38, 11, 20, 7, 36, 13, 10, 21, 5, 23, 15, 22, 26, 16, 3, 14, 34, 19, 29, 30, 33, 1, 39, 28, 12, 18, 35, 31, 25, 2, 32, 27, 9, 8, 37, 17, 6, 4]
Run 22:
Best OCplx: 0.7112654539971062
Best Sequence: [24, 36, 35, 3, 7, 30, 22, 21, 16, 11, 23, 28, 27, 10, 33, 9, 14, 19, 20, 39, 17, 29, 25, 38, 12, 34, 18, 31, 6, 26, 37, 1, 15, 32, 8, 13, 4, 5, 2]
Run 23:
Best OCplx: 0.7021611017410119
Best Sequence: [24, 16, 21, 23, 3, 38, 30, 39, 17, 11, 27, 26, 36, 14, 33, 15, 13, 10, 22, 7, 32, 9, 31, 6, 4, 18, 20, 29, 35, 1, 8, 12, 2, 25, 28, 34, 19, 5, 37]
Run 24:
Best OCplx: 0.6865848865243372
Best Sequence: [7, 34, 23, 13, 17, 30, 20, 16, 36, 1, 11, 3, 28, 35, 18, 27, 32, 21, 10, 22, 24, 29, 15, 2, 14, 5, 12, 38, 31, 39, 26, 33, 9, 19, 8, 25, 37, 6, 4]
Run 25:
Best OCplx: 0.5867934280002658
Best Sequence: [38, 36, 11, 23, 7, 20, 21, 16, 28, 29, 22, 24, 8, 2, 27, 39, 10, 15, 9, 17, 19, 26, 31, 6, 33, 12, 25, 5, 1, 34, 35, 13, 30, 18, 37, 4, 3, 32, 14]
Run 26:
Best OCplx: 0.7232166646180604
Best Sequence: [22, 26, 20, 19, 36, 11, 3, 39, 17, 13, 28, 38, 7, 32, 18, 34, 21, 12, 8, 16, 15, 23, 24, 25, 27, 10, 29, 14, 9, 6, 4, 37, 1, 33, 2, 5, 31, 35, 30]
Run 27:
Best OCplx: 0.6811971675831189
Best Sequence: [3, 21, 38, 1, 23, 11, 13, 20, 16, 2, 12, 36, 39, 30, 7, 35, 22, 32, 27, 15, 14, 29, 10, 26, 17, 24, 34, 37, 25, 9, 18, 6, 8, 4, 19, 33, 31, 5, 28]
Run 28:
Best OCplx: 0.617943147763139
Best Sequence: [21, 19, 36, 23, 30, 2, 38, 22, 16, 11, 1, 20, 39, 24, 34, 15, 32, 29, 7, 14, 3, 12, 26, 27, 35, 17, 28, 10, 9, 6, 37, 31, 33, 18, 5, 8, 4, 13, 25]
Run 29:
Best OCplx: 0.5138183124707945
Best Sequence: [11, 30, 38, 16, 13, 7, 23, 21, 36, 20, 3, 22, 28, 32, 29, 39, 15, 1, 34, 2, 17, 27, 24, 19, 18, 26, 10, 33, 9, 8, 35, 37, 14, 6, 25, 4, 31, 5, 12]
Run 30:
Best OCplx: 0.5614180339429146
Best Sequence: [36, 21, 17, 1, 28, 26, 24, 32, 3, 15, 13, 14, 38, 29, 19, 23, 7, 11, 30, 27, 10, 9, 6, 22, 33, 31, 12, 35, 34, 18, 25, 4, 8, 5, 2, 16, 37, 20, 39]
