Run 1:
Best OCplx: 0.8354668913668009
Best Sequence: [39, 11, 7, 10, 21, 3, 15, 26, 17, 2, 18, 25, 34, 1, 24, 20, 12, 22, 30, 36, 13, 16, 27, 28, 9, 35, 23, 6, 37, 19, 38, 4, 29, 5, 33, 32, 14, 8, 31]
Run 2:
Best OCplx: 0.7744386800154249
Best Sequence: [27, 28, 22, 11, 29, 20, 10, 9, 16, 34, 24, 21, 12, 23, 36, 1, 26, 38, 17, 15, 14, 6, 13, 4, 35, 8, 25, 5, 39, 32, 30, 2, 31, 7, 37, 33, 18, 3, 19]
Run 3:
Best OCplx: 0.9071680680514257
Best Sequence: [11, 30, 10, 13, 21, 39, 17, 36, 8, 19, 9, 35, 5, 28, 34, 20, 12, 14, 3, 26, 27, 33, 7, 15, 6, 31, 1, 29, 22, 4, 23, 24, 16, 32, 25, 37, 2, 38, 18]
Run 4:
Best OCplx: 0.7622304263552957
Best Sequence: [16, 28, 11, 10, 14, 38, 34, 15, 17, 33, 7, 27, 9, 36, 32, 26, 21, 23, 18, 20, 12, 30, 6, 31, 24, 29, 3, 4, 1, 8, 19, 13, 35, 2, 39, 5, 25, 37, 22]
Run 5:
Best OCplx: 0.7992956815515672
Best Sequence: [20, 21, 24, 22, 7, 12, 38, 39, 27, 30, 34, 31, 13, 17, 35, 19, 8, 11, 10, 33, 26, 15, 1, 36, 29, 9, 6, 2, 16, 5, 4, 14, 37, 32, 3, 18, 28, 25, 23]
Run 6:
Best OCplx: 0.8141608139252131
Best Sequence: [7, 11, 23, 35, 10, 9, 1, 21, 32, 27, 20, 6, 39, 13, 29, 15, 17, 18, 34, 38, 25, 5, 2, 24, 12, 33, 31, 3, 22, 16, 30, 28, 8, 14, 26, 37, 36, 19, 4]
Run 7:
Best OCplx: 0.8542115455307253
Best Sequence: [36, 27, 17, 34, 5, 10, 13, 11, 24, 22, 26, 29, 20, 32, 38, 16, 9, 15, 7, 2, 39, 33, 21, 14, 31, 12, 30, 23, 3, 1, 18, 28, 6, 19, 37, 4, 35, 25, 8]
Run 8:
Best OCplx: 0.9017131008965168
Best Sequence: [29, 11, 36, 34, 20, 5, 24, 30, 15, 27, 38, 1, 39, 18, 13, 25, 2, 37, 16, 33, 23, 21, 3, 10, 17, 31, 22, 19, 26, 32, 7, 9, 6, 28, 12, 14, 8, 35, 4]
Run 9:
Best OCplx: 0.8496439104563592
Best Sequence: [17, 18, 11, 7, 24, 1, 20, 5, 16, 15, 2, 27, 30, 33, 38, 26, 21, 12, 36, 10, 34, 31, 14, 25, 22, 23, 35, 9, 8, 19, 39, 13, 37, 28, 3, 6, 29, 4, 32]
Run 10:
Best OCplx: 0.8021694462665088
Best Sequence: [1, 5, 11, 32, 35, 27, 14, 20, 16, 21, 30, 15, 36, 7, 10, 9, 24, 22, 6, 34, 31, 37, 38, 12, 33, 3, 8, 19, 4, 17, 2, 26, 13, 23, 18, 25, 29, 39, 28]
Run 11:
Best OCplx: 0.8101831260286053
Best Sequence: [11, 39, 20, 14, 7, 26, 32, 28, 10, 23, 2, 27, 9, 8, 31, 3, 35, 37, 30, 36, 24, 22, 21, 13, 34, 17, 38, 33, 19, 18, 29, 16, 6, 15, 4, 5, 1, 12, 25]
Run 12:
Best OCplx: 0.7277842996924269
Best Sequence: [11, 17, 21, 1, 35, 14, 7, 36, 20, 10, 32, 9, 27, 22, 23, 18, 19, 30, 13, 33, 15, 6, 28, 2, 29, 24, 12, 8, 5, 31, 25, 34, 16, 37, 3, 39, 26, 38, 4]
Run 13:
Best OCplx: 0.7043196619959253
Best Sequence: [20, 34, 17, 24, 36, 8, 16, 11, 10, 27, 21, 9, 32, 13, 29, 7, 6, 33, 22, 35, 19, 28, 30, 1, 18, 26, 5, 15, 4, 14, 3, 2, 23, 38, 25, 31, 39, 12, 37]
Run 14:
Best OCplx: 0.685449750549731
Best Sequence: [11, 13, 36, 2, 38, 27, 10, 31, 14, 26, 20, 17, 35, 8, 9, 24, 34, 33, 32, 22, 15, 6, 4, 30, 29, 21, 12, 28, 1, 5, 39, 3, 19, 37, 18, 16, 23, 7, 25]
Run 15:
Best OCplx: 0.747941695571438
Best Sequence: [30, 11, 14, 36, 15, 18, 22, 27, 10, 7, 26, 39, 23, 21, 17, 35, 9, 6, 3, 34, 24, 31, 28, 38, 5, 12, 37, 29, 32, 33, 19, 25, 13, 8, 2, 4, 20, 1, 16]
Run 16:
Best OCplx: 0.9000997294384511
Best Sequence: [31, 8, 36, 23, 29, 22, 24, 21, 3, 17, 34, 2, 15, 19, 11, 18, 10, 25, 33, 14, 1, 9, 35, 12, 27, 20, 26, 32, 39, 30, 16, 6, 7, 4, 37, 5, 28, 38, 13]
Run 17:
Best OCplx: 0.7024761538487662
Best Sequence: [17, 38, 15, 19, 20, 11, 16, 27, 7, 10, 36, 23, 25, 31, 3, 14, 9, 29, 33, 2, 39, 8, 6, 4, 35, 34, 28, 18, 32, 37, 1, 22, 30, 21, 12, 26, 13, 5, 24]
Run 18:
Best OCplx: 0.8399228147468679
Best Sequence: [11, 17, 23, 10, 16, 20, 13, 3, 1, 2, 27, 5, 21, 7, 34, 15, 9, 18, 19, 26, 8, 24, 28, 6, 35, 36, 33, 4, 14, 37, 32, 30, 25, 29, 38, 12, 22, 39, 31]
Run 19:
Best OCplx: 0.8696760490531008
Best Sequence: [14, 30, 24, 21, 20, 11, 26, 16, 32, 36, 23, 1, 22, 38, 3, 19, 10, 39, 35, 8, 9, 29, 12, 27, 33, 18, 37, 17, 15, 7, 2, 28, 6, 13, 31, 5, 25, 4, 34]
Run 20:
Best OCplx: 0.6991797469487706
Best Sequence: [19, 14, 17, 27, 5, 16, 21, 2, 22, 11, 10, 28, 1, 7, 20, 30, 3, 33, 35, 15, 18, 39, 12, 9, 36, 34, 24, 32, 29, 26, 23, 6, 38, 31, 37, 13, 25, 8, 4]
Run 21:
Best OCplx: 0.937741386224511
Best Sequence: [14, 39, 20, 29, 27, 19, 31, 8, 36, 15, 35, 18, 28, 21, 11, 1, 23, 16, 13, 22, 7, 25, 30, 10, 38, 24, 5, 33, 2, 3, 32, 9, 12, 17, 34, 37, 6, 26, 4]
Run 22:
Best OCplx: 0.7867857365457946
Best Sequence: [20, 34, 39, 36, 22, 7, 21, 32, 16, 11, 38, 29, 10, 9, 17, 24, 30, 14, 19, 25, 27, 31, 8, 6, 1, 2, 35, 15, 18, 13, 37, 28, 3, 12, 4, 33, 5, 26, 23]
Run 23:
Best OCplx: 0.8038768622139038
Best Sequence: [11, 31, 8, 39, 29, 20, 7, 36, 2, 27, 19, 21, 17, 10, 1, 26, 24, 3, 33, 28, 23, 15, 9, 16, 22, 6, 18, 32, 5, 37, 25, 34, 35, 30, 38, 4, 12, 14, 13]
Run 24:
Best OCplx: 1.002832200891155
Best Sequence: [32, 29, 21, 39, 27, 12, 36, 30, 15, 14, 3, 11, 5, 13, 19, 1, 10, 26, 23, 9, 28, 2, 16, 33, 24, 37, 6, 34, 38, 25, 4, 20, 17, 18, 35, 31, 22, 8, 7]
Run 25:
Best OCplx: 0.7357979794545232
Best Sequence: [30, 7, 11, 32, 39, 2, 22, 10, 35, 5, 20, 23, 1, 15, 3, 24, 38, 14, 18, 27, 21, 29, 17, 19, 9, 13, 31, 25, 6, 8, 37, 36, 12, 26, 16, 28, 4, 33, 34]
Run 26:
Best OCplx: 0.7089008426582618
Best Sequence: [21, 20, 11, 36, 16, 12, 23, 24, 35, 15, 18, 10, 27, 26, 9, 31, 3, 29, 13, 34, 6, 33, 22, 17, 38, 7, 5, 30, 19, 25, 28, 37, 32, 14, 2, 1, 4, 8, 39]
Run 27:
Best OCplx: 0.779920738346275
Best Sequence: [14, 38, 24, 27, 39, 34, 21, 22, 2, 16, 1, 7, 8, 11, 10, 13, 20, 36, 25, 23, 35, 32, 33, 28, 15, 29, 37, 17, 18, 3, 31, 9, 6, 19, 12, 26, 4, 30, 5]
Run 28:
Best OCplx: 0.9194302091631347
Best Sequence: [7, 13, 26, 8, 16, 36, 32, 29, 12, 1, 24, 38, 28, 2, 11, 27, 10, 20, 30, 15, 14, 19, 35, 5, 3, 34, 31, 23, 21, 9, 17, 37, 33, 22, 18, 39, 25, 6, 4]
Run 29:
Best OCplx: 0.602617447111004
Best Sequence: [1, 38, 11, 36, 27, 29, 7, 22, 10, 16, 30, 32, 9, 15, 20, 14, 26, 31, 34, 35, 21, 37, 8, 24, 28, 18, 3, 19, 2, 17, 33, 39, 6, 5, 4, 23, 25, 13, 12]
Run 30:
Best OCplx: 0.8130256779506065
Best Sequence: [28, 11, 30, 3, 27, 32, 10, 29, 33, 39, 31, 20, 21, 14, 26, 19, 8, 23, 22, 36, 15, 18, 7, 9, 25, 35, 13, 2, 16, 5, 38, 24, 34, 17, 37, 12, 6, 4, 1]
