Run 1:
Best OCplx: 0.6863163478626146
Best Sequence: [7, 11, 3, 10, 36, 1, 19, 15, 27, 38, 22, 35, 14, 17, 24, 33, 2, 28, 23, 9, 29, 39, 31, 34, 6, 26, 5, 13, 8, 18, 20, 30, 16, 21, 37, 25, 32, 12, 4]
Run 2:
Best OCplx: 0.7765923099584516
Best Sequence: [24, 26, 15, 5, 30, 28, 18, 1, 11, 21, 10, 34, 29, 13, 39, 14, 36, 38, 12, 22, 27, 33, 7, 17, 9, 19, 16, 35, 32, 20, 31, 6, 23, 3, 37, 2, 25, 4, 8]
Run 3:
Best OCplx: 0.7918835953056528
Best Sequence: [5, 30, 11, 39, 19, 20, 10, 24, 27, 2, 34, 3, 32, 22, 35, 17, 15, 29, 18, 14, 7, 16, 36, 1, 21, 13, 12, 31, 8, 25, 9, 28, 6, 26, 38, 33, 23, 4, 37]
Run 4:
Best OCplx: 0.7536972764744606
Best Sequence: [11, 38, 24, 39, 20, 15, 25, 14, 21, 12, 33, 26, 10, 23, 16, 36, 18, 35, 7, 27, 30, 17, 9, 32, 6, 5, 22, 8, 4, 19, 28, 31, 13, 2, 37, 34, 29, 1, 3]
Run 5:
Best OCplx: 0.7099234911226667
Best Sequence: [38, 2, 7, 11, 27, 3, 13, 17, 20, 34, 28, 19, 24, 21, 10, 32, 12, 1, 18, 9, 23, 6, 15, 5, 31, 33, 25, 30, 26, 8, 35, 4, 16, 14, 29, 39, 22, 36, 37]
Run 6:
Best OCplx: 0.7251663622357936
Best Sequence: [13, 2, 27, 36, 18, 17, 29, 15, 24, 23, 39, 20, 7, 11, 10, 21, 32, 38, 33, 19, 30, 8, 3, 31, 1, 25, 12, 35, 9, 28, 34, 6, 26, 22, 5, 37, 14, 4, 16]
Run 7:
Best OCplx: 0.6962392666417985
Best Sequence: [36, 32, 27, 8, 28, 11, 34, 15, 7, 21, 10, 5, 29, 30, 12, 9, 1, 26, 33, 3, 38, 35, 16, 19, 2, 24, 18, 17, 31, 13, 37, 20, 22, 25, 23, 14, 6, 39, 4]
Run 8:
Best OCplx: 0.7012253750478405
Best Sequence: [22, 13, 11, 28, 5, 38, 7, 27, 21, 19, 32, 2, 17, 10, 16, 20, 39, 24, 9, 36, 26, 31, 3, 6, 29, 35, 4, 33, 30, 12, 15, 14, 8, 25, 18, 1, 34, 37, 23]
Run 9:
Best OCplx: 0.7505848593225845
Best Sequence: [18, 11, 26, 22, 27, 17, 28, 10, 34, 20, 33, 36, 7, 3, 32, 21, 37, 2, 24, 15, 31, 23, 30, 29, 9, 8, 39, 6, 5, 16, 14, 35, 1, 38, 4, 13, 19, 12, 25]
Run 10:
Best OCplx: 0.7504831547417945
Best Sequence: [20, 7, 24, 14, 36, 31, 27, 16, 11, 26, 18, 29, 10, 19, 22, 32, 38, 21, 28, 2, 9, 13, 6, 5, 34, 35, 25, 4, 8, 30, 39, 33, 23, 17, 37, 12, 1, 15, 3]
Run 11:
Best OCplx: 0.7275388232249032
Best Sequence: [14, 24, 11, 19, 21, 29, 17, 36, 34, 1, 27, 10, 5, 30, 15, 16, 7, 9, 31, 3, 22, 39, 20, 23, 2, 38, 32, 6, 12, 35, 18, 13, 8, 26, 28, 25, 37, 33, 4]
Run 12:
Best OCplx: 0.7735431140328282
Best Sequence: [28, 21, 26, 20, 27, 39, 38, 36, 15, 31, 17, 25, 16, 11, 29, 10, 32, 12, 33, 8, 3, 2, 24, 13, 19, 7, 1, 34, 14, 18, 22, 30, 23, 9, 35, 6, 37, 5, 4]
Run 13:
Best OCplx: 0.7677776823106571
Best Sequence: [39, 33, 22, 2, 34, 30, 7, 28, 27, 35, 20, 1, 26, 13, 24, 11, 23, 17, 10, 15, 29, 18, 32, 38, 9, 36, 8, 6, 19, 16, 14, 21, 12, 25, 3, 4, 31, 37, 5]
Run 14:
Best OCplx: 0.8162077244544069
Best Sequence: [11, 36, 29, 27, 26, 10, 13, 15, 8, 17, 18, 5, 23, 22, 33, 39, 34, 16, 14, 20, 24, 21, 35, 31, 28, 7, 38, 9, 37, 6, 19, 3, 30, 32, 2, 1, 12, 25, 4]
Run 15:
Best OCplx: 0.7441705390506047
Best Sequence: [33, 17, 11, 24, 16, 36, 30, 32, 23, 7, 2, 22, 3, 34, 26, 13, 15, 39, 38, 20, 28, 10, 27, 21, 1, 12, 29, 18, 19, 8, 9, 25, 31, 6, 37, 5, 4, 35, 14]
Run 16:
Best OCplx: 0.7333665923745019
Best Sequence: [17, 33, 20, 30, 38, 7, 1, 11, 22, 15, 24, 34, 10, 27, 21, 9, 29, 3, 8, 32, 39, 36, 25, 26, 35, 18, 28, 31, 14, 19, 37, 6, 16, 2, 12, 13, 5, 23, 4]
Run 17:
Best OCplx: 0.7605077781017683
Best Sequence: [21, 26, 13, 2, 11, 32, 10, 27, 7, 24, 8, 35, 1, 31, 36, 19, 20, 34, 17, 22, 23, 9, 18, 30, 37, 28, 33, 12, 6, 29, 39, 4, 15, 16, 5, 38, 14, 3, 25]
Run 18:
Best OCplx: 0.7601255199397929
Best Sequence: [17, 36, 19, 22, 38, 23, 11, 32, 20, 10, 29, 21, 33, 30, 28, 3, 1, 12, 15, 25, 13, 39, 31, 7, 37, 26, 16, 14, 18, 35, 9, 27, 6, 34, 8, 2, 5, 24, 4]
Run 19:
Best OCplx: 0.7582518286856268
Best Sequence: [1, 36, 16, 11, 24, 23, 21, 38, 39, 15, 14, 2, 7, 34, 20, 5, 29, 19, 8, 10, 30, 25, 26, 17, 35, 13, 32, 3, 12, 27, 31, 33, 28, 18, 37, 9, 22, 6, 4]
Run 20:
Best OCplx: 0.7183419374151331
Best Sequence: [14, 20, 24, 23, 36, 22, 3, 21, 19, 30, 7, 27, 33, 11, 28, 39, 10, 16, 13, 18, 25, 31, 2, 12, 9, 26, 29, 17, 1, 8, 5, 15, 34, 32, 6, 35, 38, 4, 37]
Run 21:
Best OCplx: 0.6839299636801524
Best Sequence: [24, 39, 32, 20, 17, 36, 16, 5, 34, 8, 15, 27, 30, 14, 18, 11, 22, 38, 1, 7, 10, 29, 26, 31, 3, 25, 35, 9, 19, 28, 2, 37, 13, 6, 21, 4, 23, 12, 33]
Run 22:
Best OCplx: 0.7310195753454024
Best Sequence: [19, 22, 21, 16, 27, 36, 11, 23, 34, 39, 33, 30, 20, 10, 29, 26, 28, 7, 13, 38, 12, 17, 37, 35, 9, 8, 3, 24, 6, 5, 14, 18, 31, 32, 4, 15, 25, 1, 2]
Run 23:
Best OCplx: 0.5453404710135334
Best Sequence: [24, 22, 11, 27, 20, 28, 17, 3, 34, 36, 39, 7, 30, 23, 21, 13, 10, 29, 15, 25, 2, 38, 12, 18, 9, 16, 14, 6, 35, 8, 33, 26, 32, 1, 19, 31, 4, 5, 37]
Run 24:
Best OCplx: 0.7858384938011219
Best Sequence: [24, 26, 20, 17, 38, 34, 22, 23, 27, 36, 29, 31, 15, 16, 5, 32, 1, 14, 30, 11, 7, 28, 2, 37, 21, 10, 25, 9, 8, 33, 39, 3, 6, 19, 13, 12, 4, 35, 18]
Run 25:
Best OCplx: 0.762395392549287
Best Sequence: [20, 38, 30, 22, 1, 26, 2, 15, 31, 14, 21, 23, 16, 24, 18, 11, 7, 19, 28, 10, 17, 36, 25, 9, 27, 35, 5, 3, 33, 39, 29, 13, 37, 6, 8, 12, 4, 34, 32]
Run 26:
Best OCplx: 0.8293308417729045
Best Sequence: [26, 22, 2, 30, 11, 5, 34, 38, 36, 3, 13, 20, 28, 27, 10, 15, 33, 17, 7, 1, 8, 39, 37, 31, 14, 21, 18, 25, 32, 12, 9, 29, 24, 23, 6, 19, 16, 4, 35]
Run 27:
Best OCplx: 0.7251524390424409
Best Sequence: [8, 36, 5, 1, 11, 10, 20, 30, 24, 16, 35, 28, 2, 3, 33, 26, 17, 22, 18, 19, 27, 32, 39, 38, 31, 7, 14, 34, 21, 37, 29, 9, 23, 6, 15, 25, 12, 13, 4]
Run 28:
Best OCplx: 0.7374478188107345
Best Sequence: [17, 23, 28, 20, 21, 12, 11, 38, 36, 7, 34, 3, 5, 13, 26, 27, 10, 32, 9, 2, 37, 29, 15, 22, 6, 16, 18, 33, 8, 35, 39, 1, 19, 14, 25, 30, 31, 24, 4]
Run 29:
Best OCplx: 0.7369629722691433
Best Sequence: [34, 20, 11, 15, 24, 38, 28, 13, 7, 16, 2, 3, 10, 21, 27, 29, 18, 12, 30, 31, 35, 19, 8, 32, 37, 9, 36, 22, 6, 14, 23, 1, 25, 33, 26, 5, 39, 4, 17]
Run 30:
Best OCplx: 0.6364974610062896
Best Sequence: [11, 24, 15, 20, 27, 19, 7, 38, 21, 29, 39, 10, 18, 1, 9, 26, 36, 13, 3, 28, 14, 23, 31, 17, 16, 22, 33, 32, 6, 25, 2, 34, 35, 4, 37, 8, 12, 5, 30]
