Run 1:
Best OCplx: 0.5143458777315392
Best Sequence: [9, 8, 6, 19, 14, 18, 23, 13, 12, 22, 16, 4, 11, 17, 1, 10, 5, 2, 7, 3, 15, 20, 21]
Run 2:
Best OCplx: 0.6497000560819443
Best Sequence: [8, 5, 9, 19, 12, 11, 1, 22, 6, 7, 23, 4, 2, 16, 20, 10, 17, 18, 14, 13, 3, 21, 15]
Run 3:
Best OCplx: 0.5143458777315392
Best Sequence: [12, 14, 7, 21, 1, 9, 16, 22, 8, 18, 6, 17, 13, 19, 5, 4, 11, 20, 2, 10, 3, 23, 15]
Run 4:
Best OCplx: 0.6226292204118632
Best Sequence: [11, 16, 14, 1, 19, 21, 10, 22, 18, 8, 12, 6, 17, 9, 7, 23, 4, 5, 3, 13, 15, 20, 2]
Run 5:
Best OCplx: 0.4487954910310764
Best Sequence: [23, 22, 19, 10, 7, 11, 21, 5, 12, 18, 13, 8, 16, 9, 1, 6, 4, 14, 17, 20, 2, 3, 15]
Run 6:
Best OCplx: 0.43313337072129615
Best Sequence: [5, 1, 8, 11, 16, 21, 12, 17, 9, 6, 4, 22, 7, 14, 2, 3, 23, 18, 10, 15, 13, 20, 19]
Run 7:
Best OCplx: 0.5841496693814815
Best Sequence: [8, 9, 1, 18, 16, 12, 21, 4, 23, 22, 10, 14, 7, 5, 2, 6, 3, 13, 17, 19, 15, 11, 20]
Run 8:
Best OCplx: 0.35192086371105313
Best Sequence: [5, 8, 6, 12, 13, 16, 9, 21, 1, 19, 17, 4, 18, 11, 2, 7, 22, 10, 3, 23, 15, 20, 14]
Run 9:
Best OCplx: 0.4790909010086377
Best Sequence: [5, 21, 17, 13, 11, 7, 9, 12, 23, 19, 10, 22, 6, 8, 20, 4, 16, 1, 2, 14, 3, 15, 18]
Run 10:
Best OCplx: 0.45252653851899194
Best Sequence: [12, 9, 1, 7, 11, 10, 4, 16, 5, 8, 17, 2, 18, 19, 21, 13, 3, 20, 15, 22, 23, 14, 6]
Run 11:
Best OCplx: 0.5143458777315392
Best Sequence: [13, 16, 8, 21, 1, 9, 6, 17, 7, 12, 22, 19, 11, 10, 5, 2, 14, 3, 4, 15, 23, 20, 18]
Run 12:
Best OCplx: 0.5570788337114004
Best Sequence: [10, 21, 9, 20, 22, 8, 12, 4, 5, 17, 6, 18, 1, 16, 2, 7, 14, 19, 13, 3, 15, 11, 23]
Run 13:
Best OCplx: 0.4979775956258983
Best Sequence: [21, 19, 8, 11, 10, 14, 6, 7, 13, 16, 12, 18, 5, 1, 17, 23, 4, 20, 22, 9, 2, 3, 15]
Run 14:
Best OCplx: 0.5414167134016202
Best Sequence: [12, 9, 7, 11, 13, 23, 19, 4, 16, 10, 5, 8, 17, 1, 14, 6, 22, 15, 18, 2, 20, 3, 21]
Run 15:
Best OCplx: 0.3248500280409721
Best Sequence: [11, 12, 8, 19, 16, 23, 7, 21, 10, 5, 18, 9, 4, 6, 17, 22, 20, 1, 2, 3, 13, 14, 15]
Run 16:
Best OCplx: 0.5061617366787187
Best Sequence: [6, 11, 9, 19, 12, 21, 7, 20, 18, 16, 23, 8, 10, 13, 1, 17, 4, 5, 2, 3, 14, 22, 15]
Run 17:
Best OCplx: 0.54889469265858
Best Sequence: [10, 18, 7, 5, 6, 9, 21, 20, 12, 17, 19, 23, 11, 4, 1, 2, 13, 8, 22, 16, 3, 15, 14]
Run 18:
Best OCplx: 0.35192086371105313
Best Sequence: [11, 8, 17, 21, 22, 1, 6, 18, 13, 10, 16, 9, 12, 5, 14, 4, 2, 3, 19, 20, 23, 7, 15]
Run 19:
Best OCplx: 0.45252653851899194
Best Sequence: [11, 13, 9, 10, 5, 22, 12, 7, 21, 1, 4, 23, 16, 8, 2, 19, 3, 17, 20, 6, 18, 14, 15]
Run 20:
Best OCplx: 0.3248500280409721
Best Sequence: [16, 11, 8, 6, 17, 9, 13, 10, 22, 5, 12, 4, 23, 21, 18, 14, 19, 20, 1, 2, 3, 15, 7]
Run 21:
Best OCplx: 0.5570788337114005
Best Sequence: [22, 21, 14, 12, 13, 8, 10, 17, 11, 19, 1, 9, 18, 6, 20, 4, 5, 7, 2, 16, 3, 23, 15]
Run 22:
Best OCplx: 0.43313337072129615
Best Sequence: [22, 12, 1, 8, 13, 5, 7, 6, 21, 9, 23, 17, 4, 2, 11, 18, 16, 14, 19, 3, 20, 15, 10]
Run 23:
Best OCplx: 0.5143458777315393
Best Sequence: [8, 13, 11, 10, 6, 17, 18, 12, 1, 21, 19, 23, 9, 5, 7, 4, 22, 16, 2, 15, 20, 14, 3]
Run 24:
Best OCplx: 0.521823856988499
Best Sequence: [19, 7, 17, 10, 6, 8, 16, 1, 22, 13, 21, 23, 18, 9, 5, 12, 4, 11, 14, 2, 3, 20, 15]
Run 25:
Best OCplx: 0.35192086371105313
Best Sequence: [22, 8, 1, 16, 11, 17, 9, 12, 4, 13, 20, 21, 19, 10, 5, 7, 14, 2, 6, 3, 23, 18, 15]
Run 26:
Best OCplx: 0.37899169938113414
Best Sequence: [5, 12, 9, 8, 6, 22, 1, 21, 19, 4, 13, 17, 11, 7, 18, 16, 2, 20, 10, 14, 3, 23, 15]
Run 27:
Best OCplx: 0.4520200653385567
Best Sequence: [6, 22, 18, 1, 7, 5, 21, 8, 12, 9, 16, 17, 19, 4, 23, 13, 14, 11, 10, 2, 3, 20, 15]
Run 28:
Best OCplx: 0.46020420639137716
Best Sequence: [21, 17, 1, 18, 12, 8, 16, 11, 6, 10, 22, 19, 7, 9, 5, 14, 13, 20, 4, 23, 2, 15, 3]
Run 29:
Best OCplx: 0.5168642902431588
Best Sequence: [17, 19, 1, 6, 8, 11, 20, 7, 21, 12, 16, 23, 4, 9, 13, 10, 5, 2, 3, 18, 15, 14, 22]
Run 30:
Best OCplx: 0.5414167134016202
Best Sequence: [8, 23, 11, 22, 12, 10, 9, 1, 17, 5, 7, 21, 18, 19, 20, 6, 16, 4, 13, 3, 14, 2, 15]
Learning Rate: 0.0001
Epsilon: 0.15
Gamma: 0.99
Target Update: 50
Memory Capacity: 20000
Batch Size: 128
if_EWM: True

