Run 1:
Best OCplx: 1.008819290981103
Best Sequence: [36, 39, 21, 15, 34, 3, 7, 8, 28, 14, 20, 18, 27, 38, 26, 37, 29, 11, 16, 33, 23, 31, 1, 24, 13, 10, 9, 30, 19, 2, 12, 22, 35, 32, 5, 6, 17, 4, 25]
Run 2:
Best OCplx: 0.7475550888071342
Best Sequence: [7, 22, 27, 36, 3, 20, 11, 30, 16, 19, 28, 31, 13, 29, 26, 39, 1, 32, 21, 38, 14, 15, 2, 10, 17, 24, 9, 23, 35, 25, 6, 5, 33, 18, 8, 12, 34, 37, 4]
Run 3:
Best OCplx: 0.7808525339074263
Best Sequence: [8, 28, 23, 11, 2, 34, 16, 30, 27, 3, 24, 10, 21, 36, 13, 29, 39, 26, 31, 17, 9, 7, 1, 35, 15, 22, 20, 33, 37, 6, 14, 5, 19, 4, 32, 25, 38, 12, 18]
Run 4:
Best OCplx: 0.8886132087129857
Best Sequence: [28, 34, 39, 3, 11, 30, 14, 19, 36, 32, 7, 27, 35, 21, 20, 22, 16, 12, 25, 10, 15, 9, 5, 6, 1, 29, 13, 23, 38, 26, 31, 37, 18, 2, 8, 17, 4, 24, 33]
Run 5:
Best OCplx: 1.1096878764112017
Best Sequence: [18, 30, 19, 25, 26, 27, 21, 12, 39, 38, 33, 11, 35, 7, 31, 10, 22, 20, 34, 24, 9, 1, 23, 13, 6, 2, 28, 8, 32, 16, 4, 29, 5, 14, 3, 17, 36, 15, 37]
Run 6:
Best OCplx: 0.9830572901594479
Best Sequence: [36, 27, 1, 35, 33, 11, 8, 26, 23, 7, 10, 18, 15, 24, 9, 28, 38, 13, 29, 5, 22, 2, 19, 31, 21, 34, 16, 6, 4, 37, 14, 17, 32, 30, 20, 12, 25, 39, 3]
Run 7:
Best OCplx: 1.0248331049173256
Best Sequence: [14, 11, 13, 18, 38, 7, 24, 1, 29, 19, 10, 21, 12, 22, 27, 34, 30, 33, 9, 6, 3, 15, 32, 39, 4, 8, 37, 36, 20, 16, 25, 23, 17, 2, 5, 26, 28, 31, 35]
Run 8:
Best OCplx: 0.7655512137607561
Best Sequence: [23, 14, 11, 13, 30, 36, 24, 5, 2, 27, 19, 10, 26, 18, 22, 31, 35, 7, 34, 16, 21, 20, 29, 17, 28, 3, 12, 37, 9, 32, 8, 15, 25, 6, 33, 39, 1, 4, 38]
Run 9:
Best OCplx: 0.8851807096132258
Best Sequence: [38, 23, 13, 39, 11, 22, 3, 1, 31, 10, 21, 19, 14, 27, 7, 36, 9, 6, 20, 34, 28, 35, 24, 12, 29, 25, 5, 30, 4, 16, 2, 32, 26, 18, 37, 8, 33, 15, 17]
Run 10:
Best OCplx: 1.0611899879410442
Best Sequence: [27, 28, 19, 15, 1, 25, 38, 11, 29, 39, 32, 22, 7, 31, 37, 26, 35, 3, 10, 20, 9, 24, 21, 16, 18, 23, 8, 6, 4, 13, 5, 14, 36, 2, 17, 34, 30, 12, 33]
Run 11:
Best OCplx: 1.0070983294457374
Best Sequence: [31, 24, 27, 15, 11, 16, 7, 29, 10, 5, 9, 32, 21, 2, 12, 37, 33, 20, 19, 26, 18, 28, 6, 13, 23, 17, 35, 25, 4, 30, 8, 36, 39, 1, 14, 3, 38, 22, 34]
Run 12:
Best OCplx: 0.9795172009823884
Best Sequence: [2, 34, 23, 22, 20, 19, 27, 31, 11, 15, 18, 10, 29, 39, 14, 9, 6, 37, 24, 35, 30, 1, 32, 21, 17, 4, 36, 33, 13, 26, 8, 5, 7, 16, 38, 25, 28, 12, 3]
Run 13:
Best OCplx: 0.8176068586129432
Best Sequence: [16, 20, 11, 7, 34, 23, 19, 27, 31, 1, 10, 9, 6, 18, 4, 30, 33, 8, 35, 14, 21, 3, 24, 26, 39, 36, 29, 38, 2, 17, 12, 32, 37, 5, 22, 28, 15, 25, 13]
Run 14:
Best OCplx: 0.9083167496140024
Best Sequence: [36, 29, 18, 17, 24, 11, 30, 20, 38, 25, 39, 28, 33, 10, 7, 21, 5, 3, 22, 23, 27, 9, 31, 32, 2, 6, 4, 14, 35, 15, 19, 13, 26, 37, 1, 8, 12, 16, 34]
Run 15:
Best OCplx: 1.0493076213061634
Best Sequence: [7, 28, 20, 31, 10, 17, 3, 38, 22, 21, 33, 24, 39, 1, 11, 14, 9, 18, 12, 5, 13, 26, 16, 30, 15, 32, 27, 36, 19, 29, 2, 37, 8, 35, 25, 23, 6, 4, 34]
Run 16:
Best OCplx: 0.9996610512734291
Best Sequence: [15, 2, 28, 21, 3, 27, 30, 34, 10, 20, 24, 11, 9, 17, 37, 35, 36, 33, 18, 6, 25, 16, 39, 38, 8, 5, 31, 13, 1, 19, 7, 14, 29, 22, 26, 23, 4, 32, 12]
Run 17:
Best OCplx: 1.2442634832648376
Best Sequence: [3, 34, 8, 27, 11, 7, 17, 30, 26, 33, 15, 22, 14, 13, 5, 19, 1, 10, 20, 9, 37, 23, 36, 39, 31, 12, 38, 29, 21, 6, 35, 2, 24, 16, 28, 32, 25, 4, 18]
Run 18:
Best OCplx: 0.740937894501678
Best Sequence: [2, 35, 20, 23, 3, 11, 18, 7, 15, 13, 27, 10, 39, 32, 17, 25, 22, 30, 1, 33, 36, 38, 14, 21, 9, 16, 24, 31, 8, 28, 6, 12, 29, 19, 37, 26, 5, 4, 34]
Run 19:
Best OCplx: 0.8808744240208934
Best Sequence: [21, 27, 20, 24, 32, 11, 2, 15, 22, 10, 7, 12, 37, 5, 23, 17, 8, 9, 36, 28, 39, 14, 6, 35, 3, 4, 25, 13, 26, 30, 16, 38, 33, 19, 31, 1, 34, 18, 29]
Run 20:
Best OCplx: 0.8215980920975211
Best Sequence: [19, 36, 20, 15, 17, 30, 26, 34, 1, 28, 18, 29, 21, 7, 14, 11, 39, 24, 25, 38, 32, 31, 35, 12, 3, 2, 13, 16, 10, 5, 33, 23, 27, 9, 8, 22, 6, 4, 37]
Run 21:
Best OCplx: 0.7186219383677533
Best Sequence: [29, 11, 20, 18, 3, 15, 27, 19, 21, 23, 25, 7, 8, 39, 10, 14, 9, 6, 16, 30, 31, 26, 12, 34, 2, 28, 1, 36, 35, 4, 17, 22, 5, 32, 13, 24, 33, 38, 37]
Run 22:
Best OCplx: 0.9360876729028361
Best Sequence: [1, 24, 26, 10, 36, 3, 8, 2, 5, 38, 17, 27, 19, 25, 22, 21, 34, 11, 20, 28, 15, 23, 29, 7, 9, 16, 14, 33, 13, 32, 12, 31, 6, 18, 4, 39, 35, 37, 30]
Run 23:
Best OCplx: 0.8313327333949829
Best Sequence: [23, 39, 36, 11, 30, 1, 7, 24, 3, 10, 20, 12, 27, 16, 22, 9, 14, 29, 21, 35, 15, 31, 33, 32, 18, 17, 34, 5, 28, 19, 6, 25, 4, 37, 2, 8, 26, 13, 38]
Run 24:
Best OCplx: 1.0585372308445273
Best Sequence: [21, 27, 1, 16, 23, 24, 34, 11, 3, 10, 31, 35, 26, 9, 30, 8, 25, 17, 2, 37, 5, 33, 19, 39, 14, 12, 22, 36, 20, 15, 18, 13, 6, 29, 7, 28, 38, 32, 4]
Run 25:
Best OCplx: 0.9990711040956703
Best Sequence: [28, 8, 27, 15, 26, 36, 21, 30, 13, 24, 10, 2, 19, 17, 7, 9, 35, 18, 31, 5, 14, 33, 11, 20, 39, 29, 25, 16, 32, 23, 1, 22, 3, 37, 34, 38, 6, 4, 12]
Run 26:
Best OCplx: 1.0178428494355358
Best Sequence: [5, 8, 36, 3, 28, 11, 18, 23, 30, 20, 33, 10, 39, 32, 24, 16, 38, 27, 37, 22, 19, 17, 35, 34, 1, 15, 29, 26, 9, 21, 7, 13, 31, 12, 25, 6, 2, 4, 14]
Run 27:
Best OCplx: 1.2375251532941114
Best Sequence: [13, 8, 20, 7, 39, 10, 30, 29, 24, 35, 14, 9, 38, 21, 32, 12, 1, 26, 18, 27, 11, 33, 3, 17, 6, 28, 22, 2, 37, 31, 16, 4, 23, 15, 25, 36, 5, 19, 34]
Run 28:
Best OCplx: 1.0029682930909192
Best Sequence: [1, 23, 11, 21, 36, 10, 20, 3, 9, 13, 24, 22, 6, 14, 19, 7, 32, 31, 12, 27, 2, 35, 29, 26, 34, 15, 38, 4, 17, 8, 18, 30, 37, 33, 5, 25, 28, 39, 16]
Run 29:
Best OCplx: 1.044163584642009
Best Sequence: [11, 12, 30, 20, 17, 27, 3, 24, 38, 10, 1, 15, 9, 7, 14, 13, 23, 8, 28, 35, 39, 18, 37, 33, 6, 4, 22, 19, 36, 21, 2, 5, 25, 26, 32, 34, 31, 29, 16]
Run 30:
Best OCplx: 1.0127164799763517
Best Sequence: [32, 21, 24, 7, 16, 37, 36, 29, 14, 26, 11, 12, 17, 1, 39, 27, 38, 10, 30, 3, 8, 5, 9, 31, 35, 34, 33, 20, 13, 6, 4, 15, 18, 23, 25, 22, 2, 19, 28]
