Run 1:
Best OCplx: 2.300513434921099
Best Sequence: [40, 30, 14, 59, 24, 17, 10, 13, 3, 64, 15, 21, 4, 6, 7, 9, 16, 12, 2, 62, 27, 5, 26, 11, 57, 37, 29, 18, 1, 32, 65, 58, 53, 60, 22, 25, 23, 33, 38, 8, 36, 34, 42, 20, 54, 51, 50, 41, 56, 55, 47, 19, 48, 49, 61, 52, 46, 31, 39, 63, 45, 44, 35, 43, 28]
Run 2:
Best OCplx: 1.7700970930621778
Best Sequence: [17, 1, 64, 3, 14, 24, 2, 9, 23, 18, 65, 4, 58, 13, 59, 16, 35, 30, 8, 10, 47, 22, 51, 7, 38, 27, 48, 49, 56, 57, 61, 36, 54, 43, 53, 37, 6, 46, 52, 31, 12, 20, 34, 62, 21, 42, 26, 11, 41, 45, 32, 33, 15, 60, 55, 44, 40, 25, 63, 19, 50, 39, 28, 5, 29]
Run 3:
Best OCplx: 2.6246892344480997
Best Sequence: [40, 63, 4, 31, 1, 6, 9, 59, 16, 17, 14, 21, 2, 64, 13, 15, 3, 24, 10, 36, 46, 29, 60, 5, 23, 11, 65, 51, 27, 7, 12, 58, 26, 43, 8, 19, 20, 52, 41, 48, 22, 34, 25, 28, 38, 45, 44, 35, 37, 30, 62, 49, 33, 55, 57, 61, 54, 56, 47, 50, 39, 53, 32, 42, 18]
Run 4:
Best OCplx: 2.096367983037084
Best Sequence: [10, 4, 9, 2, 17, 6, 24, 14, 8, 57, 23, 53, 65, 54, 58, 46, 62, 33, 22, 47, 13, 64, 12, 40, 31, 44, 48, 28, 55, 50, 41, 59, 43, 38, 27, 29, 60, 20, 19, 42, 1, 36, 25, 45, 21, 30, 37, 63, 11, 16, 5, 15, 56, 34, 51, 49, 52, 61, 18, 26, 3, 7, 32, 39, 35]
Run 5:
Best OCplx: 2.285079725563985
Best Sequence: [53, 24, 4, 16, 1, 17, 15, 2, 6, 14, 59, 30, 57, 9, 13, 10, 3, 64, 19, 50, 12, 8, 11, 54, 18, 60, 65, 35, 27, 25, 36, 37, 58, 22, 28, 42, 40, 31, 45, 20, 49, 51, 47, 21, 63, 29, 34, 39, 5, 7, 43, 56, 62, 32, 38, 44, 46, 23, 55, 33, 41, 61, 48, 26, 52]
Run 6:
Best OCplx: 2.305286812339676
Best Sequence: [41, 14, 3, 9, 15, 17, 2, 20, 5, 24, 7, 65, 39, 33, 54, 27, 13, 16, 21, 36, 58, 43, 23, 22, 12, 49, 63, 8, 46, 62, 37, 30, 57, 55, 10, 26, 28, 60, 31, 40, 25, 6, 56, 38, 48, 1, 59, 19, 52, 51, 34, 29, 47, 44, 53, 32, 42, 4, 61, 35, 11, 50, 18, 64, 45]
Run 7:
Best OCplx: 2.52546359838205
Best Sequence: [35, 2, 1, 59, 24, 9, 14, 3, 4, 10, 64, 15, 6, 13, 17, 12, 5, 51, 16, 23, 8, 50, 47, 27, 26, 65, 21, 52, 11, 30, 55, 49, 54, 7, 58, 56, 33, 43, 22, 42, 37, 25, 40, 34, 28, 41, 32, 63, 36, 38, 61, 18, 46, 60, 44, 45, 53, 31, 57, 19, 29, 62, 20, 48, 39]
Run 8:
Best OCplx: 2.4827398491726456
Best Sequence: [23, 15, 6, 14, 31, 9, 4, 17, 24, 2, 10, 1, 59, 49, 64, 13, 3, 12, 16, 8, 11, 27, 19, 7, 25, 65, 5, 60, 43, 38, 21, 36, 41, 39, 58, 55, 44, 46, 30, 35, 29, 22, 33, 53, 48, 45, 54, 63, 26, 52, 40, 18, 61, 47, 34, 50, 37, 20, 62, 28, 51, 57, 32, 42, 56]
Run 9:
Best OCplx: 2.0253085776584325
Best Sequence: [6, 24, 3, 10, 9, 65, 16, 13, 14, 1, 2, 64, 4, 62, 19, 17, 59, 57, 60, 61, 28, 12, 31, 15, 58, 8, 22, 21, 48, 38, 42, 5, 52, 44, 26, 55, 11, 27, 39, 23, 43, 36, 25, 33, 54, 50, 37, 45, 7, 63, 56, 53, 35, 29, 51, 34, 20, 49, 40, 46, 47, 32, 30, 41, 18]
Run 10:
Best OCplx: 1.8928255576242683
Best Sequence: [37, 65, 9, 19, 14, 6, 10, 13, 16, 3, 1, 4, 17, 2, 64, 39, 24, 59, 62, 8, 7, 21, 58, 27, 20, 25, 47, 23, 5, 50, 54, 26, 57, 63, 29, 12, 22, 44, 31, 45, 11, 55, 51, 53, 46, 33, 32, 28, 61, 48, 60, 38, 52, 36, 49, 42, 15, 56, 34, 35, 18, 30, 40, 41, 43]
Run 11:
Best OCplx: 1.9297149127541895
Best Sequence: [42, 65, 13, 15, 16, 3, 59, 19, 6, 2, 9, 24, 17, 62, 14, 4, 8, 64, 5, 30, 1, 10, 54, 57, 23, 58, 27, 49, 22, 52, 37, 7, 56, 51, 53, 20, 34, 63, 25, 36, 29, 44, 35, 60, 47, 12, 55, 28, 50, 45, 32, 61, 21, 48, 31, 26, 33, 38, 40, 11, 41, 43, 39, 46, 18]
Run 12:
Best OCplx: 1.8849059880710957
Best Sequence: [64, 2, 16, 13, 9, 14, 4, 59, 1, 17, 15, 40, 10, 24, 55, 35, 41, 65, 58, 37, 50, 20, 27, 5, 6, 22, 44, 42, 30, 26, 53, 52, 57, 34, 19, 61, 8, 11, 47, 7, 3, 60, 63, 29, 48, 25, 32, 33, 39, 56, 49, 43, 23, 31, 45, 36, 51, 46, 38, 12, 18, 21, 54, 62, 28]
Run 13:
Best OCplx: 2.342928574288432
Best Sequence: [17, 13, 14, 9, 1, 59, 2, 6, 24, 12, 38, 10, 23, 27, 44, 65, 60, 37, 31, 7, 53, 26, 45, 58, 22, 46, 16, 28, 48, 55, 32, 36, 56, 35, 49, 33, 4, 52, 63, 40, 50, 30, 8, 18, 57, 5, 3, 51, 19, 64, 20, 21, 39, 34, 61, 15, 41, 43, 54, 42, 47, 11, 29, 62, 25]
Run 14:
Best OCplx: 1.849696378665633
Best Sequence: [45, 15, 2, 10, 9, 16, 24, 7, 13, 14, 64, 3, 1, 6, 17, 59, 8, 21, 5, 65, 32, 12, 58, 22, 39, 35, 50, 33, 53, 20, 48, 11, 18, 27, 38, 54, 28, 49, 4, 23, 37, 31, 61, 56, 55, 52, 36, 60, 42, 63, 51, 46, 30, 40, 62, 57, 47, 44, 26, 25, 29, 41, 19, 43, 34]
Run 15:
Best OCplx: 1.8153118219715791
Best Sequence: [19, 14, 2, 62, 6, 59, 15, 4, 13, 24, 65, 20, 58, 1, 45, 47, 16, 3, 32, 60, 11, 41, 22, 52, 56, 8, 34, 64, 33, 54, 9, 35, 5, 27, 12, 42, 7, 17, 18, 31, 43, 44, 57, 46, 30, 38, 50, 39, 28, 23, 48, 25, 40, 61, 51, 26, 63, 53, 36, 29, 37, 21, 55, 10, 49]
Run 16:
Best OCplx: 2.2838498730840797
Best Sequence: [35, 64, 56, 10, 15, 59, 14, 24, 9, 3, 1, 6, 13, 16, 2, 23, 12, 38, 27, 65, 25, 30, 17, 42, 62, 31, 19, 20, 58, 33, 22, 45, 55, 46, 49, 40, 21, 37, 11, 47, 54, 50, 8, 61, 57, 43, 34, 52, 51, 29, 5, 44, 32, 48, 36, 4, 28, 60, 41, 7, 63, 53, 18, 39, 26]
Run 17:
Best OCplx: 2.142247464878228
Best Sequence: [63, 10, 15, 16, 24, 1, 13, 8, 4, 11, 3, 64, 17, 14, 59, 9, 50, 7, 23, 29, 5, 44, 27, 65, 53, 2, 32, 62, 40, 58, 33, 61, 19, 22, 48, 26, 45, 52, 47, 36, 31, 20, 38, 12, 37, 60, 30, 35, 51, 46, 49, 54, 57, 28, 34, 21, 18, 41, 56, 39, 55, 43, 42, 25, 6]
Run 18:
Best OCplx: 2.397489572998726
Best Sequence: [49, 14, 64, 10, 13, 4, 1, 17, 5, 24, 2, 16, 6, 59, 9, 12, 15, 8, 65, 53, 46, 21, 11, 39, 19, 23, 18, 38, 61, 31, 35, 58, 3, 22, 36, 42, 52, 57, 56, 47, 33, 27, 28, 45, 25, 37, 55, 51, 62, 50, 32, 63, 7, 40, 41, 20, 26, 60, 43, 48, 54, 34, 30, 29, 44]
Run 19:
Best OCplx: 2.480052021704831
Best Sequence: [17, 3, 16, 14, 2, 24, 1, 9, 64, 61, 57, 20, 27, 50, 35, 65, 21, 59, 44, 56, 54, 58, 5, 10, 38, 11, 13, 60, 19, 22, 15, 43, 23, 37, 40, 36, 25, 26, 29, 34, 52, 53, 45, 30, 49, 31, 12, 51, 63, 7, 48, 42, 39, 55, 6, 8, 32, 28, 62, 47, 33, 18, 41, 4, 46]
Run 20:
Best OCplx: 2.1303960221643927
Best Sequence: [59, 24, 13, 2, 9, 1, 6, 17, 64, 4, 14, 7, 10, 65, 16, 8, 21, 20, 37, 3, 23, 27, 52, 61, 62, 11, 58, 22, 43, 33, 34, 29, 54, 26, 53, 30, 48, 18, 35, 41, 44, 63, 39, 28, 36, 25, 40, 56, 50, 5, 57, 49, 12, 47, 31, 46, 60, 15, 42, 38, 45, 51, 32, 19, 55]
Run 21:
Best OCplx: 2.4001777749436135
Best Sequence: [19, 4, 59, 64, 17, 14, 13, 10, 16, 3, 9, 8, 24, 2, 1, 6, 33, 34, 44, 30, 7, 65, 15, 38, 28, 12, 35, 27, 54, 21, 50, 58, 22, 23, 42, 61, 62, 43, 26, 11, 56, 18, 60, 57, 29, 55, 5, 45, 47, 32, 39, 51, 25, 53, 20, 36, 63, 40, 41, 46, 49, 52, 37, 48, 31]
Run 22:
Best OCplx: 2.644135206561742
Best Sequence: [24, 59, 15, 17, 34, 62, 1, 64, 10, 13, 2, 14, 4, 3, 16, 5, 23, 21, 19, 61, 9, 8, 6, 11, 26, 36, 41, 31, 65, 35, 38, 43, 53, 12, 58, 22, 7, 32, 47, 39, 28, 33, 27, 30, 56, 45, 25, 60, 42, 40, 29, 18, 44, 52, 57, 63, 37, 54, 55, 20, 49, 50, 46, 48, 51]
Run 23:
Best OCplx: 2.748478341194022
Best Sequence: [57, 28, 13, 8, 4, 19, 3, 9, 15, 10, 7, 2, 17, 64, 16, 59, 6, 21, 1, 52, 12, 11, 23, 50, 24, 41, 61, 27, 25, 44, 65, 34, 35, 33, 58, 20, 30, 47, 14, 22, 37, 42, 26, 39, 43, 53, 55, 31, 51, 5, 45, 48, 62, 49, 60, 36, 54, 18, 63, 29, 40, 46, 38, 56, 32]
Run 24:
Best OCplx: 1.969710295997323
Best Sequence: [49, 64, 48, 24, 6, 4, 8, 9, 10, 2, 15, 59, 13, 35, 3, 17, 16, 23, 25, 7, 14, 1, 62, 5, 27, 65, 58, 19, 22, 47, 11, 45, 55, 36, 26, 54, 57, 33, 38, 51, 37, 43, 50, 61, 44, 60, 30, 28, 12, 52, 39, 53, 56, 21, 29, 31, 42, 41, 40, 34, 20, 32, 18, 46, 63]
Run 25:
Best OCplx: 2.0731307444397813
Best Sequence: [65, 36, 9, 64, 59, 15, 2, 17, 13, 1, 14, 6, 8, 16, 4, 35, 48, 38, 24, 11, 58, 61, 21, 55, 18, 28, 49, 22, 29, 27, 30, 3, 51, 33, 7, 60, 19, 62, 26, 32, 40, 41, 53, 57, 45, 54, 63, 52, 47, 31, 46, 43, 50, 23, 12, 42, 10, 39, 56, 37, 20, 25, 34, 5, 44]
Run 26:
Best OCplx: 2.421872870568603
Best Sequence: [9, 1, 63, 15, 4, 59, 19, 24, 17, 23, 14, 10, 6, 16, 3, 64, 13, 12, 26, 62, 50, 41, 8, 11, 65, 5, 36, 45, 61, 2, 53, 35, 58, 44, 39, 22, 27, 33, 37, 18, 20, 21, 48, 60, 52, 30, 57, 29, 40, 49, 47, 51, 54, 32, 31, 55, 7, 46, 42, 38, 28, 34, 25, 56, 43]
Run 27:
Best OCplx: 1.9090307547945022
Best Sequence: [27, 64, 54, 62, 26, 4, 2, 9, 16, 17, 1, 24, 3, 59, 10, 14, 65, 15, 35, 37, 12, 21, 40, 13, 58, 38, 28, 49, 22, 8, 30, 48, 63, 43, 45, 33, 25, 41, 20, 42, 23, 7, 52, 6, 47, 34, 36, 60, 44, 46, 32, 57, 50, 51, 56, 53, 55, 31, 61, 11, 5, 18, 39, 29, 19]
Run 28:
Best OCplx: 2.2211862757886682
Best Sequence: [65, 2, 64, 9, 17, 62, 15, 6, 49, 24, 36, 40, 23, 7, 54, 58, 29, 4, 46, 56, 33, 48, 1, 27, 13, 22, 47, 57, 60, 61, 11, 53, 8, 12, 32, 37, 43, 39, 25, 42, 51, 41, 3, 20, 21, 19, 26, 16, 59, 63, 38, 14, 35, 10, 30, 50, 45, 52, 44, 5, 34, 55, 18, 28, 31]
Run 29:
Best OCplx: 2.39836595604578
Best Sequence: [4, 24, 13, 9, 59, 10, 27, 17, 52, 19, 14, 21, 29, 23, 37, 50, 20, 40, 65, 6, 56, 46, 58, 55, 61, 39, 64, 22, 62, 8, 32, 28, 38, 3, 16, 36, 33, 12, 41, 15, 42, 63, 30, 5, 43, 26, 57, 60, 7, 49, 2, 35, 53, 47, 51, 45, 11, 44, 1, 31, 48, 18, 34, 25, 54]
Run 30:
Best OCplx: 1.6674170294965365
Best Sequence: [11, 17, 42, 6, 3, 24, 12, 2, 59, 4, 16, 14, 10, 1, 64, 13, 65, 58, 15, 5, 9, 19, 27, 25, 28, 60, 22, 62, 51, 38, 36, 41, 63, 23, 57, 40, 39, 8, 46, 7, 35, 45, 29, 47, 32, 48, 37, 56, 49, 61, 18, 52, 33, 43, 30, 53, 54, 50, 55, 34, 44, 26, 31, 21, 20]
