Run 1:
Best OCplx: 2.3874536384716105
Best Sequence: [19, 20, 6, 8, 16, 7, 21, 2, 9, 17, 4, 10, 5, 14, 3, 18, 13, 11, 12, 15, 1]
Run 2:
Best OCplx: 2.1717097410613286
Best Sequence: [16, 6, 20, 17, 21, 5, 8, 9, 4, 10, 13, 15, 14, 2, 18, 11, 19, 1, 12, 3, 7]
Run 3:
Best OCplx: 2.1717097410613286
Best Sequence: [21, 20, 16, 17, 7, 1, 6, 8, 9, 2, 5, 10, 3, 11, 18, 13, 14, 19, 15, 4, 12]
Run 4:
Best OCplx: 2.1717097410613286
Best Sequence: [16, 2, 21, 7, 20, 6, 8, 9, 3, 10, 17, 5, 18, 11, 1, 14, 4, 13, 12, 19, 15]
Run 5:
Best OCplx: 2.1717097410613286
Best Sequence: [21, 16, 20, 8, 9, 17, 18, 2, 5, 19, 10, 1, 3, 14, 13, 11, 6, 4, 15, 12, 7]
Run 6:
Best OCplx: 2.1717097410613286
Best Sequence: [20, 16, 7, 8, 2, 3, 21, 19, 17, 18, 9, 10, 1, 14, 12, 5, 11, 13, 15, 4, 6]
Run 7:
Best OCplx: 2.1717097410613286
Best Sequence: [16, 20, 21, 1, 18, 19, 2, 8, 9, 7, 10, 14, 6, 13, 17, 15, 11, 4, 12, 5, 3]
Run 8:
Best OCplx: 2.1717097410613286
Best Sequence: [20, 16, 21, 8, 6, 17, 1, 4, 9, 18, 19, 2, 7, 3, 5, 10, 13, 14, 12, 11, 15]
Run 9:
Best OCplx: 2.3201631046449145
Best Sequence: [20, 16, 17, 6, 4, 19, 3, 8, 1, 21, 5, 9, 10, 18, 2, 7, 15, 14, 12, 11, 13]
Run 10:
Best OCplx: 2.27272499551655
Best Sequence: [17, 20, 16, 5, 18, 21, 2, 8, 9, 6, 3, 19, 10, 7, 14, 4, 15, 11, 12, 1, 13]
Run 11:
Best OCplx: 2.1717097410613286
Best Sequence: [21, 16, 17, 20, 8, 18, 1, 6, 9, 10, 7, 5, 2, 11, 4, 3, 19, 14, 13, 12, 15]
Run 12:
Best OCplx: 2.1717097410613286
Best Sequence: [20, 16, 6, 17, 18, 8, 2, 21, 9, 5, 19, 7, 10, 1, 4, 11, 13, 3, 12, 15, 14]
Run 13:
Best OCplx: 2.1717097410613286
Best Sequence: [21, 16, 2, 20, 1, 17, 8, 9, 4, 10, 19, 7, 6, 5, 18, 15, 3, 12, 14, 11, 13]
Run 14:
Best OCplx: 2.1717097410613286
Best Sequence: [16, 6, 20, 18, 21, 8, 9, 17, 10, 1, 2, 15, 11, 7, 4, 14, 5, 3, 19, 13, 12]
Run 15:
Best OCplx: 2.1717097410613286
Best Sequence: [20, 7, 21, 16, 2, 8, 9, 17, 5, 4, 18, 10, 3, 12, 1, 19, 11, 14, 15, 6, 13]
Run 16:
Best OCplx: 2.1717097410613286
Best Sequence: [7, 20, 16, 18, 8, 17, 2, 21, 9, 3, 10, 19, 4, 13, 6, 12, 11, 1, 14, 15, 5]
Run 17:
Best OCplx: 2.1717097410613286
Best Sequence: [16, 20, 17, 21, 4, 18, 2, 5, 8, 9, 6, 19, 1, 10, 7, 15, 3, 14, 12, 11, 13]
Run 18:
Best OCplx: 2.1717097410613286
Best Sequence: [20, 16, 2, 3, 7, 21, 8, 9, 10, 12, 18, 17, 4, 1, 15, 6, 13, 5, 11, 14, 19]
Run 19:
Best OCplx: 2.1717097410613286
Best Sequence: [20, 19, 16, 7, 8, 21, 17, 9, 10, 2, 4, 5, 6, 3, 15, 18, 14, 13, 1, 12, 11]
Run 20:
Best OCplx: 2.1717097410613286
Best Sequence: [20, 16, 17, 8, 7, 1, 21, 9, 2, 4, 5, 10, 15, 19, 3, 11, 14, 13, 6, 18, 12]
Run 21:
Best OCplx: 2.1717097410613286
Best Sequence: [21, 7, 16, 20, 2, 19, 8, 18, 9, 10, 15, 1, 14, 17, 5, 6, 3, 13, 12, 4, 11]
Run 22:
Best OCplx: 2.3201631046449145
Best Sequence: [16, 20, 7, 8, 18, 21, 17, 4, 9, 6, 10, 3, 5, 1, 13, 2, 14, 19, 12, 11, 15]
Run 23:
Best OCplx: 2.1717097410613286
Best Sequence: [16, 20, 17, 4, 18, 8, 2, 3, 21, 5, 9, 10, 6, 1, 13, 19, 15, 11, 7, 12, 14]
Run 24:
Best OCplx: 2.1717097410613286
Best Sequence: [16, 17, 7, 20, 18, 21, 8, 9, 4, 10, 5, 6, 2, 11, 13, 14, 19, 15, 1, 12, 3]
Run 25:
Best OCplx: 2.1717097410613286
Best Sequence: [20, 16, 8, 17, 21, 9, 10, 18, 5, 2, 4, 7, 12, 6, 19, 3, 13, 1, 14, 15, 11]
Run 26:
Best OCplx: 2.1717097410613286
Best Sequence: [16, 20, 8, 19, 21, 6, 7, 9, 10, 14, 17, 2, 5, 11, 3, 18, 4, 13, 1, 15, 12]
Run 27:
Best OCplx: 2.2864383840163898
Best Sequence: [19, 6, 21, 20, 16, 2, 8, 7, 9, 17, 5, 4, 10, 13, 18, 15, 14, 1, 11, 3, 12]
Run 28:
Best OCplx: 2.1717097410613286
Best Sequence: [16, 20, 21, 7, 2, 8, 9, 3, 6, 17, 4, 10, 5, 1, 18, 14, 12, 13, 19, 15, 11]
Run 29:
Best OCplx: 2.1717097410613286
Best Sequence: [20, 16, 2, 8, 18, 17, 21, 6, 9, 10, 7, 1, 5, 12, 4, 14, 3, 19, 13, 15, 11]
Run 30:
Best OCplx: 2.1717097410613286
Best Sequence: [16, 6, 21, 20, 2, 8, 19, 18, 9, 17, 1, 10, 13, 4, 11, 7, 14, 5, 12, 3, 15]
