Run 1:
Best OCplx: 2.4574240267756142
Best Sequence: [16, 21, 20, 9, 1, 8, 17, 5, 19, 2, 10, 11, 4, 14, 6, 7, 18, 3, 13, 15, 12]
Run 2:
Best OCplx: 2.8088726634349483
Best Sequence: [16, 1, 2, 21, 20, 8, 3, 7, 18, 9, 10, 5, 17, 6, 15, 11, 14, 12, 4, 19, 13]
Run 3:
Best OCplx: 3.0352513038322737
Best Sequence: [21, 8, 9, 20, 14, 5, 19, 10, 16, 17, 3, 4, 13, 2, 11, 1, 6, 7, 18, 15, 12]
Run 4:
Best OCplx: 3.4240212241408
Best Sequence: [20, 8, 7, 5, 3, 1, 9, 19, 16, 21, 2, 10, 13, 15, 14, 4, 12, 11, 18, 6, 17]
Run 5:
Best OCplx: 3.065492969528668
Best Sequence: [3, 20, 21, 8, 5, 6, 16, 7, 2, 9, 17, 12, 1, 19, 18, 4, 10, 11, 15, 14, 13]
Run 6:
Best OCplx: 2.731639567336793
Best Sequence: [8, 21, 16, 2, 3, 4, 20, 1, 9, 17, 7, 10, 18, 11, 13, 19, 14, 15, 6, 5, 12]
Run 7:
Best OCplx: 3.0595499852176915
Best Sequence: [20, 8, 21, 4, 9, 1, 19, 16, 7, 13, 10, 3, 18, 15, 17, 6, 12, 5, 14, 11, 2]
Run 8:
Best OCplx: 2.779077676465158
Best Sequence: [5, 16, 8, 21, 17, 9, 7, 20, 10, 12, 3, 4, 2, 13, 19, 1, 18, 6, 15, 11, 14]
Run 9:
Best OCplx: 3.6654445440877823
Best Sequence: [8, 16, 2, 9, 10, 13, 17, 4, 1, 20, 15, 7, 21, 12, 5, 18, 11, 14, 3, 19, 6]
Run 10:
Best OCplx: 2.975165201064623
Best Sequence: [7, 4, 21, 8, 9, 6, 20, 17, 3, 10, 14, 13, 5, 1, 15, 12, 11, 19, 16, 2, 18]
Run 11:
Best OCplx: 3.472507819756101
Best Sequence: [7, 20, 9, 3, 4, 8, 21, 10, 15, 17, 14, 5, 16, 2, 18, 13, 1, 19, 11, 12, 6]
Run 12:
Best OCplx: 3.414173689208682
Best Sequence: [4, 3, 17, 8, 21, 20, 2, 9, 14, 10, 5, 15, 1, 16, 7, 19, 13, 11, 6, 18, 12]
Run 13:
Best OCplx: 3.240884092475303
Best Sequence: [19, 8, 21, 9, 16, 17, 20, 18, 14, 3, 4, 1, 6, 5, 7, 15, 10, 11, 12, 13, 2]
Run 14:
Best OCplx: 3.037365185179764
Best Sequence: [21, 9, 4, 20, 8, 17, 5, 16, 10, 3, 2, 11, 13, 19, 15, 6, 1, 12, 18, 7, 14]
Run 15:
Best OCplx: 3.544692851406838
Best Sequence: [8, 9, 21, 10, 4, 6, 11, 16, 5, 20, 1, 13, 18, 15, 19, 14, 17, 12, 3, 2, 7]
Run 16:
Best OCplx: 3.1896326898024023
Best Sequence: [17, 4, 20, 18, 8, 9, 2, 10, 5, 11, 21, 13, 6, 3, 15, 16, 14, 1, 19, 7, 12]
Run 17:
Best OCplx: 2.987813194703909
Best Sequence: [19, 17, 8, 16, 2, 5, 21, 9, 20, 14, 7, 10, 4, 15, 12, 18, 13, 3, 11, 1, 6]
Run 18:
Best OCplx: 3.481110068082144
Best Sequence: [8, 20, 17, 7, 5, 1, 16, 21, 10, 9, 4, 11, 3, 18, 14, 12, 13, 19, 15, 6, 2]
Run 19:
Best OCplx: 3.392123923390162
Best Sequence: [20, 1, 16, 8, 9, 10, 21, 18, 5, 13, 15, 7, 4, 11, 6, 14, 19, 12, 2, 3, 17]
Run 20:
Best OCplx: 3.2559114877463977
Best Sequence: [8, 18, 9, 17, 21, 10, 13, 7, 20, 2, 19, 14, 1, 5, 12, 6, 4, 16, 11, 15, 3]
Run 21:
Best OCplx: 3.5283534603315405
Best Sequence: [18, 2, 21, 1, 20, 8, 19, 9, 16, 14, 13, 3, 10, 11, 12, 17, 7, 5, 6, 15, 4]
Run 22:
Best OCplx: 3.5087167368273446
Best Sequence: [18, 9, 2, 19, 16, 8, 20, 1, 10, 21, 13, 17, 15, 14, 7, 5, 11, 4, 12, 3, 6]
Run 23:
Best OCplx: 3.662260650122486
Best Sequence: [8, 20, 18, 2, 9, 16, 10, 13, 4, 7, 21, 15, 1, 3, 19, 5, 12, 6, 11, 14, 17]
Run 24:
Best OCplx: 3.930145982903842
Best Sequence: [9, 2, 20, 4, 8, 10, 14, 12, 6, 18, 19, 16, 7, 15, 13, 11, 21, 17, 5, 1, 3]
Run 25:
Best OCplx: 3.4240212241408
Best Sequence: [8, 5, 20, 9, 1, 7, 21, 6, 10, 16, 11, 15, 17, 4, 18, 19, 14, 3, 13, 12, 2]
Run 26:
Best OCplx: 3.237453597566358
Best Sequence: [7, 8, 19, 9, 16, 20, 21, 17, 18, 12, 10, 11, 2, 13, 4, 6, 14, 3, 5, 1, 15]
Run 27:
Best OCplx: 2.971049636631533
Best Sequence: [8, 9, 16, 7, 6, 20, 21, 10, 19, 1, 18, 12, 17, 5, 15, 3, 4, 11, 14, 2, 13]
Run 28:
Best OCplx: 3.3723266604203275
Best Sequence: [18, 21, 17, 16, 8, 20, 4, 2, 9, 12, 14, 13, 5, 7, 10, 11, 19, 1, 15, 6, 3]
Run 29:
Best OCplx: 3.5017781767756615
Best Sequence: [21, 7, 20, 8, 1, 10, 5, 2, 19, 3, 9, 15, 17, 14, 18, 4, 16, 12, 13, 11, 6]
Run 30:
Best OCplx: 2.7206060333142608
Best Sequence: [16, 21, 9, 8, 10, 11, 17, 20, 3, 15, 18, 2, 1, 4, 6, 7, 13, 5, 14, 19, 12]
UPDATE_GLOBAL_ITER: 200
GAMMA: 0.99
MAX_EP: 3000
thread_count: 3
RL: 5e-05
if_EWM: False

