Run 1:
Best OCplx: 2.9249098869253998
Best Sequence: [3, 18, 10, 11, 12, 17, 2, 19, 1, 15, 9, 6, 16, 13, 14, 8, 7, 5, 4]
Run 2:
Best OCplx: 3.172362119324955
Best Sequence: [11, 18, 2, 19, 9, 3, 12, 17, 10, 15, 6, 1, 16, 13, 14, 8, 5, 7, 4]
Run 3:
Best OCplx: 3.2238540501414943
Best Sequence: [11, 10, 18, 2, 12, 17, 19, 3, 13, 9, 16, 14, 15, 1, 5, 7, 4, 8, 6]
Run 4:
Best OCplx: 3.4278595140032944
Best Sequence: [18, 17, 11, 2, 19, 10, 12, 15, 9, 3, 14, 1, 6, 13, 16, 4, 5, 8, 7]
Run 5:
Best OCplx: 2.8887771654262635
Best Sequence: [12, 18, 10, 17, 2, 11, 19, 3, 15, 16, 9, 6, 14, 1, 13, 4, 7, 5, 8]
Run 6:
Best OCplx: 3.53582544929968
Best Sequence: [17, 2, 12, 10, 18, 11, 19, 3, 9, 1, 6, 13, 15, 14, 7, 16, 4, 8, 5]
Run 7:
Best OCplx: 3.2848202947130813
Best Sequence: [3, 18, 9, 17, 11, 12, 2, 10, 19, 1, 6, 15, 16, 14, 13, 5, 8, 4, 7]
Run 8:
Best OCplx: 3.037027343451764
Best Sequence: [3, 11, 10, 17, 18, 2, 19, 12, 13, 16, 9, 14, 15, 8, 5, 7, 6, 1, 4]
Run 9:
Best OCplx: 3.0284199292101213
Best Sequence: [3, 18, 12, 10, 17, 11, 2, 19, 15, 9, 13, 1, 14, 6, 16, 7, 4, 5, 8]
Run 10:
Best OCplx: 2.689714917954821
Best Sequence: [3, 12, 11, 18, 17, 10, 2, 19, 15, 9, 16, 6, 14, 13, 4, 1, 8, 5, 7]
Run 11:
Best OCplx: 3.5389917811535154
Best Sequence: [10, 3, 12, 18, 11, 17, 2, 1, 19, 6, 14, 15, 9, 16, 13, 5, 4, 8, 7]
Run 12:
Best OCplx: 3.3750337070024528
Best Sequence: [17, 11, 18, 12, 10, 2, 9, 19, 3, 1, 6, 14, 16, 15, 13, 5, 4, 7, 8]
Run 13:
Best OCplx: 3.2323528899901808
Best Sequence: [18, 17, 10, 11, 2, 19, 9, 12, 3, 6, 1, 15, 16, 7, 13, 14, 4, 8, 5]
Run 14:
Best OCplx: 3.2749822032982534
Best Sequence: [18, 17, 12, 11, 2, 10, 19, 3, 1, 15, 6, 13, 16, 9, 14, 8, 4, 7, 5]
Run 15:
Best OCplx: 3.1193766156585676
Best Sequence: [3, 2, 9, 12, 11, 18, 10, 13, 1, 17, 16, 6, 15, 19, 14, 8, 7, 5, 4]
Run 16:
Best OCplx: 2.816330852292905
Best Sequence: [3, 18, 17, 11, 10, 2, 12, 19, 9, 6, 13, 1, 15, 14, 16, 5, 7, 4, 8]
Run 17:
Best OCplx: 3.310147532599184
Best Sequence: [3, 11, 12, 18, 6, 17, 10, 2, 15, 1, 9, 19, 14, 16, 13, 8, 7, 4, 5]
Run 18:
Best OCplx: 3.265089581803843
Best Sequence: [3, 10, 18, 17, 2, 11, 12, 19, 6, 15, 1, 16, 9, 14, 13, 8, 7, 5, 4]
Run 19:
Best OCplx: 3.578599253641557
Best Sequence: [18, 11, 17, 2, 10, 12, 19, 3, 1, 15, 6, 9, 16, 5, 13, 14, 7, 8, 4]
Run 20:
Best OCplx: 3.211114659688359
Best Sequence: [3, 11, 17, 10, 12, 18, 2, 19, 1, 15, 9, 6, 13, 16, 14, 7, 5, 8, 4]
Run 21:
Best OCplx: 3.170949448452525
Best Sequence: [18, 12, 10, 11, 17, 3, 2, 6, 19, 9, 15, 13, 1, 16, 4, 14, 8, 7, 5]
Run 22:
Best OCplx: 3.462733563671154
Best Sequence: [9, 12, 3, 18, 11, 10, 17, 2, 19, 6, 15, 1, 16, 13, 14, 4, 8, 5, 7]
Run 23:
Best OCplx: 3.444406968164999
Best Sequence: [18, 11, 17, 10, 2, 12, 19, 3, 15, 1, 6, 14, 9, 13, 16, 4, 8, 7, 5]
Run 24:
Best OCplx: 3.119376615658568
Best Sequence: [3, 18, 11, 12, 2, 9, 17, 10, 19, 15, 6, 13, 1, 16, 14, 4, 8, 7, 5]
Run 25:
Best OCplx: 3.2735075196751113
Best Sequence: [10, 3, 18, 11, 12, 17, 2, 19, 15, 1, 13, 9, 6, 14, 16, 7, 8, 5, 4]
Run 26:
Best OCplx: 3.363496813925352
Best Sequence: [18, 3, 2, 9, 17, 11, 10, 13, 12, 19, 1, 15, 14, 6, 16, 5, 4, 7, 8]
Run 27:
Best OCplx: 3.1244794258217796
Best Sequence: [10, 3, 18, 11, 12, 17, 2, 19, 16, 6, 15, 9, 13, 14, 7, 1, 8, 4, 5]
Run 28:
Best OCplx: 3.1935110978383254
Best Sequence: [3, 2, 13, 18, 9, 17, 19, 12, 15, 10, 11, 16, 1, 6, 14, 5, 4, 8, 7]
Run 29:
Best OCplx: 3.399349017369658
Best Sequence: [10, 11, 18, 17, 2, 12, 19, 3, 16, 1, 6, 14, 15, 9, 13, 8, 4, 7, 5]
Run 30:
Best OCplx: 2.994448850366882
Best Sequence: [11, 3, 18, 2, 19, 10, 17, 9, 12, 13, 16, 15, 6, 1, 14, 5, 8, 4, 7]
