Run 1:
Best OCplx: 3.521790806153423
Best Sequence: [16, 1, 10, 13, 38, 3, 24, 14, 21, 64, 41, 6, 62, 35, 65, 33, 40, 4, 49, 19, 17, 12, 8, 2, 54, 39, 15, 61, 9, 25, 58, 42, 45, 23, 43, 11, 36, 63, 48, 46, 34, 29, 27, 51, 30, 20, 22, 50, 55, 56, 5, 37, 53, 32, 31, 52, 26, 28, 57, 59, 44, 7, 60, 18, 47]
Run 2:
Best OCplx: 6.168410528955215
Best Sequence: [47, 54, 15, 24, 19, 29, 51, 2, 16, 14, 3, 53, 13, 4, 62, 48, 28, 8, 42, 6, 33, 38, 11, 64, 1, 41, 21, 49, 9, 30, 31, 10, 57, 23, 34, 17, 56, 27, 35, 25, 18, 44, 60, 26, 7, 37, 45, 50, 20, 39, 46, 59, 65, 58, 55, 52, 40, 5, 12, 61, 36, 22, 32, 43, 63]
Run 3:
Best OCplx: 5.287352895366869
Best Sequence: [19, 2, 10, 7, 32, 60, 1, 3, 6, 43, 14, 16, 13, 59, 29, 5, 4, 50, 23, 35, 44, 49, 26, 62, 24, 27, 56, 15, 46, 9, 30, 17, 48, 61, 21, 8, 12, 52, 64, 18, 45, 38, 65, 25, 42, 51, 58, 34, 36, 54, 20, 28, 22, 53, 37, 63, 57, 33, 31, 40, 39, 55, 41, 11, 47]
Run 4:
Best OCplx: 6.465558577460173
Best Sequence: [13, 56, 50, 45, 3, 44, 30, 31, 4, 7, 59, 57, 64, 10, 24, 51, 47, 29, 9, 23, 2, 55, 15, 46, 17, 27, 34, 36, 14, 60, 5, 25, 49, 61, 21, 40, 33, 62, 19, 6, 12, 48, 8, 28, 39, 53, 42, 18, 38, 1, 54, 16, 65, 58, 63, 32, 20, 41, 26, 37, 35, 52, 43, 11, 22]
Run 5:
Best OCplx: 2.69602369967228
Best Sequence: [61, 8, 30, 57, 59, 65, 24, 9, 2, 58, 21, 13, 52, 41, 49, 38, 47, 14, 62, 31, 15, 10, 53, 22, 20, 25, 44, 7, 23, 60, 43, 26, 54, 32, 28, 17, 56, 39, 37, 27, 12, 42, 48, 6, 5, 63, 35, 64, 34, 50, 36, 1, 19, 11, 18, 16, 3, 45, 40, 46, 51, 4, 29, 33, 55]
Run 6:
Best OCplx: 3.719443226351812
Best Sequence: [10, 17, 14, 8, 16, 20, 34, 21, 3, 50, 55, 15, 27, 4, 47, 26, 23, 64, 25, 19, 32, 13, 9, 46, 65, 7, 61, 56, 62, 42, 37, 58, 54, 45, 39, 60, 24, 28, 22, 57, 41, 63, 52, 5, 2, 40, 31, 43, 44, 59, 49, 48, 38, 6, 51, 33, 12, 1, 53, 30, 29, 36, 18, 35, 11]
Run 7:
Best OCplx: 4.167461538603891
Best Sequence: [10, 23, 2, 35, 61, 21, 63, 64, 16, 65, 59, 33, 27, 48, 38, 13, 4, 47, 1, 15, 25, 3, 17, 24, 62, 39, 9, 19, 53, 12, 11, 14, 42, 36, 46, 6, 7, 51, 43, 60, 58, 55, 54, 22, 50, 30, 20, 8, 49, 29, 56, 26, 28, 40, 44, 52, 32, 34, 31, 41, 5, 57, 18, 37, 45]
Run 8:
Best OCplx: 5.750550468553938
Best Sequence: [13, 11, 62, 32, 64, 15, 16, 2, 6, 7, 9, 3, 21, 42, 24, 59, 23, 57, 50, 33, 40, 38, 35, 48, 60, 29, 31, 4, 43, 14, 10, 17, 1, 12, 19, 8, 26, 61, 41, 51, 65, 56, 27, 53, 44, 18, 54, 52, 28, 58, 22, 45, 63, 46, 5, 55, 30, 49, 20, 36, 47, 25, 39, 37, 34]
Run 9:
Best OCplx: 4.803146125368892
Best Sequence: [44, 14, 61, 36, 9, 6, 48, 15, 13, 57, 33, 1, 59, 5, 16, 60, 47, 37, 38, 24, 2, 63, 19, 32, 62, 10, 3, 7, 29, 64, 21, 12, 39, 23, 42, 53, 49, 56, 65, 58, 27, 11, 22, 52, 50, 43, 4, 45, 26, 17, 40, 28, 41, 20, 34, 30, 18, 35, 55, 25, 8, 54, 51, 31, 46]
Run 10:
Best OCplx: 6.553036881543745
Best Sequence: [14, 35, 55, 8, 15, 33, 50, 49, 16, 23, 27, 20, 32, 53, 43, 62, 5, 1, 25, 13, 64, 56, 17, 24, 29, 48, 31, 9, 51, 11, 10, 4, 19, 34, 61, 36, 21, 7, 42, 37, 12, 45, 26, 59, 65, 30, 6, 38, 28, 60, 3, 39, 52, 40, 44, 58, 18, 2, 46, 63, 57, 41, 47, 22, 54]
Run 11:
Best OCplx: 4.89243127983064
Best Sequence: [14, 16, 19, 17, 36, 64, 10, 15, 52, 30, 7, 9, 28, 55, 45, 51, 24, 2, 59, 6, 27, 37, 42, 34, 5, 1, 62, 4, 50, 46, 21, 26, 48, 8, 60, 32, 65, 20, 12, 18, 39, 58, 61, 25, 44, 3, 33, 22, 47, 23, 41, 49, 43, 11, 38, 40, 31, 53, 63, 56, 35, 29, 13, 54, 57]
Run 12:
Best OCplx: 4.609488065948367
Best Sequence: [2, 3, 9, 23, 14, 17, 13, 6, 8, 59, 1, 19, 10, 24, 64, 28, 40, 21, 16, 62, 48, 5, 55, 44, 12, 41, 27, 57, 26, 25, 34, 42, 56, 7, 37, 31, 49, 29, 11, 50, 65, 33, 39, 58, 43, 22, 35, 52, 63, 46, 30, 36, 45, 51, 53, 38, 60, 54, 18, 32, 61, 15, 4, 20, 47]
Run 13:
Best OCplx: 5.089844727594868
Best Sequence: [50, 53, 59, 34, 32, 24, 46, 17, 48, 12, 3, 39, 9, 30, 2, 10, 36, 40, 6, 38, 55, 14, 26, 29, 16, 19, 13, 49, 15, 64, 23, 51, 7, 44, 5, 61, 65, 58, 43, 47, 33, 62, 52, 42, 27, 25, 8, 35, 11, 4, 56, 18, 31, 21, 37, 22, 54, 28, 20, 1, 41, 63, 60, 45, 57]
Run 14:
Best OCplx: 5.361660955576833
Best Sequence: [10, 57, 60, 1, 4, 52, 59, 5, 46, 15, 64, 24, 32, 29, 40, 41, 3, 12, 26, 7, 14, 19, 17, 2, 16, 45, 20, 61, 36, 37, 13, 8, 55, 30, 11, 33, 25, 65, 18, 58, 62, 49, 34, 9, 43, 23, 22, 6, 47, 50, 54, 28, 35, 56, 27, 44, 48, 21, 31, 63, 53, 51, 38, 42, 39]
Run 15:
Best OCplx: 3.6520243174329523
Best Sequence: [1, 17, 3, 13, 57, 27, 59, 61, 4, 41, 65, 25, 51, 35, 21, 2, 5, 24, 54, 14, 53, 28, 46, 58, 39, 49, 22, 56, 60, 48, 36, 34, 10, 50, 15, 8, 52, 12, 42, 43, 44, 45, 26, 20, 11, 40, 30, 38, 33, 55, 37, 16, 29, 64, 19, 9, 7, 23, 62, 63, 32, 31, 6, 18, 47]
Run 16:
Best OCplx: 5.35570260875901
Best Sequence: [38, 4, 16, 2, 9, 10, 61, 52, 19, 48, 47, 30, 13, 1, 42, 43, 62, 3, 40, 23, 57, 24, 29, 64, 56, 17, 15, 12, 59, 41, 25, 20, 33, 8, 50, 21, 7, 27, 14, 11, 65, 54, 35, 51, 32, 34, 6, 18, 58, 22, 37, 53, 5, 45, 44, 49, 60, 63, 26, 31, 55, 39, 46, 36, 28]
Run 17:
Best OCplx: 4.740613670671413
Best Sequence: [19, 3, 51, 10, 2, 37, 63, 62, 59, 49, 38, 64, 35, 14, 21, 9, 5, 26, 1, 13, 17, 16, 15, 24, 45, 40, 25, 8, 27, 41, 50, 34, 52, 46, 4, 65, 36, 54, 6, 11, 57, 12, 61, 48, 7, 58, 39, 22, 23, 42, 30, 47, 56, 43, 44, 32, 55, 18, 60, 20, 29, 31, 33, 53, 28]
Run 18:
Best OCplx: 5.625867272150765
Best Sequence: [41, 1, 40, 10, 2, 51, 50, 9, 27, 42, 23, 4, 25, 35, 24, 64, 60, 38, 46, 31, 54, 15, 29, 34, 3, 13, 65, 33, 61, 52, 44, 8, 12, 30, 43, 14, 45, 59, 21, 16, 19, 20, 57, 37, 5, 11, 28, 26, 58, 49, 53, 63, 22, 56, 32, 17, 6, 36, 62, 39, 7, 48, 47, 55, 18]
Run 19:
Best OCplx: 4.881837328280925
Best Sequence: [15, 44, 11, 10, 37, 51, 52, 24, 64, 60, 23, 42, 21, 53, 48, 49, 30, 57, 65, 55, 8, 14, 27, 43, 36, 35, 20, 12, 41, 9, 17, 18, 26, 58, 4, 61, 50, 16, 28, 22, 56, 46, 63, 31, 29, 5, 25, 45, 3, 47, 19, 54, 39, 33, 40, 7, 62, 6, 38, 59, 1, 13, 34, 32, 2]
Run 20:
Best OCplx: 4.314541716893104
Best Sequence: [57, 23, 64, 11, 6, 18, 8, 19, 62, 13, 55, 3, 28, 21, 35, 51, 24, 37, 20, 40, 27, 29, 32, 4, 14, 10, 15, 12, 65, 50, 58, 42, 48, 39, 59, 45, 53, 56, 9, 26, 63, 61, 47, 49, 16, 22, 43, 60, 33, 17, 41, 1, 7, 34, 5, 52, 46, 31, 25, 30, 36, 38, 54, 2, 44]
Run 21:
Best OCplx: 3.49361498656022
Best Sequence: [10, 14, 19, 64, 6, 13, 55, 59, 2, 4, 53, 62, 35, 15, 5, 52, 49, 34, 65, 32, 60, 24, 20, 33, 1, 9, 3, 47, 58, 63, 23, 42, 61, 51, 21, 8, 16, 31, 27, 44, 46, 37, 57, 22, 11, 50, 26, 41, 36, 38, 43, 25, 39, 17, 28, 56, 45, 54, 12, 48, 29, 18, 40, 7, 30]
Run 22:
Best OCplx: 2.7741920193807372
Best Sequence: [23, 34, 19, 27, 7, 65, 28, 59, 21, 58, 1, 42, 56, 44, 6, 3, 62, 61, 60, 63, 29, 47, 48, 35, 22, 12, 17, 15, 8, 33, 49, 43, 24, 14, 52, 36, 20, 41, 13, 64, 16, 45, 2, 37, 18, 25, 5, 11, 46, 50, 51, 26, 31, 54, 10, 55, 32, 39, 57, 53, 4, 40, 38, 30, 9]
Run 23:
Best OCplx: 6.003595801567713
Best Sequence: [15, 3, 42, 62, 37, 24, 31, 9, 54, 6, 16, 17, 8, 14, 10, 4, 56, 34, 38, 43, 12, 60, 64, 44, 1, 39, 35, 23, 32, 27, 26, 29, 47, 5, 20, 21, 46, 51, 50, 61, 59, 2, 65, 49, 52, 25, 19, 40, 11, 18, 13, 33, 58, 45, 22, 7, 30, 41, 28, 55, 36, 63, 53, 48, 57]
Run 24:
Best OCplx: 3.672312046057782
Best Sequence: [13, 17, 2, 24, 38, 50, 64, 49, 5, 53, 65, 15, 9, 33, 23, 58, 46, 14, 19, 47, 21, 8, 10, 1, 22, 4, 6, 3, 16, 11, 59, 45, 18, 41, 40, 36, 42, 60, 7, 43, 25, 29, 37, 34, 62, 39, 20, 12, 57, 51, 28, 63, 26, 55, 54, 31, 27, 48, 44, 56, 30, 32, 52, 61, 35]
Run 25:
Best OCplx: 3.0651818690755634
Best Sequence: [27, 10, 38, 59, 47, 56, 55, 30, 51, 3, 65, 33, 58, 12, 6, 1, 43, 22, 35, 50, 53, 61, 17, 14, 45, 2, 49, 8, 52, 62, 29, 44, 46, 25, 11, 16, 15, 63, 4, 13, 40, 34, 24, 54, 21, 31, 5, 36, 18, 7, 32, 37, 48, 28, 39, 19, 20, 26, 9, 60, 57, 41, 42, 64, 23]
Run 26:
Best OCplx: 4.982820215911928
Best Sequence: [4, 37, 13, 17, 43, 15, 64, 51, 60, 57, 65, 7, 52, 19, 21, 6, 31, 2, 59, 1, 24, 38, 62, 39, 54, 9, 55, 30, 36, 8, 33, 11, 3, 10, 26, 61, 45, 14, 27, 40, 29, 34, 58, 22, 56, 48, 32, 44, 12, 50, 20, 49, 47, 41, 28, 35, 23, 18, 46, 5, 25, 42, 53, 63, 16]
Run 27:
Best OCplx: 5.462189521220521
Best Sequence: [59, 37, 14, 6, 45, 47, 24, 3, 61, 60, 64, 13, 43, 17, 15, 10, 46, 9, 56, 4, 52, 26, 62, 2, 12, 55, 1, 21, 8, 48, 19, 5, 11, 16, 7, 34, 23, 32, 27, 49, 20, 29, 65, 40, 41, 50, 54, 51, 35, 58, 63, 33, 31, 22, 39, 38, 30, 44, 36, 25, 18, 42, 53, 57, 28]
Run 28:
Best OCplx: 3.6889872381976967
Best Sequence: [16, 26, 4, 13, 17, 8, 1, 24, 2, 9, 42, 3, 19, 7, 60, 61, 10, 45, 50, 27, 6, 39, 64, 36, 65, 35, 14, 47, 62, 38, 63, 21, 46, 15, 52, 58, 22, 55, 40, 37, 54, 20, 56, 34, 57, 33, 32, 12, 25, 41, 30, 28, 11, 23, 51, 43, 49, 31, 48, 5, 59, 53, 18, 44, 29]
Run 29:
Best OCplx: 4.6364245233761245
Best Sequence: [9, 62, 59, 53, 4, 10, 2, 24, 1, 6, 30, 55, 17, 3, 36, 61, 14, 15, 21, 12, 19, 27, 43, 51, 64, 25, 35, 57, 11, 65, 23, 13, 32, 16, 56, 18, 7, 31, 40, 60, 41, 29, 58, 50, 38, 22, 44, 48, 33, 5, 63, 46, 37, 26, 39, 8, 47, 45, 42, 20, 49, 52, 34, 28, 54]
Run 30:
Best OCplx: 2.846480415285885
Best Sequence: [10, 17, 59, 16, 61, 65, 2, 34, 26, 51, 11, 19, 12, 1, 21, 24, 14, 28, 58, 31, 57, 13, 64, 3, 62, 44, 50, 18, 53, 9, 39, 33, 22, 25, 32, 27, 5, 56, 37, 30, 4, 40, 48, 52, 29, 8, 15, 36, 20, 47, 49, 60, 42, 23, 54, 46, 55, 7, 63, 38, 45, 6, 43, 41, 35]
