Run 1:
Best OCplx: 3.833586692566399
Best Sequence: [6, 11, 2, 3, 9, 18, 19, 10, 16, 13, 14, 7, 12, 15, 1, 5, 8, 17, 4]
Run 2:
Best OCplx: 4.185776975738291
Best Sequence: [2, 18, 17, 3, 9, 8, 16, 14, 11, 1, 15, 5, 10, 19, 13, 12, 7, 6, 4]
Run 3:
Best OCplx: 3.2685925789760484
Best Sequence: [18, 3, 12, 17, 15, 2, 9, 13, 10, 14, 1, 11, 19, 5, 16, 6, 7, 8, 4]
Run 4:
Best OCplx: 3.841547956813241
Best Sequence: [3, 10, 12, 18, 2, 9, 1, 11, 13, 8, 6, 16, 14, 15, 7, 19, 17, 5, 4]
Run 5:
Best OCplx: 3.310133344028346
Best Sequence: [18, 17, 2, 9, 12, 3, 14, 15, 11, 13, 10, 19, 1, 8, 6, 16, 5, 7, 4]
Run 6:
Best OCplx: 3.748511637329424
Best Sequence: [17, 3, 2, 13, 12, 9, 11, 16, 6, 15, 5, 14, 7, 18, 19, 1, 8, 10, 4]
Run 7:
Best OCplx: 3.95965540365974
Best Sequence: [17, 12, 3, 18, 10, 2, 19, 6, 14, 11, 13, 15, 16, 9, 5, 1, 7, 4, 8]
Run 8:
Best OCplx: 3.37619376901413
Best Sequence: [12, 17, 2, 3, 19, 9, 16, 13, 15, 14, 6, 18, 4, 11, 10, 5, 7, 1, 8]
Run 9:
Best OCplx: 3.2685400298942264
Best Sequence: [3, 11, 18, 15, 12, 17, 2, 9, 6, 1, 16, 4, 14, 13, 5, 19, 7, 8, 10]
Run 10:
Best OCplx: 3.5391468655790193
Best Sequence: [3, 18, 2, 19, 13, 16, 11, 10, 9, 6, 14, 12, 8, 1, 5, 17, 15, 7, 4]
Run 11:
Best OCplx: 4.141636514999082
Best Sequence: [3, 18, 2, 6, 17, 16, 10, 12, 9, 11, 13, 5, 1, 19, 14, 15, 4, 8, 7]
Run 12:
Best OCplx: 4.401336059497624
Best Sequence: [2, 6, 18, 9, 3, 15, 13, 5, 10, 16, 14, 1, 19, 8, 17, 11, 12, 4, 7]
Run 13:
Best OCplx: 4.38593797372856
Best Sequence: [2, 1, 18, 9, 10, 12, 16, 11, 3, 6, 15, 13, 19, 14, 17, 4, 5, 7, 8]
Run 14:
Best OCplx: 3.622659951682338
Best Sequence: [2, 18, 3, 10, 1, 9, 16, 14, 12, 15, 17, 6, 19, 5, 11, 13, 4, 7, 8]
Run 15:
Best OCplx: 3.37896780737256
Best Sequence: [3, 2, 18, 15, 11, 9, 19, 13, 14, 17, 1, 16, 7, 12, 6, 4, 10, 5, 8]
Run 16:
Best OCplx: 3.6153472393952937
Best Sequence: [3, 15, 2, 9, 17, 6, 1, 12, 19, 18, 13, 16, 14, 11, 5, 10, 4, 7, 8]
Run 17:
Best OCplx: 3.582497545625556
Best Sequence: [17, 2, 11, 12, 1, 18, 19, 3, 16, 9, 14, 13, 10, 15, 6, 7, 5, 4, 8]
Run 18:
Best OCplx: 4.064599257782409
Best Sequence: [17, 12, 2, 10, 3, 9, 16, 18, 11, 1, 15, 8, 6, 13, 14, 5, 7, 19, 4]
Run 19:
Best OCplx: 4.061316504430479
Best Sequence: [3, 2, 9, 14, 5, 15, 18, 6, 19, 11, 13, 17, 16, 1, 10, 4, 12, 8, 7]
Run 20:
Best OCplx: 3.6144531340754127
Best Sequence: [11, 18, 17, 12, 2, 3, 16, 19, 1, 9, 5, 13, 14, 15, 6, 10, 8, 4, 7]
Run 21:
Best OCplx: 4.206117150413205
Best Sequence: [9, 11, 17, 3, 10, 2, 15, 1, 18, 19, 16, 14, 6, 12, 7, 4, 13, 5, 8]
Run 22:
Best OCplx: 5.0191477546372285
Best Sequence: [3, 17, 1, 14, 2, 9, 5, 10, 15, 18, 12, 19, 11, 16, 6, 13, 7, 8, 4]
Run 23:
Best OCplx: 3.8125277832870776
Best Sequence: [3, 10, 6, 2, 18, 16, 14, 11, 15, 13, 9, 1, 19, 8, 5, 4, 7, 17, 12]
Run 24:
Best OCplx: 3.6901676600327318
Best Sequence: [3, 18, 11, 15, 12, 6, 10, 2, 16, 13, 17, 9, 19, 14, 5, 1, 7, 4, 8]
Run 25:
Best OCplx: 4.233111684848838
Best Sequence: [2, 15, 18, 9, 3, 1, 11, 13, 17, 19, 5, 10, 16, 6, 14, 4, 7, 12, 8]
Run 26:
Best OCplx: 4.051864603791529
Best Sequence: [2, 9, 3, 18, 15, 19, 10, 1, 6, 11, 13, 7, 14, 12, 16, 5, 17, 4, 8]
Run 27:
Best OCplx: 4.547492477416953
Best Sequence: [18, 3, 10, 9, 15, 2, 13, 1, 5, 14, 19, 11, 12, 16, 7, 8, 6, 17, 4]
Run 28:
Best OCplx: 3.488983993931702
Best Sequence: [12, 3, 1, 2, 11, 18, 19, 9, 16, 6, 14, 13, 7, 15, 5, 10, 17, 4, 8]
Run 29:
Best OCplx: 3.8665084574520843
Best Sequence: [11, 2, 3, 14, 9, 13, 19, 16, 15, 1, 18, 17, 7, 12, 10, 6, 5, 4, 8]
Run 30:
Best OCplx: 3.893870521176869
Best Sequence: [2, 17, 3, 9, 18, 16, 1, 14, 19, 11, 13, 5, 12, 6, 7, 15, 10, 4, 8]
Learning Rate: 1e-05
Epsilon: 0.15
Gamma: 0.99
Target Update: 50
Memory Capacity: 20000
Batch Size: 128
if_EWM: True

