Run 1:
Best OCplx: 1.9022641340280548
Best Sequence: [24, 64, 1, 65, 2, 18, 15, 3, 13, 17, 30, 58, 51, 14, 33, 22, 40, 12, 46, 43, 34, 53, 63, 36, 19, 57, 56, 48, 47, 55, 32, 49, 59, 5, 8, 62, 45, 35, 60, 38, 54, 6, 41, 39, 4, 29, 31, 42, 7, 21, 11, 28, 50, 27, 61, 10, 9, 52, 26, 23, 20, 37, 25, 44, 16]
Run 2:
Best OCplx: 2.0981765590397075
Best Sequence: [62, 65, 60, 13, 41, 58, 32, 19, 22, 29, 4, 38, 6, 25, 53, 51, 27, 43, 54, 63, 17, 20, 14, 10, 21, 42, 40, 7, 5, 48, 34, 36, 26, 11, 15, 35, 47, 31, 12, 39, 50, 24, 56, 30, 44, 46, 9, 61, 8, 59, 23, 37, 33, 3, 49, 16, 64, 28, 18, 57, 2, 1, 55, 45, 52]
Run 3:
Best OCplx: 1.8297052002439813
Best Sequence: [51, 65, 13, 64, 58, 23, 31, 16, 29, 34, 24, 37, 60, 2, 27, 63, 36, 17, 44, 9, 22, 40, 14, 47, 49, 8, 39, 20, 52, 33, 7, 18, 32, 42, 41, 61, 56, 21, 50, 12, 3, 35, 11, 62, 38, 19, 28, 48, 15, 57, 55, 43, 53, 46, 1, 26, 6, 4, 45, 59, 54, 25, 10, 5, 30]
Run 4:
Best OCplx: 2.075500796045454
Best Sequence: [63, 65, 49, 1, 58, 46, 47, 50, 61, 35, 27, 24, 3, 53, 19, 52, 8, 42, 20, 51, 54, 29, 62, 15, 11, 10, 14, 38, 22, 48, 40, 43, 2, 28, 41, 37, 45, 44, 7, 31, 5, 25, 60, 56, 26, 17, 55, 33, 4, 23, 34, 12, 6, 18, 64, 30, 32, 21, 59, 9, 13, 16, 36, 57, 39]
Run 5:
Best OCplx: 2.0991412272936385
Best Sequence: [26, 51, 24, 13, 21, 1, 50, 54, 65, 58, 53, 15, 14, 19, 52, 57, 37, 27, 48, 4, 44, 56, 8, 22, 25, 20, 38, 60, 43, 3, 30, 9, 35, 59, 16, 47, 41, 11, 62, 17, 49, 64, 46, 40, 6, 29, 61, 10, 42, 45, 33, 2, 32, 39, 28, 7, 18, 34, 31, 23, 55, 36, 5, 12, 63]
Run 6:
Best OCplx: 2.0852786461197743
Best Sequence: [16, 19, 29, 65, 58, 51, 13, 61, 60, 47, 17, 1, 53, 10, 55, 14, 33, 41, 59, 42, 27, 4, 2, 54, 35, 12, 40, 46, 25, 50, 20, 3, 15, 9, 36, 64, 45, 8, 18, 39, 49, 23, 22, 7, 11, 43, 28, 44, 62, 30, 38, 48, 63, 31, 5, 52, 24, 21, 57, 56, 32, 34, 26, 37, 6]
Run 7:
Best OCplx: 1.979389521458758
Best Sequence: [10, 24, 23, 58, 17, 13, 35, 62, 61, 27, 55, 54, 19, 59, 64, 26, 22, 63, 43, 14, 56, 44, 50, 7, 20, 21, 53, 9, 33, 52, 3, 29, 51, 32, 8, 25, 12, 15, 46, 11, 65, 45, 41, 37, 60, 6, 36, 28, 42, 31, 57, 48, 2, 4, 49, 1, 40, 18, 39, 38, 34, 47, 30, 16, 5]
Run 8:
Best OCplx: 2.0446236420727657
Best Sequence: [38, 60, 65, 58, 53, 41, 26, 45, 16, 37, 13, 29, 12, 31, 64, 8, 35, 62, 27, 22, 34, 33, 14, 51, 47, 11, 57, 54, 15, 46, 2, 43, 56, 52, 55, 5, 20, 3, 32, 49, 7, 61, 9, 39, 28, 44, 59, 24, 63, 19, 50, 10, 23, 1, 4, 25, 42, 17, 40, 36, 30, 48, 21, 18, 6]
Run 9:
Best OCplx: 2.025213639072054
Best Sequence: [55, 13, 65, 8, 14, 58, 42, 28, 50, 24, 9, 41, 22, 61, 63, 56, 4, 5, 31, 40, 6, 43, 2, 30, 10, 45, 59, 16, 62, 35, 53, 1, 11, 25, 38, 33, 48, 34, 60, 39, 64, 49, 19, 17, 46, 26, 7, 18, 54, 23, 52, 21, 20, 47, 51, 36, 29, 15, 32, 12, 37, 44, 57, 27, 3]
Run 10:
Best OCplx: 1.9830131592544222
Best Sequence: [52, 65, 58, 14, 27, 30, 36, 7, 19, 63, 49, 26, 44, 41, 56, 16, 33, 43, 21, 35, 15, 55, 48, 24, 34, 22, 13, 42, 61, 38, 39, 60, 51, 53, 23, 64, 8, 28, 2, 11, 1, 32, 29, 54, 25, 17, 46, 3, 31, 20, 4, 37, 47, 40, 12, 45, 9, 59, 50, 6, 57, 62, 10, 5, 18]
Run 11:
Best OCplx: 2.1715155274638636
Best Sequence: [15, 65, 19, 13, 10, 51, 64, 43, 34, 11, 58, 31, 57, 38, 63, 14, 25, 17, 49, 45, 3, 44, 1, 6, 53, 24, 59, 21, 8, 42, 27, 40, 46, 4, 22, 29, 60, 47, 20, 30, 36, 33, 56, 2, 26, 16, 54, 61, 52, 50, 48, 9, 23, 12, 35, 5, 62, 32, 7, 55, 37, 18, 28, 41, 39]
Run 12:
Best OCplx: 2.174825667636118
Best Sequence: [65, 58, 38, 32, 24, 37, 30, 22, 51, 59, 56, 43, 12, 44, 41, 13, 36, 6, 61, 63, 15, 18, 17, 34, 54, 57, 14, 39, 20, 1, 26, 53, 27, 33, 29, 25, 11, 21, 45, 46, 3, 52, 10, 47, 60, 4, 19, 50, 5, 31, 9, 40, 28, 49, 16, 48, 42, 62, 7, 2, 8, 55, 64, 35, 23]
Run 13:
Best OCplx: 2.0397652223425196
Best Sequence: [27, 65, 32, 46, 10, 8, 64, 58, 54, 22, 17, 43, 44, 38, 6, 30, 9, 13, 19, 3, 39, 48, 21, 63, 52, 26, 57, 29, 25, 55, 23, 24, 45, 35, 12, 2, 14, 62, 20, 37, 16, 53, 36, 50, 5, 1, 56, 15, 51, 61, 34, 4, 49, 47, 40, 31, 60, 59, 18, 7, 41, 11, 28, 42, 33]
Run 14:
Best OCplx: 2.065958734228323
Best Sequence: [64, 8, 17, 13, 52, 9, 30, 11, 53, 25, 65, 14, 27, 7, 26, 15, 58, 60, 22, 51, 6, 37, 57, 19, 61, 33, 46, 59, 49, 62, 3, 31, 40, 56, 12, 28, 20, 42, 2, 1, 39, 5, 43, 44, 45, 16, 23, 38, 50, 21, 48, 36, 55, 47, 24, 29, 4, 63, 35, 41, 32, 54, 18, 34, 10]
Run 15:
Best OCplx: 2.1199532031618027
Best Sequence: [23, 60, 24, 1, 58, 46, 27, 15, 32, 20, 17, 13, 45, 8, 54, 63, 22, 2, 49, 34, 50, 47, 38, 56, 16, 30, 14, 40, 36, 25, 37, 33, 62, 43, 53, 11, 42, 39, 7, 31, 9, 12, 52, 3, 28, 4, 29, 41, 44, 6, 26, 18, 64, 19, 59, 21, 48, 5, 51, 35, 61, 65, 10, 55, 57]
Run 16:
Best OCplx: 1.8715588640082645
Best Sequence: [1, 65, 58, 10, 22, 45, 64, 47, 41, 44, 14, 60, 2, 26, 52, 34, 42, 48, 32, 23, 50, 56, 63, 11, 13, 46, 17, 51, 57, 49, 59, 33, 12, 61, 53, 28, 3, 35, 62, 39, 21, 4, 9, 30, 27, 24, 15, 36, 54, 5, 6, 16, 40, 8, 20, 29, 31, 55, 25, 43, 38, 37, 18, 19, 7]
Run 17:
Best OCplx: 1.908481667698669
Best Sequence: [13, 17, 8, 27, 4, 65, 2, 58, 32, 39, 31, 62, 23, 6, 35, 11, 26, 18, 52, 53, 7, 55, 42, 56, 59, 37, 45, 49, 28, 51, 43, 34, 16, 14, 44, 64, 24, 12, 5, 9, 22, 54, 20, 60, 38, 41, 10, 3, 36, 25, 48, 63, 33, 15, 50, 21, 30, 40, 29, 46, 61, 1, 19, 47, 57]
Run 18:
Best OCplx: 1.8988450230727298
Best Sequence: [10, 65, 12, 58, 31, 36, 19, 27, 57, 48, 32, 54, 30, 2, 62, 22, 63, 23, 53, 4, 26, 3, 40, 37, 51, 56, 17, 49, 38, 34, 14, 44, 60, 52, 43, 47, 28, 24, 21, 61, 35, 11, 16, 7, 15, 45, 1, 29, 25, 42, 64, 59, 9, 13, 20, 6, 46, 50, 55, 33, 5, 41, 39, 8, 18]
Run 19:
Best OCplx: 2.2167371461874166
Best Sequence: [8, 58, 56, 61, 60, 47, 10, 27, 3, 48, 24, 2, 46, 57, 26, 32, 22, 25, 30, 6, 52, 4, 41, 39, 42, 1, 53, 13, 7, 11, 65, 28, 55, 23, 17, 36, 45, 15, 49, 20, 59, 50, 34, 64, 44, 16, 19, 63, 37, 14, 9, 29, 21, 18, 5, 40, 31, 51, 33, 35, 12, 43, 62, 54, 38]
Run 20:
Best OCplx: 2.0735154886128178
Best Sequence: [13, 61, 50, 65, 27, 23, 58, 31, 14, 8, 2, 21, 48, 25, 54, 24, 9, 46, 4, 41, 56, 42, 57, 38, 36, 44, 7, 63, 11, 6, 28, 5, 29, 26, 35, 22, 60, 17, 18, 32, 16, 43, 1, 64, 33, 39, 15, 47, 49, 34, 62, 55, 45, 52, 53, 51, 12, 19, 59, 37, 30, 40, 3, 10, 20]
Run 21:
Best OCplx: 2.0042502646897042
Best Sequence: [65, 58, 34, 25, 15, 13, 45, 4, 60, 50, 17, 1, 53, 20, 59, 24, 2, 44, 7, 49, 9, 36, 48, 14, 57, 27, 33, 35, 52, 47, 55, 12, 22, 10, 21, 29, 8, 61, 62, 26, 28, 38, 23, 3, 63, 56, 64, 16, 46, 19, 37, 42, 54, 43, 6, 51, 11, 31, 32, 5, 30, 41, 40, 18, 39]
Run 22:
Best OCplx: 2.118309587566525
Best Sequence: [6, 13, 25, 24, 62, 65, 32, 58, 43, 40, 14, 59, 27, 49, 39, 57, 56, 21, 35, 54, 4, 64, 11, 22, 2, 52, 60, 36, 55, 50, 1, 19, 37, 61, 20, 38, 31, 33, 45, 51, 34, 17, 23, 47, 63, 12, 18, 3, 41, 46, 5, 8, 48, 30, 53, 28, 26, 10, 9, 7, 44, 16, 15, 29, 42]
Run 23:
Best OCplx: 1.9632997536897805
Best Sequence: [65, 27, 58, 30, 41, 49, 45, 61, 20, 12, 64, 23, 28, 60, 59, 16, 22, 38, 55, 40, 19, 37, 36, 56, 54, 14, 26, 48, 39, 62, 21, 51, 15, 5, 6, 52, 35, 34, 9, 50, 63, 42, 25, 46, 33, 7, 4, 11, 10, 47, 44, 13, 43, 53, 31, 1, 24, 2, 17, 8, 18, 57, 3, 32, 29]
Run 24:
Best OCplx: 2.197616852119752
Best Sequence: [58, 2, 61, 16, 13, 46, 8, 55, 62, 49, 45, 37, 27, 19, 7, 1, 23, 53, 60, 44, 22, 31, 52, 38, 20, 32, 25, 15, 54, 17, 57, 39, 50, 63, 14, 12, 34, 56, 65, 28, 36, 47, 26, 24, 43, 4, 35, 41, 64, 5, 9, 18, 48, 21, 30, 33, 40, 59, 3, 51, 11, 10, 6, 29, 42]
Run 25:
Best OCplx: 2.09067661244871
Best Sequence: [12, 26, 42, 36, 65, 13, 2, 29, 14, 58, 59, 9, 8, 52, 61, 60, 22, 45, 10, 27, 54, 15, 23, 16, 11, 31, 57, 37, 38, 28, 21, 1, 17, 30, 24, 6, 55, 47, 3, 51, 32, 49, 53, 25, 34, 18, 40, 39, 50, 19, 64, 44, 63, 33, 62, 35, 4, 7, 20, 46, 48, 5, 43, 41, 56]
Run 26:
Best OCplx: 1.897857465889315
Best Sequence: [48, 14, 25, 65, 58, 41, 13, 43, 47, 21, 45, 56, 16, 8, 27, 49, 61, 38, 33, 5, 1, 59, 24, 54, 17, 15, 29, 39, 22, 50, 11, 35, 23, 44, 12, 18, 37, 57, 55, 32, 7, 6, 64, 46, 20, 31, 51, 53, 42, 63, 2, 9, 4, 19, 40, 52, 34, 28, 62, 60, 10, 26, 3, 36, 30]
Run 27:
Best OCplx: 2.1148689788028046
Best Sequence: [19, 23, 24, 57, 65, 34, 13, 3, 58, 10, 51, 15, 32, 46, 61, 16, 52, 22, 1, 8, 50, 4, 2, 38, 37, 11, 63, 30, 25, 62, 36, 45, 14, 40, 6, 7, 20, 44, 49, 53, 29, 12, 56, 21, 5, 48, 41, 42, 39, 60, 43, 64, 18, 28, 33, 47, 54, 59, 17, 9, 31, 27, 55, 35, 26]
Run 28:
Best OCplx: 1.924671825678697
Best Sequence: [65, 58, 13, 1, 28, 3, 22, 19, 27, 45, 41, 33, 17, 23, 9, 2, 50, 7, 54, 56, 21, 53, 32, 14, 20, 18, 36, 40, 47, 10, 43, 48, 60, 29, 51, 26, 4, 38, 59, 61, 12, 39, 44, 6, 24, 42, 55, 25, 37, 16, 30, 57, 34, 62, 5, 52, 35, 8, 46, 63, 11, 31, 64, 15, 49]
Run 29:
Best OCplx: 2.2429032224639167
Best Sequence: [17, 51, 42, 1, 58, 60, 63, 39, 27, 13, 38, 3, 9, 22, 37, 54, 8, 15, 44, 25, 19, 62, 34, 47, 23, 12, 24, 35, 20, 57, 4, 40, 56, 45, 46, 21, 31, 11, 33, 36, 16, 7, 28, 6, 50, 41, 43, 10, 52, 30, 59, 18, 32, 26, 53, 14, 49, 5, 64, 55, 2, 48, 61, 29, 65]
Run 30:
Best OCplx: 2.169017618842147
Best Sequence: [32, 27, 65, 58, 14, 62, 19, 49, 33, 4, 55, 45, 38, 3, 61, 42, 31, 24, 64, 54, 51, 16, 26, 63, 59, 12, 35, 60, 29, 22, 15, 44, 37, 23, 39, 25, 10, 20, 53, 17, 1, 9, 36, 28, 46, 18, 47, 7, 34, 8, 13, 11, 50, 56, 43, 57, 5, 40, 52, 41, 30, 21, 6, 48, 2]
