UPDATE_GLOBAL_ITER: 10
GAMMA: 0.99
MAX_EP: 3000
thread_count: 2
RL: 0.0001
if_EWM: False

Run 1:
Best OCplx: 10.383083146545701
Best Sequence: [19, 44, 12, 16, 20, 1, 18, 9, 11, 21, 43, 28, 26, 17, 8, 38, 3, 41, 10, 2, 5, 31, 25, 34, 32, 35, 39, 6, 7, 40, 22, 15, 14, 30, 33, 42, 4, 27, 36, 37, 13, 29, 45, 23, 24]
Run 2:
Best OCplx: 11.298198515184898
Best Sequence: [20, 18, 44, 9, 35, 16, 39, 7, 43, 37, 14, 21, 22, 41, 27, 2, 30, 8, 6, 11, 12, 13, 33, 1, 28, 15, 32, 38, 34, 26, 3, 19, 40, 42, 5, 4, 10, 36, 25, 29, 17, 45, 31, 24, 23]
Run 3:
Best OCplx: 10.443080574498147
Best Sequence: [11, 21, 20, 43, 19, 14, 34, 18, 15, 33, 38, 9, 41, 25, 32, 13, 2, 44, 7, 42, 39, 5, 31, 28, 45, 17, 12, 22, 6, 26, 4, 8, 29, 1, 35, 30, 10, 40, 3, 16, 37, 27, 36, 24, 23]
Run 4:
Best OCplx: 10.737696308895039
Best Sequence: [40, 18, 5, 3, 4, 34, 17, 19, 13, 26, 20, 8, 14, 11, 42, 1, 12, 33, 31, 9, 10, 43, 6, 15, 41, 39, 28, 29, 37, 16, 30, 32, 38, 44, 36, 22, 2, 7, 24, 21, 27, 35, 45, 23, 25]
Run 5:
Best OCplx: 10.169444036500089
Best Sequence: [32, 20, 18, 41, 44, 13, 5, 2, 7, 14, 36, 4, 27, 29, 38, 1, 9, 25, 39, 22, 35, 33, 19, 16, 34, 10, 12, 21, 37, 28, 45, 26, 40, 15, 17, 30, 11, 31, 43, 42, 6, 8, 23, 3, 24]
Run 6:
Best OCplx: 11.43657240377206
Best Sequence: [20, 28, 14, 13, 31, 25, 44, 45, 26, 41, 18, 32, 39, 22, 33, 34, 42, 16, 38, 10, 1, 5, 29, 36, 30, 40, 8, 43, 12, 3, 27, 15, 2, 17, 37, 9, 6, 7, 21, 35, 11, 4, 24, 19, 23]
Run 7:
Best OCplx: 10.424009177353561
Best Sequence: [25, 20, 2, 10, 33, 42, 18, 17, 7, 39, 43, 12, 4, 28, 36, 1, 11, 44, 15, 21, 41, 31, 19, 13, 26, 16, 30, 5, 32, 8, 37, 29, 27, 22, 38, 3, 9, 6, 14, 34, 45, 24, 40, 35, 23]
Run 8:
Best OCplx: 11.387179493983899
Best Sequence: [18, 27, 36, 28, 19, 20, 38, 25, 33, 37, 15, 16, 13, 10, 34, 40, 5, 44, 8, 22, 11, 26, 43, 7, 6, 2, 30, 35, 9, 41, 17, 29, 39, 42, 1, 31, 12, 3, 21, 32, 14, 24, 45, 4, 23]
Run 9:
Best OCplx: 10.201447946701997
Best Sequence: [9, 10, 20, 18, 4, 26, 31, 43, 42, 21, 5, 27, 11, 22, 29, 36, 33, 8, 44, 13, 39, 7, 12, 34, 3, 32, 41, 28, 15, 35, 37, 25, 17, 2, 6, 38, 16, 30, 14, 45, 1, 40, 19, 23, 24]
Run 10:
Best OCplx: 10.656346255834626
Best Sequence: [43, 42, 3, 37, 10, 38, 5, 1, 14, 20, 8, 9, 36, 6, 22, 21, 7, 18, 4, 31, 19, 41, 39, 40, 34, 44, 33, 15, 13, 25, 45, 11, 29, 17, 28, 32, 2, 27, 12, 16, 35, 26, 30, 24, 23]
Run 11:
Best OCplx: 11.619253168615533
Best Sequence: [18, 26, 38, 32, 16, 31, 11, 25, 43, 22, 20, 29, 14, 30, 6, 44, 8, 10, 19, 37, 7, 28, 4, 15, 45, 13, 1, 3, 5, 42, 21, 33, 12, 36, 2, 41, 39, 27, 35, 40, 34, 9, 17, 23, 24]
Run 12:
Best OCplx: 10.798253944980138
Best Sequence: [18, 11, 5, 39, 36, 34, 8, 33, 31, 7, 40, 13, 20, 19, 21, 25, 10, 15, 41, 43, 38, 12, 4, 16, 26, 9, 45, 32, 14, 2, 29, 27, 35, 44, 6, 42, 30, 22, 17, 24, 3, 1, 37, 28, 23]
Run 13:
Best OCplx: 11.960250736968604
Best Sequence: [39, 14, 11, 33, 12, 15, 8, 16, 38, 20, 18, 31, 17, 29, 2, 27, 7, 1, 37, 43, 26, 42, 10, 3, 40, 36, 5, 22, 41, 19, 28, 34, 13, 9, 32, 35, 6, 45, 21, 30, 4, 23, 25, 44, 24]
Run 14:
Best OCplx: 11.052332013900894
Best Sequence: [1, 22, 13, 18, 11, 14, 39, 41, 6, 5, 33, 7, 16, 25, 40, 42, 26, 30, 34, 44, 20, 3, 17, 31, 28, 19, 9, 10, 36, 15, 4, 38, 21, 35, 45, 43, 8, 24, 37, 2, 12, 32, 29, 27, 23]
Run 15:
Best OCplx: 11.567455819777038
Best Sequence: [20, 6, 9, 17, 29, 31, 2, 4, 32, 13, 42, 1, 18, 22, 37, 41, 36, 16, 7, 38, 12, 30, 25, 19, 21, 35, 26, 10, 39, 33, 5, 34, 11, 14, 44, 40, 15, 8, 3, 27, 28, 43, 45, 23, 24]
Run 16:
Best OCplx: 11.274367336575716
Best Sequence: [1, 14, 43, 12, 22, 41, 8, 40, 18, 10, 4, 17, 34, 20, 7, 36, 3, 15, 35, 2, 5, 31, 32, 28, 9, 21, 29, 27, 42, 13, 25, 26, 44, 37, 11, 19, 30, 6, 45, 38, 16, 33, 24, 39, 23]
Run 17:
Best OCplx: 10.337085498974995
Best Sequence: [19, 5, 17, 4, 9, 20, 13, 15, 12, 18, 40, 32, 33, 43, 26, 44, 41, 28, 7, 8, 1, 36, 30, 16, 3, 27, 6, 14, 11, 21, 42, 34, 22, 25, 29, 39, 10, 38, 35, 2, 37, 45, 31, 24, 23]
Run 18:
Best OCplx: 9.612930410338885
Best Sequence: [25, 20, 9, 17, 44, 1, 15, 13, 22, 39, 43, 19, 28, 37, 12, 40, 10, 5, 18, 31, 41, 30, 4, 3, 42, 29, 45, 14, 33, 11, 8, 7, 16, 6, 34, 21, 36, 38, 26, 35, 32, 2, 24, 27, 23]
Run 19:
Best OCplx: 9.962900113087526
Best Sequence: [7, 8, 11, 25, 20, 33, 43, 15, 16, 42, 39, 22, 34, 44, 41, 18, 14, 12, 28, 1, 2, 13, 21, 19, 31, 9, 27, 6, 40, 36, 17, 38, 10, 29, 26, 30, 3, 45, 4, 32, 5, 37, 35, 23, 24]
Run 20:
Best OCplx: 10.173155583985388
Best Sequence: [11, 20, 7, 21, 42, 16, 43, 39, 31, 25, 35, 22, 10, 36, 13, 33, 6, 38, 18, 37, 14, 30, 8, 32, 28, 9, 5, 44, 3, 17, 29, 15, 2, 4, 12, 41, 40, 45, 1, 27, 34, 26, 19, 23, 24]
Run 21:
Best OCplx: 11.187734023629249
Best Sequence: [31, 10, 34, 42, 18, 7, 14, 39, 20, 5, 12, 2, 25, 33, 37, 15, 16, 26, 21, 41, 9, 29, 36, 35, 11, 1, 27, 38, 30, 3, 44, 22, 28, 45, 19, 4, 40, 13, 43, 32, 8, 6, 17, 24, 23]
Run 22:
Best OCplx: 11.150868272692449
Best Sequence: [4, 8, 20, 33, 22, 31, 10, 16, 14, 41, 18, 32, 11, 15, 19, 21, 17, 29, 2, 7, 39, 36, 42, 45, 43, 9, 26, 30, 13, 6, 27, 34, 37, 24, 40, 3, 44, 12, 5, 35, 25, 38, 28, 1, 23]
Run 23:
Best OCplx: 10.015197802296244
Best Sequence: [18, 26, 22, 31, 34, 32, 20, 25, 15, 8, 13, 7, 36, 43, 12, 42, 37, 11, 35, 27, 9, 19, 33, 30, 44, 17, 1, 14, 16, 41, 5, 38, 29, 3, 2, 45, 4, 40, 28, 39, 10, 6, 21, 23, 24]
Run 24:
Best OCplx: 11.189322318465841
Best Sequence: [17, 36, 41, 20, 31, 8, 37, 42, 28, 5, 15, 9, 29, 1, 11, 19, 4, 39, 22, 18, 30, 12, 38, 34, 7, 2, 45, 6, 32, 27, 3, 10, 43, 13, 33, 40, 14, 21, 35, 26, 24, 44, 16, 25, 23]
Run 25:
Best OCplx: 11.183203583150554
Best Sequence: [18, 36, 15, 11, 8, 32, 27, 39, 34, 20, 9, 14, 25, 10, 21, 30, 42, 13, 41, 19, 3, 5, 22, 1, 37, 43, 31, 17, 7, 28, 6, 45, 33, 12, 4, 38, 29, 44, 2, 40, 26, 23, 35, 16, 24]
Run 26:
Best OCplx: 12.016714433701003
Best Sequence: [22, 20, 41, 12, 33, 31, 5, 3, 40, 15, 32, 16, 9, 21, 34, 28, 1, 37, 30, 17, 13, 43, 19, 44, 18, 36, 7, 10, 14, 29, 45, 42, 4, 6, 2, 38, 8, 26, 39, 23, 11, 27, 25, 24, 35]
Run 27:
Best OCplx: 11.905138401011532
Best Sequence: [4, 42, 41, 25, 39, 18, 37, 35, 33, 8, 9, 20, 30, 28, 5, 14, 16, 36, 43, 13, 22, 34, 31, 17, 38, 32, 6, 29, 44, 11, 1, 40, 2, 26, 10, 3, 24, 27, 7, 19, 21, 15, 12, 45, 23]
Run 28:
Best OCplx: 11.583316539794609
Best Sequence: [14, 31, 18, 8, 33, 38, 7, 34, 20, 30, 12, 35, 42, 41, 9, 10, 37, 17, 3, 6, 13, 16, 1, 5, 43, 40, 36, 4, 39, 19, 22, 11, 26, 2, 15, 25, 28, 24, 44, 45, 27, 29, 21, 32, 23]
Run 29:
Best OCplx: 10.095391403312139
Best Sequence: [19, 18, 14, 32, 20, 41, 22, 40, 8, 5, 27, 11, 39, 13, 21, 30, 9, 17, 43, 34, 12, 16, 10, 25, 33, 36, 38, 4, 1, 3, 7, 15, 2, 31, 45, 44, 28, 42, 35, 6, 29, 26, 24, 37, 23]
Run 30:
Best OCplx: 10.79588110056671
Best Sequence: [19, 20, 41, 34, 25, 33, 39, 31, 11, 9, 29, 7, 12, 2, 6, 13, 10, 21, 17, 18, 22, 30, 44, 38, 42, 40, 8, 32, 4, 15, 35, 28, 43, 14, 27, 3, 26, 16, 37, 1, 45, 36, 24, 5, 23]
