Run 1:
Best OCplx: 2.2864383840163898
Best Sequence: [18, 6, 20, 16, 19, 2, 21, 7, 17, 3, 1, 4, 5, 8, 9, 10, 12, 14, 11, 15, 13]
Run 2:
Best OCplx: 2.556575110748714
Best Sequence: [18, 2, 3, 17, 6, 21, 16, 20, 19, 7, 1, 5, 4, 8, 9, 10, 14, 13, 11, 12, 15]
Run 3:
Best OCplx: 2.1717097410613286
Best Sequence: [7, 16, 17, 21, 20, 4, 19, 2, 1, 6, 3, 5, 18, 8, 9, 10, 14, 15, 11, 12, 13]
Run 4:
Best OCplx: 2.27272499551655
Best Sequence: [20, 17, 5, 19, 7, 16, 21, 2, 18, 6, 3, 4, 1, 8, 9, 10, 13, 14, 11, 12, 15]
Run 5:
Best OCplx: 2.3874536384716105
Best Sequence: [17, 5, 16, 20, 21, 18, 4, 7, 1, 8, 6, 19, 9, 2, 3, 10, 12, 15, 14, 13, 11]
Run 6:
Best OCplx: 2.1717097410613286
Best Sequence: [21, 16, 17, 2, 4, 6, 20, 7, 19, 3, 5, 1, 18, 8, 9, 10, 15, 13, 12, 11, 14]
Run 7:
Best OCplx: 2.3874536384716105
Best Sequence: [19, 20, 17, 16, 2, 18, 4, 6, 5, 7, 3, 21, 1, 8, 9, 10, 13, 12, 15, 11, 14]
Run 8:
Best OCplx: 2.536918737937897
Best Sequence: [2, 20, 21, 17, 18, 3, 19, 5, 8, 9, 10, 12, 15, 13, 6, 4, 7, 11, 1, 16, 14]
Run 9:
Best OCplx: 2.226102570383371
Best Sequence: [6, 20, 2, 16, 1, 17, 4, 5, 18, 19, 3, 21, 7, 8, 9, 10, 15, 13, 12, 11, 14]
Run 10:
Best OCplx: 2.4574240267756142
Best Sequence: [20, 16, 1, 2, 21, 17, 4, 6, 5, 7, 18, 3, 19, 9, 8, 10, 14, 13, 11, 15, 12]
Run 11:
Best OCplx: 2.226102570383371
Best Sequence: [2, 20, 19, 16, 3, 17, 5, 1, 18, 7, 21, 6, 4, 8, 9, 10, 15, 13, 11, 12, 14]
Run 12:
Best OCplx: 2.27272499551655
Best Sequence: [17, 16, 20, 2, 21, 1, 4, 8, 18, 3, 6, 5, 7, 19, 9, 10, 14, 12, 15, 13, 11]
Run 13:
Best OCplx: 2.1717097410613286
Best Sequence: [20, 7, 21, 16, 17, 8, 2, 3, 18, 19, 9, 10, 14, 6, 5, 4, 1, 13, 12, 11, 15]
Run 14:
Best OCplx: 2.327117824838592
Best Sequence: [17, 2, 4, 20, 21, 7, 16, 6, 1, 3, 19, 5, 18, 8, 9, 10, 11, 15, 14, 13, 12]
Run 15:
Best OCplx: 2.482525908615855
Best Sequence: [21, 7, 20, 17, 1, 4, 8, 9, 18, 6, 16, 2, 19, 3, 10, 5, 15, 14, 13, 12, 11]
Run 16:
Best OCplx: 2.1717097410613286
Best Sequence: [16, 17, 2, 4, 21, 20, 18, 19, 6, 7, 3, 8, 9, 10, 15, 1, 5, 13, 12, 11, 14]
Run 17:
Best OCplx: 2.4211783591001352
Best Sequence: [17, 4, 21, 16, 6, 20, 5, 3, 8, 9, 1, 10, 14, 13, 19, 2, 18, 15, 7, 11, 12]
Run 18:
Best OCplx: 2.1717097410613286
Best Sequence: [21, 16, 2, 6, 7, 17, 20, 3, 4, 5, 18, 19, 8, 1, 9, 10, 15, 14, 13, 12, 11]
Run 19:
Best OCplx: 2.1717097410613286
Best Sequence: [16, 17, 20, 2, 6, 4, 5, 1, 7, 21, 18, 3, 19, 8, 9, 10, 15, 13, 14, 12, 11]
Run 20:
Best OCplx: 2.5496203905550363
Best Sequence: [19, 16, 18, 17, 6, 20, 3, 5, 7, 21, 1, 4, 2, 8, 9, 10, 11, 14, 15, 13, 12]
Run 21:
Best OCplx: 2.226102570383371
Best Sequence: [2, 20, 19, 18, 7, 3, 16, 17, 1, 4, 21, 5, 6, 8, 9, 10, 12, 14, 11, 15, 13]
Run 22:
Best OCplx: 2.27272499551655
Best Sequence: [17, 20, 21, 6, 4, 16, 5, 2, 7, 8, 3, 18, 19, 1, 9, 10, 15, 12, 13, 14, 11]
Run 23:
Best OCplx: 2.1717097410613286
Best Sequence: [20, 16, 18, 19, 6, 21, 7, 2, 8, 17, 3, 9, 10, 4, 13, 14, 5, 11, 1, 12, 15]
Run 24:
Best OCplx: 2.327117824838592
Best Sequence: [17, 20, 4, 18, 2, 5, 6, 19, 16, 7, 1, 3, 8, 21, 9, 10, 11, 15, 14, 12, 13]
Run 25:
Best OCplx: 2.4211783591001352
Best Sequence: [17, 21, 20, 5, 16, 18, 7, 6, 19, 1, 3, 2, 4, 8, 9, 10, 12, 15, 13, 11, 14]
Run 26:
Best OCplx: 2.4574240267756142
Best Sequence: [20, 18, 16, 21, 17, 7, 5, 2, 1, 4, 6, 19, 3, 9, 8, 10, 15, 14, 13, 11, 12]
Run 27:
Best OCplx: 2.340831213338432
Best Sequence: [2, 19, 20, 16, 8, 17, 3, 21, 9, 4, 1, 18, 7, 5, 10, 6, 15, 12, 11, 14, 13]
Run 28:
Best OCplx: 2.2864383840163898
Best Sequence: [19, 21, 16, 17, 4, 20, 7, 8, 9, 2, 6, 18, 1, 5, 3, 10, 11, 13, 14, 15, 12]
Run 29:
Best OCplx: 2.340831213338432
Best Sequence: [19, 7, 2, 20, 16, 3, 17, 6, 4, 21, 1, 5, 18, 8, 9, 10, 13, 11, 12, 14, 15]
Run 30:
Best OCplx: 2.492071172659418
Best Sequence: [20, 16, 17, 5, 2, 1, 4, 7, 3, 21, 6, 18, 19, 8, 9, 15, 10, 12, 11, 14, 13]
