Run 1:
Best OCplx: 1.4104621326570217
Best Sequence: [60, 59, 46, 28, 27, 8, 15, 5, 21, 7, 13, 47, 40, 10, 58, 56, 16, 17, 61, 43, 31, 44, 9, 49, 29, 14, 22, 36, 57, 41, 48, 24, 6, 34, 53, 26, 4, 39, 19, 54, 45, 11, 2, 1, 18, 23, 32, 25, 3, 37, 55, 35, 42, 30, 38, 20, 51, 50, 52, 33, 12]
Run 2:
Best OCplx: 2.100977554156277
Best Sequence: [5, 21, 31, 28, 49, 58, 46, 60, 61, 36, 8, 34, 15, 48, 59, 13, 9, 47, 40, 39, 10, 44, 7, 53, 27, 17, 30, 23, 45, 24, 22, 43, 11, 6, 29, 26, 16, 25, 35, 2, 14, 55, 54, 20, 1, 32, 19, 4, 37, 38, 51, 52, 57, 33, 12, 18, 42, 56, 41, 50, 3]
Run 3:
Best OCplx: 1.5858594834267592
Best Sequence: [44, 49, 17, 28, 5, 47, 31, 59, 27, 21, 8, 6, 45, 36, 46, 43, 29, 10, 9, 58, 40, 30, 60, 14, 13, 53, 15, 24, 39, 16, 7, 61, 56, 57, 34, 22, 54, 4, 25, 35, 2, 48, 18, 11, 55, 26, 23, 37, 41, 32, 19, 1, 38, 20, 33, 50, 51, 42, 3, 12, 52]
Run 4:
Best OCplx: 3.129460310553842
Best Sequence: [53, 5, 21, 10, 27, 40, 31, 56, 46, 7, 61, 15, 36, 49, 58, 9, 57, 44, 8, 47, 19, 17, 60, 6, 39, 28, 35, 43, 13, 54, 24, 59, 34, 41, 37, 16, 25, 30, 11, 22, 4, 48, 23, 32, 29, 26, 38, 14, 18, 1, 55, 2, 52, 45, 20, 33, 50, 51, 12, 42, 3]
Run 5:
Best OCplx: 1.857551103138746
Best Sequence: [28, 13, 9, 15, 8, 39, 59, 5, 21, 44, 60, 46, 61, 24, 17, 10, 36, 43, 31, 49, 53, 16, 26, 27, 47, 34, 40, 48, 45, 25, 7, 54, 23, 22, 2, 56, 19, 35, 14, 6, 29, 58, 37, 32, 18, 4, 57, 30, 55, 51, 20, 38, 52, 33, 3, 1, 50, 41, 11, 12, 42]
Run 6:
Best OCplx: 1.4361446333042887
Best Sequence: [10, 53, 31, 15, 44, 59, 5, 8, 27, 47, 46, 17, 34, 39, 21, 4, 36, 60, 28, 9, 24, 13, 25, 57, 56, 61, 49, 48, 29, 43, 58, 16, 30, 45, 14, 7, 40, 54, 11, 23, 35, 22, 26, 41, 6, 1, 37, 19, 18, 32, 55, 3, 42, 2, 20, 51, 12, 38, 52, 50, 33]
Run 7:
Best OCplx: 2.1574974260301008
Best Sequence: [22, 36, 13, 31, 34, 47, 43, 8, 10, 5, 21, 15, 57, 28, 46, 39, 48, 6, 49, 27, 61, 4, 44, 45, 58, 19, 40, 17, 26, 16, 11, 23, 9, 59, 7, 54, 25, 29, 60, 32, 30, 37, 1, 41, 24, 18, 55, 14, 53, 20, 35, 56, 2, 42, 38, 50, 51, 12, 3, 52, 33]
Run 8:
Best OCplx: 1.9342139157692646
Best Sequence: [27, 47, 9, 40, 8, 60, 61, 5, 46, 21, 58, 44, 59, 34, 43, 15, 49, 54, 31, 11, 13, 29, 39, 28, 10, 17, 36, 18, 53, 19, 6, 41, 22, 57, 16, 35, 30, 45, 37, 56, 4, 25, 26, 14, 48, 7, 24, 32, 23, 55, 20, 42, 12, 2, 1, 51, 38, 33, 3, 50, 52]
Run 9:
Best OCplx: 1.0948647559031475
Best Sequence: [46, 9, 8, 28, 36, 60, 31, 13, 5, 61, 47, 21, 16, 49, 59, 39, 17, 43, 45, 44, 34, 58, 15, 40, 27, 25, 26, 10, 48, 7, 6, 57, 22, 53, 54, 4, 18, 56, 19, 29, 41, 37, 35, 32, 55, 14, 30, 38, 11, 2, 24, 20, 1, 51, 42, 23, 12, 50, 52, 3, 33]
Run 10:
Best OCplx: 2.302956235326371
Best Sequence: [36, 34, 8, 49, 21, 47, 5, 60, 13, 15, 9, 43, 17, 31, 4, 28, 48, 61, 18, 46, 23, 26, 24, 59, 10, 44, 58, 40, 27, 53, 57, 6, 39, 56, 14, 16, 30, 35, 29, 11, 25, 1, 19, 54, 7, 41, 37, 45, 32, 2, 55, 22, 20, 42, 38, 52, 12, 33, 50, 3, 51]
Run 11:
Best OCplx: 0.7112712185188217
Best Sequence: [28, 61, 5, 10, 49, 8, 15, 27, 46, 36, 34, 31, 9, 17, 59, 47, 39, 60, 40, 13, 44, 21, 7, 43, 58, 4, 53, 14, 57, 24, 1, 6, 11, 16, 25, 23, 22, 48, 35, 45, 30, 56, 41, 18, 29, 19, 26, 37, 55, 32, 2, 54, 20, 51, 12, 3, 38, 42, 50, 52, 33]
Run 12:
Best OCplx: 1.1143509124788542
Best Sequence: [27, 28, 13, 36, 49, 8, 46, 5, 43, 47, 15, 44, 21, 24, 10, 59, 9, 11, 17, 34, 57, 31, 14, 60, 61, 19, 45, 30, 48, 39, 40, 58, 4, 16, 54, 26, 23, 7, 53, 29, 32, 1, 18, 25, 41, 35, 37, 6, 55, 56, 2, 22, 20, 3, 50, 42, 51, 12, 38, 33, 52]
Run 13:
Best OCplx: 0.8595077391210618
Best Sequence: [28, 44, 17, 9, 27, 60, 59, 31, 49, 8, 46, 5, 47, 13, 34, 21, 61, 10, 40, 43, 15, 36, 39, 7, 54, 45, 29, 53, 19, 6, 26, 14, 58, 22, 25, 55, 57, 4, 18, 23, 30, 35, 11, 56, 48, 2, 16, 32, 37, 1, 41, 20, 24, 51, 42, 3, 38, 50, 12, 52, 33]
Run 14:
Best OCplx: 1.2999093417627305
Best Sequence: [49, 13, 44, 43, 9, 27, 17, 5, 8, 21, 61, 10, 59, 31, 46, 47, 60, 36, 40, 28, 25, 30, 45, 54, 58, 15, 16, 39, 6, 4, 14, 35, 24, 29, 7, 23, 53, 34, 2, 1, 11, 22, 18, 37, 56, 41, 48, 55, 51, 26, 32, 12, 20, 19, 50, 57, 42, 3, 38, 52, 33]
Run 15:
Best OCplx: 2.0542518708921023
Best Sequence: [44, 5, 53, 27, 15, 46, 60, 8, 31, 9, 13, 47, 36, 58, 10, 17, 39, 49, 59, 21, 28, 34, 14, 61, 43, 24, 40, 30, 11, 57, 22, 7, 26, 29, 1, 25, 56, 4, 18, 45, 35, 6, 2, 16, 19, 48, 32, 37, 12, 41, 20, 55, 23, 38, 50, 52, 33, 3, 54, 51, 42]
Run 16:
Best OCplx: 0.7856967893193096
Best Sequence: [15, 27, 5, 28, 31, 40, 9, 36, 61, 8, 46, 44, 17, 60, 34, 21, 58, 49, 13, 47, 39, 59, 10, 43, 11, 4, 41, 16, 56, 45, 19, 53, 48, 54, 26, 25, 2, 22, 7, 6, 29, 18, 23, 24, 14, 32, 35, 57, 1, 55, 30, 20, 37, 42, 51, 12, 38, 52, 33, 50, 3]
Run 17:
Best OCplx: 2.6979932056359424
Best Sequence: [35, 34, 31, 28, 60, 9, 39, 17, 10, 46, 61, 36, 44, 47, 5, 8, 58, 43, 41, 15, 21, 59, 13, 27, 40, 53, 49, 48, 18, 7, 37, 26, 23, 22, 24, 29, 56, 1, 4, 16, 30, 6, 57, 14, 11, 2, 25, 32, 54, 19, 55, 45, 12, 51, 42, 20, 50, 38, 52, 3, 33]
Run 18:
Best OCplx: 1.4543963901849282
Best Sequence: [9, 27, 36, 28, 53, 5, 8, 21, 6, 43, 39, 46, 13, 59, 60, 25, 31, 49, 19, 40, 10, 17, 44, 47, 61, 15, 34, 45, 57, 48, 16, 7, 22, 30, 18, 14, 58, 23, 1, 35, 29, 54, 24, 41, 4, 11, 26, 32, 37, 55, 3, 2, 56, 20, 38, 42, 50, 52, 51, 33, 12]
Run 19:
Best OCplx: 0.9272459420814945
Best Sequence: [61, 36, 47, 59, 60, 49, 8, 28, 5, 13, 46, 43, 31, 40, 17, 9, 27, 21, 10, 34, 44, 15, 39, 53, 45, 58, 56, 11, 24, 48, 6, 14, 29, 26, 19, 22, 7, 18, 37, 16, 25, 1, 57, 32, 35, 2, 23, 54, 55, 30, 42, 4, 41, 20, 38, 51, 52, 33, 12, 3, 50]
Run 20:
Best OCplx: 2.2089684282323634
Best Sequence: [9, 59, 8, 27, 21, 31, 35, 14, 46, 61, 24, 40, 26, 29, 58, 53, 44, 60, 43, 17, 47, 15, 34, 39, 36, 49, 1, 13, 28, 48, 5, 10, 22, 45, 57, 30, 11, 4, 23, 25, 7, 18, 54, 37, 19, 2, 41, 16, 55, 32, 6, 56, 3, 20, 51, 50, 38, 52, 42, 33, 12]
Run 21:
Best OCplx: 1.3417768415934512
Best Sequence: [36, 8, 10, 44, 59, 28, 40, 46, 61, 5, 15, 39, 21, 47, 31, 34, 17, 9, 27, 49, 60, 13, 4, 58, 6, 11, 43, 22, 16, 48, 45, 57, 54, 30, 7, 56, 29, 37, 26, 53, 25, 23, 32, 55, 20, 18, 24, 35, 42, 33, 50, 51, 14, 12, 2, 3, 38, 41, 52, 1, 19]
Run 22:
Best OCplx: 2.3085403571700143
Best Sequence: [40, 16, 49, 61, 28, 44, 13, 31, 46, 15, 53, 8, 5, 10, 17, 59, 58, 9, 47, 21, 60, 36, 27, 35, 14, 26, 39, 57, 56, 48, 34, 11, 24, 43, 45, 22, 19, 41, 29, 18, 25, 4, 7, 37, 1, 32, 54, 30, 23, 6, 20, 55, 42, 12, 38, 33, 2, 3, 51, 50, 52]
Run 23:
Best OCplx: 3.2356711809794083
Best Sequence: [17, 8, 53, 43, 49, 60, 46, 31, 14, 47, 10, 21, 36, 57, 15, 61, 28, 34, 18, 9, 5, 59, 13, 40, 39, 27, 58, 16, 35, 37, 22, 24, 48, 7, 11, 4, 29, 23, 26, 19, 56, 44, 54, 6, 32, 25, 41, 45, 55, 1, 2, 20, 50, 42, 38, 30, 52, 51, 33, 3, 12]
Run 24:
Best OCplx: 2.2579694560556036
Best Sequence: [39, 8, 21, 46, 9, 34, 25, 31, 5, 43, 28, 13, 61, 49, 44, 60, 47, 17, 15, 26, 36, 56, 24, 54, 4, 40, 16, 7, 59, 57, 10, 27, 23, 58, 6, 29, 53, 1, 45, 30, 41, 22, 48, 37, 35, 19, 14, 11, 55, 18, 2, 32, 38, 52, 20, 51, 3, 42, 12, 33, 50]
Run 25:
Best OCplx: 2.159349892900193
Best Sequence: [43, 28, 31, 59, 44, 9, 10, 5, 8, 13, 21, 15, 53, 47, 61, 39, 49, 17, 58, 40, 46, 29, 36, 56, 23, 4, 26, 60, 54, 27, 11, 34, 19, 24, 30, 48, 14, 6, 22, 25, 7, 1, 35, 16, 55, 37, 41, 18, 45, 57, 32, 2, 3, 38, 50, 20, 51, 12, 33, 52, 42]
Run 26:
Best OCplx: 1.0158060937272944
Best Sequence: [36, 60, 9, 61, 46, 5, 49, 27, 21, 44, 13, 15, 8, 10, 31, 17, 56, 28, 26, 39, 40, 59, 6, 47, 57, 34, 58, 16, 45, 54, 25, 53, 14, 43, 22, 23, 30, 7, 11, 4, 35, 29, 37, 41, 24, 19, 18, 2, 48, 32, 20, 55, 1, 51, 38, 12, 50, 42, 52, 33, 3]
Run 27:
Best OCplx: 1.0220302481264434
Best Sequence: [9, 27, 15, 61, 8, 10, 5, 46, 39, 49, 21, 36, 14, 59, 47, 31, 17, 40, 13, 60, 28, 25, 18, 11, 34, 7, 6, 44, 56, 35, 58, 48, 22, 37, 57, 53, 29, 43, 26, 16, 2, 24, 23, 30, 4, 54, 45, 32, 20, 41, 1, 55, 19, 51, 38, 42, 33, 12, 50, 3, 52]
Run 28:
Best OCplx: 2.007781868601254
Best Sequence: [46, 49, 5, 28, 21, 8, 60, 39, 15, 36, 10, 47, 27, 13, 59, 14, 40, 31, 58, 9, 17, 61, 34, 45, 7, 41, 54, 53, 44, 30, 23, 43, 22, 57, 19, 29, 26, 6, 4, 16, 25, 18, 2, 48, 35, 24, 37, 32, 56, 1, 11, 55, 38, 50, 20, 42, 3, 33, 51, 12, 52]
Run 29:
Best OCplx: 1.5188424782663588
Best Sequence: [28, 5, 21, 8, 49, 15, 34, 39, 36, 17, 13, 31, 46, 19, 59, 10, 60, 61, 27, 44, 43, 4, 47, 40, 24, 58, 9, 14, 11, 53, 45, 23, 25, 54, 35, 30, 18, 48, 2, 16, 22, 7, 56, 57, 6, 1, 29, 41, 26, 37, 32, 55, 38, 52, 42, 20, 12, 33, 3, 50, 51]
Run 30:
Best OCplx: 0.84844523757566
Best Sequence: [5, 15, 10, 49, 28, 46, 59, 36, 8, 27, 21, 60, 40, 13, 7, 44, 11, 4, 6, 61, 39, 17, 9, 34, 31, 47, 14, 43, 58, 18, 41, 53, 16, 22, 25, 2, 45, 35, 26, 19, 30, 23, 29, 55, 54, 1, 57, 37, 32, 48, 20, 24, 56, 42, 51, 38, 50, 52, 12, 3, 33]
