Run 1:
Best OCplx: 2.918118210488685
Best Sequence: [15, 61, 8, 25, 46, 31, 36, 5, 28, 59, 60, 21, 22, 58, 29, 27, 48, 10, 18, 47, 30, 6, 40, 17, 9, 54, 39, 44, 2, 56, 24, 4, 34, 43, 49, 26, 7, 45, 13, 37, 14, 55, 35, 53, 32, 1, 38, 11, 57, 41, 19, 16, 23, 20, 52, 51, 3, 33, 50, 42, 12]
Run 2:
Best OCplx: 3.660957767928484
Best Sequence: [8, 36, 27, 61, 15, 21, 39, 11, 17, 25, 46, 53, 49, 4, 23, 16, 57, 40, 28, 9, 29, 56, 19, 34, 54, 60, 58, 45, 43, 13, 6, 18, 2, 35, 44, 10, 7, 31, 55, 32, 24, 47, 48, 14, 26, 41, 42, 52, 30, 5, 50, 37, 38, 59, 20, 51, 22, 1, 33, 12, 3]
Run 3:
Best OCplx: 3.413951959607839
Best Sequence: [31, 17, 36, 8, 40, 54, 59, 34, 21, 46, 2, 29, 13, 56, 15, 48, 57, 10, 39, 61, 23, 11, 4, 7, 9, 28, 27, 1, 24, 16, 43, 35, 58, 19, 55, 5, 60, 30, 6, 37, 47, 45, 49, 32, 53, 14, 18, 42, 22, 41, 20, 38, 3, 52, 26, 33, 51, 25, 50, 12, 44]
Run 4:
Best OCplx: 3.042878220449263
Best Sequence: [36, 28, 17, 8, 61, 31, 21, 39, 4, 46, 56, 13, 49, 44, 47, 10, 9, 24, 58, 18, 40, 45, 23, 15, 29, 2, 7, 30, 6, 11, 32, 16, 60, 14, 27, 41, 20, 54, 57, 59, 1, 34, 35, 22, 5, 48, 53, 37, 55, 43, 26, 38, 52, 51, 33, 3, 19, 12, 50, 25, 42]
Run 5:
Best OCplx: 3.0360136556474586
Best Sequence: [46, 8, 40, 39, 28, 5, 47, 41, 9, 61, 60, 11, 58, 21, 31, 30, 17, 27, 7, 24, 22, 4, 57, 48, 59, 49, 19, 56, 6, 10, 36, 23, 45, 35, 54, 14, 18, 29, 25, 43, 32, 53, 13, 37, 44, 20, 16, 1, 34, 55, 3, 26, 2, 15, 38, 33, 52, 51, 12, 42, 50]
Run 6:
Best OCplx: 5.882105452406118
Best Sequence: [8, 61, 27, 44, 21, 9, 36, 17, 25, 46, 34, 47, 5, 15, 31, 13, 28, 43, 57, 59, 4, 14, 39, 60, 35, 58, 56, 55, 51, 7, 45, 40, 10, 50, 32, 48, 37, 52, 18, 2, 26, 11, 16, 1, 30, 6, 42, 22, 41, 12, 33, 19, 53, 29, 24, 38, 23, 49, 54, 20, 3]
Run 7:
Best OCplx: 3.0094570977965147
Best Sequence: [59, 46, 28, 8, 40, 31, 5, 49, 61, 9, 21, 58, 35, 57, 17, 15, 18, 23, 47, 1, 45, 43, 25, 30, 44, 60, 7, 24, 19, 55, 13, 22, 4, 29, 39, 36, 32, 16, 11, 2, 41, 48, 27, 14, 53, 54, 56, 34, 42, 26, 6, 37, 3, 51, 38, 33, 12, 20, 52, 50, 10]
Run 8:
Best OCplx: 2.534163144966139
Best Sequence: [49, 44, 8, 5, 13, 39, 61, 10, 21, 46, 4, 27, 17, 34, 47, 35, 43, 57, 60, 37, 6, 14, 48, 7, 24, 58, 2, 59, 11, 15, 45, 29, 56, 40, 36, 9, 25, 31, 55, 32, 33, 18, 30, 23, 54, 26, 16, 53, 38, 22, 1, 20, 19, 51, 41, 42, 50, 3, 52, 28, 12]
Run 9:
Best OCplx: 4.286895216677184
Best Sequence: [17, 21, 8, 59, 25, 10, 61, 46, 11, 28, 60, 15, 18, 24, 48, 56, 39, 58, 34, 40, 36, 13, 9, 26, 54, 47, 27, 35, 29, 30, 7, 2, 4, 6, 1, 49, 57, 45, 19, 14, 55, 23, 43, 37, 5, 22, 32, 16, 3, 41, 53, 20, 42, 51, 52, 38, 12, 33, 50, 31, 44]
Run 10:
Best OCplx: 2.927598461578221
Best Sequence: [8, 25, 49, 46, 21, 34, 17, 10, 11, 2, 4, 44, 7, 35, 29, 45, 56, 14, 30, 61, 31, 39, 58, 36, 40, 24, 23, 13, 16, 28, 18, 27, 60, 37, 54, 19, 43, 59, 9, 48, 5, 57, 55, 47, 6, 26, 32, 41, 1, 22, 38, 52, 20, 42, 50, 53, 33, 3, 51, 15, 12]
Run 11:
Best OCplx: 2.460623086894428
Best Sequence: [40, 28, 36, 8, 10, 17, 21, 46, 44, 29, 7, 14, 9, 31, 48, 25, 16, 35, 59, 60, 24, 34, 26, 15, 11, 49, 57, 18, 2, 37, 6, 45, 23, 54, 1, 39, 58, 53, 4, 27, 56, 47, 30, 13, 61, 19, 43, 20, 22, 32, 55, 38, 52, 33, 5, 42, 41, 50, 3, 51, 12]
Run 12:
Best OCplx: 3.2522572262427243
Best Sequence: [46, 59, 8, 61, 5, 39, 13, 9, 21, 29, 25, 49, 28, 16, 57, 10, 4, 23, 7, 6, 54, 17, 26, 2, 24, 56, 48, 30, 19, 34, 35, 37, 11, 18, 1, 27, 43, 45, 58, 47, 60, 55, 41, 31, 32, 36, 22, 33, 44, 3, 14, 38, 52, 53, 20, 42, 50, 12, 51, 15, 40]
Run 13:
Best OCplx: 2.3233546258375597
Best Sequence: [49, 8, 15, 44, 13, 10, 36, 21, 60, 7, 4, 29, 25, 46, 11, 18, 58, 27, 61, 35, 54, 14, 9, 47, 48, 45, 32, 23, 57, 17, 19, 2, 28, 39, 16, 20, 26, 24, 6, 41, 34, 22, 31, 30, 43, 55, 40, 56, 38, 42, 37, 50, 52, 53, 33, 1, 51, 3, 59, 5, 12]
Run 14:
Best OCplx: 3.2399674570062604
Best Sequence: [60, 61, 27, 59, 8, 44, 21, 17, 2, 16, 28, 34, 15, 46, 25, 5, 31, 1, 58, 11, 18, 36, 57, 23, 45, 7, 4, 40, 48, 29, 43, 30, 24, 47, 52, 55, 41, 53, 32, 56, 13, 6, 49, 35, 26, 19, 10, 42, 9, 54, 39, 20, 38, 14, 37, 51, 33, 3, 22, 12, 50]
Run 15:
Best OCplx: 2.6189829662279234
Best Sequence: [44, 10, 25, 8, 28, 27, 17, 5, 40, 59, 60, 61, 21, 36, 15, 49, 13, 46, 30, 31, 1, 18, 53, 29, 22, 35, 57, 48, 7, 37, 24, 43, 56, 58, 11, 32, 14, 45, 34, 19, 47, 2, 39, 6, 4, 41, 9, 55, 20, 38, 52, 42, 16, 26, 23, 12, 33, 50, 54, 51, 3]
Run 16:
Best OCplx: 3.5436570197018638
Best Sequence: [59, 46, 10, 8, 54, 44, 61, 27, 49, 39, 36, 9, 21, 47, 25, 13, 28, 31, 40, 35, 17, 53, 58, 37, 5, 15, 60, 43, 16, 11, 48, 41, 29, 26, 6, 30, 18, 34, 4, 3, 56, 57, 23, 24, 45, 55, 22, 7, 19, 1, 2, 14, 52, 32, 42, 38, 20, 51, 33, 12, 50]
Run 17:
Best OCplx: 3.4569396019853698
Best Sequence: [40, 10, 27, 15, 8, 31, 5, 61, 21, 7, 56, 46, 11, 44, 47, 23, 24, 28, 45, 4, 30, 54, 48, 17, 49, 6, 58, 55, 32, 2, 9, 39, 22, 37, 25, 57, 59, 19, 60, 13, 16, 1, 29, 53, 36, 26, 12, 34, 20, 38, 35, 14, 52, 41, 43, 3, 42, 33, 51, 50, 18]
Run 18:
Best OCplx: 2.006224727806027
Best Sequence: [39, 46, 5, 8, 21, 25, 40, 15, 11, 14, 17, 49, 24, 34, 54, 45, 29, 47, 56, 60, 43, 61, 6, 44, 28, 27, 48, 10, 4, 19, 58, 31, 2, 7, 30, 35, 26, 37, 59, 32, 13, 1, 18, 36, 53, 16, 41, 22, 57, 9, 55, 3, 38, 51, 52, 20, 42, 50, 33, 12, 23]
Run 19:
Best OCplx: 4.106907729044671
Best Sequence: [27, 61, 28, 8, 46, 21, 10, 47, 54, 11, 25, 5, 18, 40, 59, 31, 43, 39, 14, 4, 57, 56, 26, 45, 24, 9, 49, 44, 58, 35, 60, 7, 13, 15, 48, 19, 41, 30, 23, 37, 29, 34, 22, 16, 17, 55, 36, 51, 6, 52, 38, 20, 32, 42, 53, 33, 3, 1, 50, 12, 2]
Run 20:
Best OCplx: 4.023521088963069
Best Sequence: [46, 31, 22, 40, 58, 59, 28, 49, 25, 13, 36, 8, 17, 5, 21, 10, 54, 56, 60, 43, 61, 11, 37, 9, 44, 29, 57, 34, 6, 19, 14, 39, 48, 18, 15, 47, 23, 45, 30, 26, 35, 27, 2, 3, 7, 4, 24, 16, 55, 33, 32, 41, 53, 20, 1, 51, 38, 52, 42, 12, 50]
