Run 1:
Best OCplx: 2.558959170827916
Best Sequence: [17, 21, 16, 8, 20, 3, 6, 4, 19, 2, 5, 9, 10, 1, 14, 18, 11, 7, 12, 15, 13]
Run 2:
Best OCplx: 2.2990191679939382
Best Sequence: [21, 20, 7, 8, 16, 17, 9, 1, 4, 18, 19, 2, 3, 10, 5, 11, 14, 12, 15, 6, 13]
Run 3:
Best OCplx: 2.669779237402558
Best Sequence: [20, 21, 3, 8, 16, 1, 2, 9, 4, 7, 6, 19, 17, 18, 10, 15, 14, 13, 11, 5, 12]
Run 4:
Best OCplx: 2.353468458974594
Best Sequence: [16, 21, 17, 20, 7, 3, 5, 18, 8, 9, 10, 6, 2, 1, 19, 14, 11, 4, 12, 13, 15]
Run 5:
Best OCplx: 2.9180868658263313
Best Sequence: [18, 6, 2, 21, 17, 9, 3, 20, 7, 8, 5, 10, 19, 16, 1, 4, 11, 14, 15, 13, 12]
Run 6:
Best OCplx: 2.562116789833186
Best Sequence: [17, 8, 2, 6, 7, 21, 20, 9, 16, 3, 1, 19, 10, 14, 5, 11, 13, 4, 18, 12, 15]
Run 7:
Best OCplx: 2.7967487252731633
Best Sequence: [21, 4, 16, 6, 18, 17, 3, 7, 20, 2, 1, 19, 5, 8, 9, 10, 11, 12, 13, 14, 15]
Run 8:
Best OCplx: 2.728745575268973
Best Sequence: [2, 21, 3, 18, 16, 7, 20, 19, 17, 5, 4, 9, 1, 8, 6, 10, 11, 14, 13, 12, 15]
Run 9:
Best OCplx: 2.6153299464219018
Best Sequence: [17, 21, 8, 18, 20, 16, 6, 19, 5, 9, 7, 1, 10, 4, 2, 14, 3, 15, 13, 11, 12]
Run 10:
Best OCplx: 3.1706664136870546
Best Sequence: [3, 21, 2, 18, 7, 20, 8, 9, 4, 10, 15, 16, 5, 6, 1, 11, 12, 19, 17, 14, 13]
Run 11:
Best OCplx: 2.7805993039772003
Best Sequence: [8, 20, 18, 5, 16, 21, 3, 7, 6, 9, 17, 10, 19, 1, 11, 2, 15, 14, 4, 12, 13]
Run 12:
Best OCplx: 2.768843636078448
Best Sequence: [18, 21, 20, 1, 17, 8, 16, 5, 19, 3, 4, 7, 6, 2, 9, 10, 11, 12, 13, 15, 14]
Run 13:
Best OCplx: 3.134642468381616
Best Sequence: [18, 20, 6, 7, 3, 21, 8, 9, 16, 15, 10, 2, 4, 17, 11, 14, 1, 13, 5, 19, 12]
Run 14:
Best OCplx: 2.6314793677178656
Best Sequence: [8, 16, 2, 21, 9, 20, 1, 18, 3, 5, 10, 17, 12, 11, 7, 19, 6, 13, 14, 4, 15]
Run 15:
Best OCplx: 2.4098392345685804
Best Sequence: [8, 16, 21, 20, 2, 6, 17, 9, 18, 4, 3, 19, 1, 7, 10, 11, 5, 13, 14, 15, 12]
Run 16:
Best OCplx: 2.980088988737756
Best Sequence: [5, 21, 16, 8, 7, 2, 4, 19, 9, 10, 20, 3, 11, 6, 1, 18, 13, 17, 15, 12, 14]
Run 17:
Best OCplx: 2.649068888837958
Best Sequence: [20, 21, 3, 16, 7, 17, 2, 8, 9, 14, 5, 18, 4, 1, 10, 11, 19, 6, 13, 15, 12]
Run 18:
Best OCplx: 2.448139104253273
Best Sequence: [20, 6, 21, 8, 19, 3, 9, 18, 16, 10, 11, 7, 17, 1, 5, 2, 15, 14, 4, 13, 12]
Run 19:
Best OCplx: 2.315168589289901
Best Sequence: [6, 16, 8, 20, 1, 2, 17, 21, 19, 9, 3, 10, 4, 7, 11, 5, 12, 18, 14, 13, 15]
Run 20:
Best OCplx: 2.619723699819113
Best Sequence: [8, 21, 9, 17, 20, 4, 10, 1, 16, 2, 11, 7, 18, 3, 6, 14, 19, 5, 15, 12, 13]
Run 21:
Best OCplx: 2.9372706126390176
Best Sequence: [6, 8, 21, 3, 9, 20, 17, 18, 10, 4, 11, 12, 15, 1, 14, 13, 2, 7, 5, 16, 19]
Run 22:
Best OCplx: 2.5071054421196877
Best Sequence: [2, 6, 16, 20, 18, 21, 17, 19, 4, 1, 7, 3, 9, 8, 5, 10, 11, 14, 13, 15, 12]
Run 23:
Best OCplx: 2.204348522715259
Best Sequence: [16, 20, 18, 21, 1, 19, 8, 17, 5, 4, 9, 6, 7, 2, 10, 3, 15, 11, 14, 12, 13]
Run 24:
Best OCplx: 2.315168589289901
Best Sequence: [19, 16, 20, 21, 8, 18, 6, 17, 2, 9, 5, 1, 7, 3, 10, 14, 12, 11, 4, 15, 13]
Run 25:
Best OCplx: 2.499948952578623
Best Sequence: [20, 16, 17, 19, 6, 1, 8, 2, 21, 9, 18, 14, 5, 7, 4, 10, 11, 15, 3, 13, 12]
Run 26:
Best OCplx: 2.728745575268973
Best Sequence: [2, 16, 21, 17, 4, 9, 8, 5, 10, 6, 20, 1, 18, 11, 19, 14, 3, 13, 7, 12, 15]
Run 27:
Best OCplx: 3.074759634016435
Best Sequence: [8, 16, 2, 21, 5, 4, 9, 3, 20, 6, 7, 18, 10, 1, 11, 19, 12, 15, 17, 14, 13]
Run 28:
Best OCplx: 2.3936898132726174
Best Sequence: [21, 17, 20, 7, 6, 8, 5, 9, 19, 16, 2, 1, 18, 4, 10, 3, 14, 12, 11, 15, 13]
Run 29:
Best OCplx: 3.2820099750413667
Best Sequence: [17, 8, 21, 18, 9, 19, 1, 20, 5, 10, 14, 15, 2, 12, 11, 16, 7, 13, 3, 6, 4]
Run 30:
Best OCplx: 2.2990191679939382
Best Sequence: [20, 8, 16, 2, 6, 21, 9, 10, 17, 1, 19, 11, 4, 5, 18, 7, 14, 3, 12, 13, 15]
Learning Rate: 1e-05
Epsilon: 0.15
Gamma: 0.99
Target Update: 50
Memory Capacity: 20000
Batch Size: 128
if_EWM: True

