Run 1:
Best OCplx: 0.9422221675703722
Best Sequence: [39, 3, 27, 2, 34, 10, 15, 31, 7, 21, 14, 12, 26, 24, 30, 8, 32, 19, 38, 36, 22, 20, 25, 16, 18, 23, 13, 29, 37, 35, 11, 9, 33, 6, 1, 28, 4, 17, 5]
Run 2:
Best OCplx: 1.2683390118630158
Best Sequence: [16, 12, 34, 3, 20, 18, 28, 31, 30, 36, 22, 27, 32, 1, 10, 11, 15, 14, 17, 9, 8, 24, 37, 38, 6, 25, 4, 21, 13, 5, 23, 35, 2, 7, 19, 33, 39, 26, 29]
Run 3:
Best OCplx: 0.9463657314340325
Best Sequence: [11, 7, 3, 16, 34, 20, 18, 10, 13, 27, 17, 29, 15, 21, 12, 9, 39, 35, 19, 37, 6, 8, 1, 33, 31, 4, 32, 26, 25, 2, 14, 38, 30, 28, 36, 24, 23, 5, 22]
Run 4:
Best OCplx: 0.8892514964088089
Best Sequence: [20, 5, 18, 11, 16, 25, 7, 2, 26, 13, 3, 38, 33, 17, 15, 27, 10, 29, 35, 32, 36, 21, 31, 9, 28, 39, 19, 34, 8, 14, 24, 30, 23, 22, 12, 6, 1, 37, 4]
Run 5:
Best OCplx: 0.7478301401714994
Best Sequence: [20, 28, 11, 3, 22, 36, 2, 16, 32, 17, 18, 8, 10, 39, 33, 27, 7, 19, 25, 35, 26, 31, 24, 9, 34, 29, 21, 15, 6, 30, 38, 23, 14, 13, 12, 4, 5, 37, 1]
Run 6:
Best OCplx: 0.7420023710219006
Best Sequence: [22, 24, 27, 26, 32, 35, 39, 11, 34, 10, 7, 9, 6, 21, 36, 29, 31, 4, 37, 15, 3, 2, 17, 14, 16, 20, 33, 13, 28, 1, 23, 8, 18, 12, 30, 19, 25, 38, 5]
Run 7:
Best OCplx: 0.8868027747989194
Best Sequence: [27, 2, 36, 7, 32, 33, 34, 26, 19, 29, 39, 16, 20, 15, 28, 37, 25, 14, 21, 17, 31, 22, 23, 11, 18, 24, 10, 38, 9, 1, 13, 3, 6, 5, 30, 12, 4, 35, 8]
Run 8:
Best OCplx: 1.1319431311851114
Best Sequence: [37, 34, 16, 32, 22, 36, 31, 13, 7, 11, 3, 5, 27, 18, 29, 19, 20, 10, 21, 15, 24, 17, 2, 9, 26, 1, 30, 23, 25, 6, 12, 35, 4, 33, 8, 39, 28, 14, 38]
Run 9:
Best OCplx: 0.9642222499640916
Best Sequence: [27, 32, 7, 12, 5, 24, 20, 26, 16, 22, 39, 11, 15, 28, 14, 38, 19, 10, 17, 34, 36, 21, 35, 3, 2, 1, 23, 9, 6, 13, 31, 30, 37, 8, 25, 33, 18, 29, 4]
Run 10:
Best OCplx: 0.8634761851200524
Best Sequence: [36, 2, 23, 32, 11, 5, 27, 10, 34, 15, 30, 28, 21, 9, 29, 6, 24, 39, 19, 1, 16, 8, 37, 38, 20, 4, 25, 3, 14, 26, 12, 7, 33, 18, 31, 13, 35, 17, 22]
Run 11:
Best OCplx: 0.927656915192585
Best Sequence: [27, 24, 25, 8, 39, 36, 30, 28, 38, 21, 13, 29, 26, 15, 10, 12, 11, 34, 20, 33, 7, 3, 22, 9, 14, 32, 31, 37, 6, 23, 1, 35, 2, 17, 19, 18, 16, 4, 5]
Run 12:
Best OCplx: 1.1826176019783452
Best Sequence: [16, 15, 18, 38, 11, 19, 32, 13, 36, 10, 17, 29, 34, 30, 9, 25, 6, 22, 28, 3, 21, 4, 2, 31, 23, 1, 12, 24, 27, 26, 37, 35, 5, 7, 33, 14, 39, 20, 8]
Run 13:
Best OCplx: 1.2249492522708487
Best Sequence: [39, 19, 28, 8, 13, 16, 24, 12, 11, 27, 10, 7, 21, 9, 31, 25, 6, 5, 14, 34, 38, 29, 36, 22, 33, 18, 23, 20, 17, 1, 3, 2, 32, 4, 26, 37, 30, 35, 15]
Run 14:
Best OCplx: 1.0409026527653231
Best Sequence: [1, 25, 38, 11, 28, 21, 34, 27, 14, 16, 20, 10, 3, 31, 36, 15, 7, 18, 12, 37, 23, 19, 26, 2, 30, 29, 9, 39, 5, 32, 17, 6, 33, 22, 24, 4, 13, 35, 8]
Run 15:
Best OCplx: 1.1659719629592908
Best Sequence: [3, 35, 37, 16, 2, 18, 23, 33, 34, 38, 21, 27, 11, 28, 13, 20, 10, 15, 26, 22, 36, 19, 9, 1, 24, 31, 6, 12, 30, 25, 14, 17, 7, 32, 5, 29, 4, 8, 39]
Run 16:
Best OCplx: 1.059140545658532
Best Sequence: [29, 20, 10, 14, 31, 24, 3, 21, 11, 28, 35, 23, 2, 30, 15, 5, 8, 16, 17, 7, 32, 1, 22, 18, 19, 27, 9, 37, 33, 38, 39, 26, 25, 12, 6, 36, 4, 13, 34]
Run 17:
Best OCplx: 0.9376676153592064
Best Sequence: [7, 36, 11, 17, 10, 31, 39, 2, 9, 29, 27, 23, 35, 5, 6, 21, 12, 16, 32, 1, 28, 18, 19, 37, 3, 34, 38, 22, 33, 20, 14, 24, 8, 25, 4, 13, 15, 26, 30]
Run 18:
Best OCplx: 1.0201888267045633
Best Sequence: [13, 18, 5, 25, 14, 11, 30, 20, 10, 31, 3, 22, 28, 27, 2, 17, 29, 39, 24, 1, 26, 19, 7, 16, 9, 23, 33, 8, 6, 21, 38, 35, 12, 15, 32, 37, 36, 4, 34]
Run 19:
Best OCplx: 1.074726307780272
Best Sequence: [17, 13, 2, 12, 8, 11, 26, 36, 28, 19, 31, 34, 24, 21, 22, 38, 23, 10, 16, 30, 20, 35, 9, 18, 15, 7, 32, 25, 39, 14, 27, 6, 5, 33, 3, 1, 29, 37, 4]
Run 20:
Best OCplx: 0.7626759461304724
Best Sequence: [7, 33, 20, 19, 13, 8, 15, 11, 18, 17, 28, 26, 36, 29, 16, 3, 24, 14, 27, 2, 10, 39, 31, 9, 30, 32, 6, 35, 1, 4, 21, 23, 22, 38, 25, 12, 5, 37, 34]
Run 21:
Best OCplx: 0.802509576780186
Best Sequence: [7, 3, 26, 36, 32, 8, 35, 27, 11, 10, 9, 31, 23, 37, 38, 15, 22, 18, 16, 6, 21, 5, 24, 12, 19, 1, 14, 4, 13, 39, 30, 34, 29, 17, 33, 2, 20, 28, 25]
Run 22:
Best OCplx: 0.9905989193674072
Best Sequence: [28, 21, 23, 19, 7, 20, 25, 36, 14, 3, 8, 1, 13, 10, 24, 12, 29, 26, 22, 27, 15, 35, 33, 31, 17, 2, 39, 11, 9, 6, 34, 32, 16, 37, 4, 38, 5, 18, 30]
Run 23:
Best OCplx: 1.6374790483768549
Best Sequence: [26, 29, 30, 7, 8, 21, 39, 22, 16, 5, 20, 27, 25, 24, 15, 3, 11, 18, 32, 17, 12, 10, 4, 9, 34, 38, 31, 23, 35, 33, 36, 6, 1, 28, 14, 37, 2, 19, 13]
Run 24:
Best OCplx: 1.3316920043853446
Best Sequence: [23, 17, 26, 15, 10, 3, 7, 25, 27, 28, 19, 1, 16, 14, 33, 13, 29, 9, 21, 6, 22, 35, 38, 4, 32, 8, 31, 34, 37, 2, 11, 24, 39, 36, 12, 18, 30, 20, 5]
Run 25:
Best OCplx: 1.0635794700955563
Best Sequence: [27, 30, 8, 18, 13, 32, 20, 16, 7, 10, 39, 24, 36, 35, 11, 34, 2, 38, 28, 37, 22, 21, 25, 1, 12, 9, 5, 26, 31, 33, 6, 17, 23, 19, 15, 29, 14, 3, 4]
Run 26:
Best OCplx: 1.2710946148129265
Best Sequence: [28, 33, 12, 11, 37, 39, 27, 8, 10, 16, 17, 7, 9, 36, 29, 20, 35, 1, 22, 14, 15, 24, 13, 25, 2, 34, 21, 23, 6, 3, 38, 31, 18, 26, 19, 4, 5, 30, 32]
Run 27:
Best OCplx: 0.9822821776557308
Best Sequence: [14, 23, 5, 38, 30, 26, 1, 16, 2, 10, 24, 39, 29, 20, 15, 18, 21, 11, 7, 32, 28, 34, 12, 9, 36, 3, 13, 25, 33, 8, 35, 27, 6, 19, 22, 37, 31, 17, 4]
Run 28:
Best OCplx: 0.7080358766751483
Best Sequence: [29, 27, 13, 1, 20, 26, 24, 23, 39, 28, 16, 22, 36, 7, 2, 11, 5, 10, 18, 19, 35, 21, 3, 15, 34, 31, 14, 30, 25, 33, 9, 37, 8, 12, 6, 32, 38, 17, 4]
Run 29:
Best OCplx: 0.8611915055183804
Best Sequence: [22, 28, 17, 30, 20, 36, 11, 32, 26, 21, 18, 3, 10, 5, 15, 27, 37, 34, 19, 25, 13, 38, 14, 16, 7, 9, 31, 2, 35, 24, 39, 1, 12, 29, 8, 23, 6, 4, 33]
Run 30:
Best OCplx: 1.1333458990910388
Best Sequence: [24, 19, 29, 20, 34, 13, 22, 35, 14, 31, 38, 28, 32, 39, 36, 17, 27, 3, 15, 16, 21, 5, 18, 33, 1, 11, 10, 9, 6, 4, 2, 7, 25, 12, 8, 37, 26, 30, 23]
200: UPDATE_GLOBAL_ITER
GAMMA: 0.99
MAX_EP: 6000
thread_count: 1
RL: 0.0001
if_EWM: False

