
Learning Rate: 0.0007
Epsilon: 0.99
Gamma: 0.93
Memory Capacity: 20000
Batch Size: 64
if_EWM: False
seed: 41
Run 1:
Best OCplx: 2.21894379437515
Best Sequence: [40, 4, 17, 10, 3, 60, 2, 15, 1, 9, 64, 14, 16, 59, 6, 24, 13, 12, 19, 62, 8, 7, 5, 11, 65, 28, 21, 18, 58, 63, 53, 41, 44, 45, 33, 56, 51, 47, 52, 29, 36, 30, 57, 32, 22, 38, 42, 34, 35, 55, 49, 43, 46, 50, 37, 48, 54, 39, 27, 31, 61, 23, 20, 25, 26]
Run 2:
Best OCplx: 1.7159037546265892
Best Sequence: [15, 9, 59, 58, 53, 24, 4, 10, 19, 27, 17, 63, 1, 64, 13, 3, 50, 8, 25, 16, 2, 14, 22, 57, 54, 44, 7, 60, 47, 55, 52, 32, 40, 41, 30, 46, 45, 43, 31, 28, 20, 35, 48, 12, 36, 34, 38, 6, 49, 65, 37, 61, 29, 51, 42, 62, 23, 21, 56, 33, 39, 5, 18, 11, 26]

Learning Rate: 0.0007
Epsilon: 0.99
Gamma: 0.93
Memory Capacity: 20000
Batch Size: 64
if_EWM: False
seed: 41
Run 1:
Best OCplx: 2.180721806202904
Best Sequence: [40, 3, 16, 59, 10, 60, 14, 2, 4, 9, 24, 64, 1, 17, 13, 6, 15, 12, 62, 19, 5, 8, 11, 7, 65, 28, 21, 18, 58, 52, 51, 41, 49, 44, 53, 32, 54, 61, 47, 63, 42, 50, 29, 45, 22, 56, 46, 31, 33, 55, 48, 30, 43, 39, 38, 57, 37, 35, 27, 36, 34, 23, 25, 20, 26]
Run 2:
Best OCplx: 2.322431178726419
Best Sequence: [15, 4, 17, 59, 24, 3, 10, 64, 1, 16, 13, 2, 9, 33, 14, 6, 12, 43, 58, 22, 44, 63, 47, 55, 19, 31, 41, 40, 36, 42, 49, 48, 46, 26, 30, 53, 38, 35, 27, 32, 52, 50, 51, 56, 37, 60, 54, 45, 20, 29, 57, 34, 8, 23, 28, 25, 5, 7, 65, 61, 62, 18, 39, 11, 21]
Run 3:
Best OCplx: 2.4509333972801017
Best Sequence: [59, 64, 10, 16, 9, 4, 17, 24, 14, 13, 55, 2, 15, 3, 1, 6, 62, 5, 8, 58, 19, 12, 63, 60, 34, 65, 61, 11, 39, 28, 36, 56, 48, 54, 18, 43, 35, 7, 37, 40, 46, 51, 41, 32, 52, 38, 47, 57, 30, 44, 42, 33, 29, 53, 31, 50, 45, 49, 23, 22, 21, 20, 27, 26, 25]
Run 4:
Best OCplx: 2.6817147242205785
Best Sequence: [16, 9, 58, 15, 1, 19, 10, 24, 3, 17, 63, 64, 11, 14, 44, 61, 5, 23, 6, 43, 2, 59, 13, 4, 62, 40, 60, 12, 41, 38, 57, 55, 47, 49, 42, 36, 32, 54, 65, 48, 37, 31, 30, 28, 53, 45, 22, 20, 52, 46, 33, 51, 34, 7, 18, 21, 8, 56, 35, 29, 39, 25, 50, 27, 26]
Run 5:
Best OCplx: 2.200601196160547
Best Sequence: [62, 15, 14, 64, 3, 59, 24, 2, 9, 10, 17, 11, 58, 16, 1, 13, 6, 4, 12, 63, 36, 33, 5, 32, 56, 43, 55, 19, 52, 34, 47, 37, 61, 54, 21, 8, 7, 44, 65, 45, 49, 60, 27, 30, 39, 28, 50, 18, 40, 26, 53, 38, 22, 29, 23, 46, 25, 41, 51, 42, 35, 48, 31, 57, 20]
Run 6:
Best OCplx: 2.4655614676891306
Best Sequence: [4, 10, 16, 64, 2, 9, 17, 3, 59, 15, 14, 58, 13, 32, 24, 19, 1, 6, 21, 12, 63, 47, 35, 52, 44, 49, 45, 41, 43, 37, 31, 50, 51, 27, 60, 62, 36, 28, 23, 53, 57, 5, 34, 22, 33, 38, 18, 56, 54, 48, 29, 42, 30, 46, 40, 20, 55, 61, 39, 26, 65, 11, 25, 7, 8]
Run 7:
Best OCplx: 2.403655508325602
Best Sequence: [59, 3, 4, 16, 1, 10, 58, 27, 17, 15, 24, 54, 9, 2, 13, 14, 64, 63, 19, 57, 41, 6, 12, 32, 28, 46, 61, 37, 62, 33, 48, 51, 49, 52, 21, 29, 55, 30, 43, 53, 42, 20, 35, 44, 34, 47, 31, 60, 36, 65, 45, 50, 56, 8, 40, 39, 26, 5, 7, 23, 38, 22, 25, 11, 18]
Run 8:
Best OCplx: 2.0684668774230732
Best Sequence: [14, 9, 10, 17, 3, 62, 59, 15, 58, 47, 1, 2, 24, 23, 4, 13, 63, 64, 16, 12, 19, 22, 26, 28, 6, 54, 43, 31, 48, 42, 46, 40, 55, 57, 52, 51, 41, 53, 56, 34, 49, 29, 45, 38, 33, 50, 30, 44, 36, 32, 37, 21, 35, 20, 60, 61, 39, 8, 65, 18, 27, 5, 7, 11, 25]
Run 9:
Best OCplx: 2.011880129560085
Best Sequence: [9, 10, 2, 58, 63, 56, 24, 3, 15, 27, 14, 59, 64, 19, 16, 51, 13, 17, 6, 12, 1, 4, 5, 43, 62, 61, 8, 7, 60, 11, 65, 38, 23, 25, 18, 26, 48, 54, 28, 30, 37, 34, 55, 42, 32, 57, 45, 41, 40, 50, 46, 31, 29, 33, 35, 36, 52, 22, 49, 20, 47, 44, 53, 39, 21]
Run 10:
Best OCplx: 2.264601204940403
Best Sequence: [17, 13, 3, 15, 1, 14, 64, 4, 9, 43, 6, 16, 10, 59, 2, 24, 12, 8, 11, 5, 18, 7, 62, 33, 19, 58, 63, 61, 60, 23, 55, 51, 37, 50, 65, 39, 40, 30, 41, 31, 42, 28, 47, 22, 34, 36, 44, 46, 32, 57, 45, 48, 53, 56, 35, 52, 29, 38, 54, 21, 27, 49, 25, 26, 20]
Run 11:
Best OCplx: 2.2889895438088654
Best Sequence: [24, 16, 10, 15, 40, 14, 59, 64, 4, 1, 17, 9, 3, 2, 13, 6, 62, 12, 19, 5, 8, 11, 39, 7, 58, 33, 61, 54, 30, 60, 47, 63, 38, 42, 50, 36, 28, 37, 46, 41, 45, 57, 29, 27, 49, 55, 22, 44, 56, 34, 51, 53, 31, 32, 35, 43, 52, 26, 21, 48, 65, 18, 23, 25, 20]
Run 12:
Best OCplx: 2.2433206037856226
Best Sequence: [2, 60, 14, 10, 4, 59, 24, 16, 17, 58, 15, 3, 64, 13, 1, 6, 9, 19, 12, 62, 42, 49, 63, 33, 44, 39, 18, 31, 50, 45, 52, 53, 37, 8, 7, 11, 65, 61, 48, 5, 43, 51, 29, 46, 34, 22, 56, 32, 28, 57, 30, 36, 40, 38, 27, 23, 25, 55, 47, 54, 35, 26, 41, 20, 21]
Run 13:
Best OCplx: 2.1308750377805694
Best Sequence: [10, 17, 16, 15, 3, 52, 7, 2, 58, 59, 35, 13, 1, 65, 64, 9, 24, 4, 28, 14, 19, 6, 12, 55, 32, 63, 22, 40, 48, 54, 61, 46, 37, 60, 27, 29, 56, 43, 47, 31, 11, 49, 39, 23, 8, 41, 36, 50, 42, 62, 45, 38, 21, 26, 30, 44, 53, 51, 34, 25, 18, 57, 20, 33, 5]
Run 14:
Best OCplx: 1.9875007154164501
Best Sequence: [15, 59, 58, 24, 56, 63, 19, 9, 64, 13, 3, 10, 48, 2, 43, 14, 4, 1, 16, 17, 12, 35, 28, 6, 62, 37, 5, 42, 40, 29, 31, 34, 8, 11, 7, 32, 53, 26, 36, 27, 65, 33, 22, 20, 55, 41, 49, 60, 54, 38, 18, 47, 45, 46, 51, 57, 52, 61, 30, 23, 25, 39, 44, 50, 21]
Run 15:
Best OCplx: 2.3025765549780783
Best Sequence: [9, 14, 15, 2, 24, 41, 1, 16, 3, 10, 13, 8, 4, 58, 6, 64, 17, 59, 5, 12, 19, 63, 62, 35, 32, 48, 30, 28, 22, 46, 54, 55, 21, 51, 45, 44, 42, 52, 36, 57, 33, 43, 49, 47, 56, 18, 50, 34, 29, 40, 38, 53, 31, 37, 60, 26, 61, 39, 65, 11, 20, 7, 23, 27, 25]
Run 16:
Best OCplx: 1.8811000943343028
Best Sequence: [9, 10, 59, 2, 61, 4, 64, 13, 17, 14, 1, 3, 50, 16, 24, 6, 15, 12, 19, 62, 8, 11, 7, 5, 51, 60, 65, 18, 58, 52, 63, 22, 45, 55, 30, 28, 41, 44, 48, 53, 34, 33, 57, 38, 36, 56, 32, 49, 31, 43, 29, 40, 37, 42, 47, 35, 39, 54, 46, 27, 23, 21, 25, 26, 20]
Run 17:
Best OCplx: 2.439732655638493
Best Sequence: [11, 16, 64, 58, 10, 9, 1, 24, 31, 19, 62, 63, 13, 59, 3, 17, 51, 41, 34, 48, 15, 4, 57, 2, 14, 43, 40, 28, 47, 37, 60, 38, 12, 6, 61, 35, 54, 53, 18, 29, 50, 33, 42, 32, 49, 52, 27, 8, 39, 56, 36, 65, 55, 25, 46, 21, 22, 45, 44, 30, 20, 23, 5, 26, 7]
Run 18:
Best OCplx: 2.579490122535315
Best Sequence: [24, 12, 64, 17, 32, 65, 15, 2, 10, 3, 13, 1, 14, 9, 6, 58, 16, 59, 36, 4, 19, 38, 63, 57, 29, 45, 49, 39, 53, 62, 37, 60, 48, 18, 61, 42, 28, 35, 7, 5, 11, 22, 51, 52, 47, 50, 46, 33, 54, 44, 43, 34, 21, 40, 26, 56, 31, 55, 20, 30, 8, 41, 25, 27, 23]
Run 19:
Best OCplx: 1.964834744549006
Best Sequence: [18, 58, 24, 15, 2, 3, 59, 9, 16, 22, 4, 19, 14, 64, 13, 1, 63, 43, 17, 41, 10, 49, 36, 54, 40, 62, 48, 50, 33, 31, 29, 37, 28, 6, 44, 56, 8, 38, 32, 30, 65, 27, 45, 47, 5, 60, 21, 61, 35, 46, 51, 39, 11, 26, 12, 23, 7, 34, 42, 20, 57, 52, 55, 53, 25]
Run 20:
Best OCplx: 2.31790006833946
Best Sequence: [1, 24, 59, 10, 4, 2, 17, 64, 16, 15, 3, 13, 9, 14, 63, 27, 12, 49, 58, 6, 19, 5, 52, 39, 62, 47, 35, 32, 50, 33, 43, 34, 36, 8, 11, 7, 61, 28, 53, 31, 21, 46, 37, 22, 29, 38, 51, 48, 41, 56, 42, 54, 60, 57, 45, 30, 44, 55, 40, 26, 23, 25, 65, 18, 20]
Run 21:
Best OCplx: 2.2077678189428425
Best Sequence: [2, 3, 13, 9, 24, 51, 4, 17, 27, 58, 59, 16, 15, 1, 10, 14, 64, 12, 19, 6, 63, 28, 29, 30, 38, 52, 5, 41, 34, 40, 45, 32, 39, 25, 56, 44, 42, 57, 50, 53, 55, 48, 31, 65, 46, 36, 33, 47, 43, 22, 35, 37, 54, 21, 23, 49, 61, 60, 26, 20, 62, 8, 11, 7, 18]
Run 22:
Best OCplx: 2.560330941739328
Best Sequence: [9, 16, 15, 64, 14, 4, 13, 3, 24, 2, 17, 59, 6, 1, 10, 12, 62, 19, 5, 8, 11, 7, 58, 63, 31, 44, 50, 46, 54, 26, 38, 65, 48, 47, 29, 45, 41, 55, 30, 42, 28, 61, 34, 49, 60, 53, 18, 52, 43, 40, 21, 35, 36, 56, 33, 51, 22, 57, 32, 39, 37, 23, 27, 25, 20]
Run 23:
Best OCplx: 2.0501021177323304
Best Sequence: [3, 10, 9, 58, 39, 2, 24, 17, 13, 64, 15, 59, 19, 63, 1, 16, 34, 4, 14, 5, 6, 55, 45, 37, 27, 57, 56, 62, 40, 35, 43, 38, 30, 53, 32, 49, 42, 31, 25, 12, 48, 51, 44, 33, 29, 41, 54, 36, 8, 7, 11, 65, 46, 22, 20, 50, 26, 47, 28, 52, 21, 60, 23, 61, 18]
Run 24:
Best OCplx: 2.436118404904353
Best Sequence: [2, 19, 4, 3, 13, 15, 64, 24, 1, 17, 10, 16, 9, 14, 6, 59, 5, 12, 62, 8, 11, 7, 65, 21, 18, 25, 26, 38, 33, 58, 63, 42, 29, 44, 47, 53, 41, 37, 60, 61, 46, 50, 57, 28, 32, 35, 45, 56, 30, 36, 27, 43, 55, 22, 48, 52, 40, 23, 49, 34, 31, 39, 51, 54, 20]
Run 25:
Best OCplx: 2.3189300942176985
Best Sequence: [64, 14, 16, 15, 58, 63, 59, 24, 19, 10, 2, 3, 60, 8, 13, 4, 1, 17, 6, 53, 9, 7, 42, 62, 12, 33, 11, 5, 51, 54, 52, 20, 47, 31, 29, 56, 57, 44, 50, 61, 32, 28, 43, 34, 39, 65, 22, 27, 45, 41, 30, 49, 38, 46, 55, 48, 40, 26, 21, 37, 25, 18, 35, 36, 23]
Run 26:
Best OCplx: 2.24598980711509
Best Sequence: [64, 13, 9, 3, 1, 16, 14, 10, 58, 27, 15, 4, 6, 24, 19, 5, 17, 59, 2, 63, 35, 62, 12, 47, 41, 53, 28, 30, 50, 45, 54, 43, 38, 36, 55, 8, 11, 65, 32, 52, 61, 31, 42, 34, 7, 26, 57, 23, 25, 60, 51, 49, 29, 39, 44, 18, 48, 33, 37, 46, 56, 21, 40, 22, 20]
Run 27:
Best OCplx: 2.4036555083256035
Best Sequence: [2, 3, 15, 10, 9, 16, 58, 14, 13, 64, 59, 63, 17, 4, 6, 19, 24, 1, 57, 12, 33, 34, 32, 61, 46, 35, 28, 52, 30, 47, 40, 48, 53, 55, 54, 42, 36, 62, 60, 29, 49, 51, 44, 27, 8, 37, 7, 5, 11, 31, 21, 43, 65, 39, 25, 26, 18, 41, 45, 38, 50, 23, 56, 20, 22]
Run 28:
Best OCplx: 2.1814902020744236
Best Sequence: [16, 1, 17, 59, 49, 64, 27, 10, 58, 37, 2, 26, 6, 14, 9, 24, 15, 3, 13, 4, 19, 33, 12, 8, 63, 62, 34, 28, 47, 61, 5, 51, 41, 56, 11, 42, 30, 29, 45, 32, 46, 40, 65, 23, 60, 36, 57, 52, 35, 54, 22, 43, 44, 50, 48, 55, 53, 38, 21, 25, 20, 31, 39, 7, 18]
Run 29:
Best OCplx: 2.4748729313307787
Best Sequence: [15, 64, 9, 4, 1, 13, 3, 14, 24, 59, 58, 17, 19, 32, 16, 2, 10, 12, 63, 6, 5, 53, 50, 27, 21, 62, 35, 42, 7, 56, 37, 46, 28, 41, 38, 23, 40, 65, 52, 44, 43, 36, 51, 34, 29, 26, 25, 57, 49, 39, 45, 47, 60, 8, 18, 11, 61, 48, 55, 22, 33, 31, 30, 20, 54]
Run 30:
Best OCplx: 2.3886294245418176
Best Sequence: [24, 13, 64, 1, 16, 41, 4, 15, 7, 59, 58, 44, 2, 10, 3, 9, 17, 19, 14, 6, 49, 33, 63, 12, 30, 46, 51, 62, 35, 29, 50, 5, 28, 55, 36, 45, 34, 47, 61, 37, 52, 32, 40, 57, 60, 54, 27, 43, 38, 48, 65, 42, 23, 11, 26, 22, 31, 56, 53, 39, 8, 21, 20, 18, 25]
