Run 1:
Best OCplx: 1.7795762482686466
Best Sequence: [27, 65, 17, 51, 58, 35, 14, 45, 1, 64, 46, 10, 36, 30, 22, 13, 20, 8, 25, 40, 28, 50, 44, 41, 19, 7, 63, 53, 9, 34, 32, 38, 23, 33, 2, 61, 55, 60, 12, 57, 29, 43, 37, 26, 59, 15, 16, 21, 24, 18, 5, 47, 39, 11, 52, 62, 4, 49, 6, 56, 31, 54, 3, 48, 42]
Run 2:
Best OCplx: 1.8779547336907976
Best Sequence: [4, 15, 65, 58, 33, 23, 27, 40, 32, 36, 46, 20, 12, 45, 24, 22, 61, 21, 60, 63, 28, 47, 13, 43, 11, 54, 29, 31, 19, 1, 49, 64, 56, 53, 18, 14, 41, 39, 8, 10, 9, 51, 6, 2, 57, 50, 25, 35, 5, 48, 7, 26, 38, 52, 59, 55, 17, 16, 37, 3, 44, 62, 30, 34, 42]
Run 3:
Best OCplx: 2.0167490242271255
Best Sequence: [65, 25, 58, 22, 1, 29, 53, 48, 30, 14, 35, 40, 5, 20, 13, 37, 23, 42, 45, 62, 31, 26, 8, 44, 34, 15, 55, 46, 28, 59, 56, 41, 33, 7, 57, 10, 52, 24, 21, 19, 6, 2, 17, 60, 32, 27, 18, 16, 12, 4, 3, 50, 11, 54, 39, 51, 38, 47, 9, 49, 64, 61, 43, 36, 63]
Run 4:
Best OCplx: 2.0686538259873637
Best Sequence: [10, 60, 65, 58, 51, 27, 16, 3, 34, 1, 13, 6, 22, 32, 54, 43, 26, 24, 41, 14, 50, 25, 49, 42, 59, 7, 2, 39, 44, 57, 4, 38, 56, 63, 11, 19, 29, 33, 64, 21, 35, 30, 18, 31, 5, 40, 23, 12, 62, 20, 55, 17, 46, 15, 37, 36, 45, 53, 47, 52, 28, 61, 8, 48, 9]
Run 5:
Best OCplx: 2.169158663274275
Best Sequence: [9, 65, 21, 58, 28, 44, 29, 47, 13, 8, 55, 56, 37, 16, 14, 54, 41, 22, 10, 7, 6, 19, 25, 59, 35, 23, 2, 63, 15, 5, 20, 11, 57, 45, 46, 33, 60, 18, 27, 62, 38, 50, 4, 24, 52, 17, 39, 26, 34, 40, 31, 36, 30, 42, 3, 32, 1, 12, 49, 53, 51, 64, 48, 61, 43]
Run 6:
Best OCplx: 1.769844859817642
Best Sequence: [4, 37, 64, 13, 65, 19, 14, 58, 22, 50, 44, 8, 38, 10, 9, 56, 52, 35, 1, 29, 15, 17, 36, 57, 40, 23, 3, 27, 24, 48, 34, 20, 28, 63, 11, 32, 25, 30, 54, 2, 31, 55, 60, 51, 42, 46, 21, 43, 49, 39, 26, 41, 59, 33, 62, 5, 18, 16, 53, 47, 61, 45, 12, 7, 6]
Run 7:
Best OCplx: 1.8442895097321677
Best Sequence: [63, 65, 58, 10, 55, 14, 22, 15, 1, 62, 30, 24, 60, 54, 2, 37, 45, 17, 53, 28, 31, 5, 12, 41, 38, 46, 26, 27, 16, 49, 13, 32, 3, 19, 42, 29, 34, 43, 36, 44, 11, 52, 39, 56, 47, 23, 25, 8, 64, 21, 57, 40, 59, 61, 50, 9, 33, 7, 48, 20, 6, 51, 35, 4, 18]
Run 8:
Best OCplx: 2.1085737074159714
Best Sequence: [64, 44, 27, 7, 15, 65, 26, 51, 60, 59, 3, 52, 58, 22, 56, 34, 8, 30, 13, 48, 12, 19, 40, 45, 25, 11, 57, 54, 43, 47, 35, 50, 17, 18, 63, 16, 10, 61, 32, 55, 36, 21, 29, 38, 49, 20, 53, 9, 14, 6, 33, 42, 39, 2, 4, 37, 46, 28, 24, 62, 23, 5, 1, 31, 41]
Run 9:
Best OCplx: 2.0255972929213013
Best Sequence: [65, 58, 36, 61, 38, 34, 16, 54, 60, 50, 29, 1, 51, 44, 27, 30, 21, 40, 25, 10, 33, 62, 49, 4, 13, 45, 22, 11, 55, 56, 17, 32, 20, 2, 35, 14, 19, 8, 37, 23, 9, 52, 59, 64, 57, 15, 26, 47, 41, 31, 28, 46, 6, 63, 39, 18, 48, 42, 12, 7, 43, 5, 3, 53, 24]
Run 10:
Best OCplx: 1.7554514815452396
Best Sequence: [17, 31, 65, 58, 63, 3, 22, 27, 52, 50, 4, 32, 47, 26, 54, 15, 14, 19, 13, 34, 29, 35, 9, 11, 33, 61, 30, 38, 64, 37, 44, 57, 5, 40, 39, 56, 51, 42, 24, 16, 55, 59, 28, 10, 45, 21, 53, 48, 8, 36, 41, 2, 23, 12, 20, 49, 62, 25, 46, 1, 43, 7, 60, 6, 18]
Run 11:
Best OCplx: 2.261063339977196
Best Sequence: [19, 58, 29, 64, 13, 4, 24, 9, 35, 53, 32, 22, 65, 40, 14, 52, 6, 54, 51, 21, 8, 2, 15, 38, 59, 33, 25, 61, 62, 55, 16, 60, 11, 49, 36, 3, 18, 10, 7, 50, 46, 17, 44, 23, 27, 63, 57, 39, 1, 34, 12, 56, 5, 43, 41, 28, 31, 30, 48, 26, 47, 20, 42, 45, 37]
Run 12:
Best OCplx: 1.783084456663054
Best Sequence: [65, 58, 15, 14, 51, 56, 62, 28, 42, 6, 2, 45, 11, 47, 30, 32, 24, 61, 22, 21, 49, 3, 46, 60, 50, 57, 52, 27, 1, 17, 31, 44, 13, 16, 59, 40, 54, 64, 25, 5, 39, 20, 63, 55, 53, 4, 23, 9, 26, 33, 48, 41, 8, 29, 7, 35, 37, 34, 12, 10, 43, 38, 18, 19, 36]
Run 13:
Best OCplx: 2.0259442699909056
Best Sequence: [12, 65, 58, 14, 13, 11, 48, 59, 30, 22, 35, 42, 46, 19, 47, 57, 10, 38, 51, 28, 27, 15, 24, 39, 50, 23, 4, 31, 45, 3, 18, 41, 55, 1, 64, 2, 49, 32, 44, 37, 16, 26, 62, 63, 40, 7, 9, 20, 43, 29, 52, 34, 56, 61, 21, 33, 60, 6, 25, 5, 54, 36, 8, 17, 53]
Run 14:
Best OCplx: 1.9294642840915592
Best Sequence: [21, 45, 55, 47, 4, 65, 13, 27, 8, 58, 10, 52, 22, 49, 62, 15, 43, 30, 9, 35, 17, 33, 31, 14, 5, 42, 12, 46, 63, 28, 61, 64, 60, 48, 24, 34, 16, 26, 59, 20, 6, 40, 51, 37, 36, 3, 41, 19, 32, 7, 23, 53, 38, 44, 25, 29, 39, 2, 11, 54, 56, 18, 1, 50, 57]
Run 15:
Best OCplx: 1.954330312554751
Best Sequence: [1, 49, 45, 65, 27, 8, 14, 7, 23, 58, 51, 19, 17, 30, 37, 10, 60, 25, 13, 59, 38, 63, 22, 3, 39, 46, 29, 52, 42, 64, 43, 62, 32, 50, 36, 9, 11, 12, 35, 28, 61, 16, 15, 34, 20, 24, 56, 54, 26, 21, 57, 41, 31, 40, 18, 53, 33, 6, 48, 4, 2, 5, 55, 44, 47]
Run 16:
Best OCplx: 2.0460190809036325
Best Sequence: [56, 8, 61, 27, 7, 51, 20, 24, 14, 36, 65, 17, 59, 58, 23, 22, 26, 15, 21, 60, 57, 64, 4, 63, 33, 30, 62, 32, 2, 3, 55, 52, 16, 9, 29, 41, 48, 45, 39, 19, 54, 25, 5, 53, 11, 42, 46, 38, 1, 31, 50, 49, 12, 47, 6, 44, 43, 28, 35, 37, 40, 18, 13, 34, 10]
Run 17:
Best OCplx: 2.225615885301456
Best Sequence: [14, 11, 35, 27, 2, 20, 12, 13, 65, 17, 58, 59, 3, 28, 51, 48, 30, 60, 63, 29, 46, 5, 33, 38, 54, 18, 55, 9, 49, 19, 23, 4, 64, 36, 62, 41, 24, 47, 8, 37, 61, 52, 7, 34, 22, 26, 44, 40, 45, 32, 1, 21, 15, 50, 39, 16, 53, 42, 10, 43, 6, 25, 57, 56, 31]
Run 18:
Best OCplx: 2.302946591922201
Best Sequence: [16, 46, 32, 48, 65, 58, 27, 34, 40, 2, 53, 55, 62, 25, 36, 13, 47, 8, 17, 44, 33, 42, 14, 49, 5, 9, 43, 60, 56, 11, 12, 45, 26, 41, 24, 29, 1, 10, 35, 18, 61, 4, 7, 50, 63, 23, 51, 3, 59, 37, 52, 30, 39, 6, 54, 21, 19, 64, 15, 22, 57, 38, 31, 20, 28]
Run 19:
Best OCplx: 2.0524581693142716
Best Sequence: [65, 29, 62, 58, 12, 38, 51, 60, 43, 8, 14, 27, 52, 56, 22, 31, 19, 35, 3, 26, 39, 42, 63, 40, 44, 1, 21, 33, 36, 5, 48, 50, 25, 47, 11, 45, 55, 17, 54, 53, 32, 16, 49, 64, 9, 46, 6, 18, 59, 41, 61, 4, 57, 37, 15, 13, 7, 34, 20, 28, 10, 30, 2, 23, 24]
Run 20:
Best OCplx: 2.144813946392749
Best Sequence: [56, 65, 33, 2, 61, 58, 25, 49, 13, 44, 52, 60, 53, 41, 8, 10, 40, 15, 48, 14, 45, 54, 30, 64, 28, 16, 31, 27, 36, 6, 26, 17, 46, 24, 37, 59, 4, 34, 22, 11, 62, 9, 29, 18, 21, 20, 57, 19, 12, 1, 42, 43, 35, 38, 47, 23, 55, 5, 51, 3, 7, 63, 50, 32, 39]
Run 21:
Best OCplx: 1.9651807768002065
Best Sequence: [65, 58, 63, 31, 27, 62, 18, 2, 60, 41, 17, 25, 23, 37, 47, 30, 61, 12, 14, 48, 53, 13, 59, 50, 34, 16, 24, 22, 7, 29, 38, 19, 32, 45, 9, 39, 52, 56, 57, 55, 54, 8, 3, 46, 33, 43, 44, 42, 26, 21, 51, 40, 49, 36, 6, 20, 5, 10, 28, 1, 4, 15, 64, 11, 35]
Run 22:
Best OCplx: 2.0843541968674977
Best Sequence: [8, 11, 65, 37, 32, 60, 58, 51, 7, 4, 24, 64, 10, 23, 59, 62, 27, 6, 61, 26, 35, 22, 43, 19, 25, 15, 48, 45, 55, 40, 14, 21, 12, 5, 56, 34, 16, 44, 30, 39, 18, 53, 17, 28, 9, 2, 63, 50, 3, 41, 29, 46, 31, 33, 20, 49, 47, 57, 52, 54, 13, 36, 42, 1, 38]
Run 23:
Best OCplx: 2.0042350644832414
Best Sequence: [26, 65, 10, 63, 58, 60, 16, 1, 34, 48, 31, 25, 13, 43, 9, 19, 33, 15, 14, 17, 42, 54, 53, 8, 55, 23, 24, 22, 45, 32, 56, 28, 4, 50, 39, 35, 20, 30, 64, 3, 51, 49, 61, 29, 41, 7, 6, 57, 37, 2, 52, 5, 21, 36, 44, 59, 40, 11, 27, 12, 46, 18, 47, 38, 62]
Run 24:
Best OCplx: 1.9175550186788315
Best Sequence: [17, 65, 23, 58, 52, 51, 56, 39, 47, 60, 13, 15, 1, 27, 32, 28, 62, 3, 9, 43, 61, 41, 14, 31, 53, 42, 2, 22, 10, 49, 25, 57, 21, 48, 34, 54, 4, 24, 11, 33, 40, 38, 29, 6, 8, 12, 59, 50, 64, 45, 44, 7, 16, 20, 55, 26, 30, 36, 5, 19, 18, 37, 46, 63, 35]
Run 25:
Best OCplx: 1.902753162523302
Best Sequence: [64, 63, 62, 65, 27, 12, 58, 34, 51, 22, 36, 8, 44, 2, 46, 39, 56, 19, 48, 47, 7, 30, 29, 16, 33, 45, 28, 53, 13, 11, 42, 18, 1, 10, 25, 4, 61, 37, 50, 26, 15, 57, 23, 24, 21, 55, 35, 52, 14, 31, 54, 40, 41, 3, 43, 20, 59, 49, 6, 32, 9, 38, 5, 17, 60]
Run 26:
Best OCplx: 1.8243387113284266
Best Sequence: [64, 65, 58, 17, 24, 6, 43, 22, 55, 1, 40, 35, 23, 27, 9, 3, 36, 19, 57, 59, 48, 50, 62, 30, 26, 25, 20, 46, 54, 28, 11, 38, 32, 14, 34, 63, 44, 21, 52, 45, 41, 39, 4, 5, 51, 8, 10, 53, 12, 49, 16, 33, 56, 13, 42, 37, 15, 47, 60, 61, 29, 31, 7, 18, 2]
Run 27:
Best OCplx: 2.2475982942806003
Best Sequence: [65, 59, 14, 38, 6, 12, 36, 58, 23, 31, 22, 3, 8, 24, 30, 13, 28, 4, 63, 61, 50, 17, 48, 9, 32, 37, 43, 54, 44, 7, 42, 5, 53, 39, 56, 35, 34, 62, 49, 19, 18, 60, 16, 47, 21, 64, 52, 51, 45, 57, 26, 15, 1, 41, 33, 29, 55, 27, 10, 2, 25, 20, 46, 11, 40]
Run 28:
Best OCplx: 2.131679439542585
Best Sequence: [10, 17, 57, 60, 55, 65, 24, 6, 58, 9, 13, 54, 14, 59, 56, 27, 30, 44, 45, 38, 48, 50, 26, 35, 43, 64, 42, 40, 32, 37, 31, 15, 63, 21, 8, 16, 28, 2, 19, 53, 1, 22, 20, 7, 3, 39, 61, 11, 49, 51, 33, 41, 46, 23, 29, 34, 52, 12, 5, 47, 25, 18, 62, 36, 4]
Run 29:
Best OCplx: 1.9935529566447212
Best Sequence: [65, 13, 45, 58, 41, 63, 56, 27, 25, 11, 20, 50, 29, 2, 10, 49, 14, 40, 46, 3, 23, 8, 30, 22, 33, 24, 4, 48, 17, 18, 5, 64, 19, 31, 28, 43, 37, 42, 61, 62, 34, 36, 12, 52, 6, 35, 60, 7, 16, 9, 55, 38, 21, 54, 51, 26, 1, 44, 47, 57, 39, 53, 59, 15, 32]
Run 30:
Best OCplx: 1.9935529566447214
Best Sequence: [1, 65, 49, 58, 34, 13, 15, 21, 41, 46, 2, 27, 61, 52, 8, 43, 63, 9, 42, 22, 31, 16, 29, 48, 62, 64, 4, 55, 25, 40, 19, 32, 38, 11, 26, 18, 10, 23, 45, 44, 59, 20, 37, 51, 35, 60, 14, 53, 12, 17, 39, 28, 24, 6, 33, 3, 50, 56, 57, 5, 36, 7, 47, 54, 30]
