Run 1:
Best OCplx: 3.531190379928031
Best Sequence: [39, 44, 47, 43, 28, 10, 8, 61, 46, 60, 17, 37, 13, 40, 53, 22, 31, 27, 15, 59, 49, 58, 9, 48, 21, 25, 1, 19, 7, 18, 6, 26, 23, 35, 16, 11, 4, 29, 34, 24, 36, 32, 14, 20, 30, 55, 54, 45, 50, 12, 5, 38, 52, 33, 3, 56, 51, 41, 2, 57, 42]
Run 2:
Best OCplx: 5.295592314163867
Best Sequence: [46, 39, 34, 54, 8, 31, 13, 27, 10, 60, 22, 44, 36, 40, 61, 21, 47, 37, 53, 56, 5, 35, 6, 48, 11, 49, 17, 9, 43, 23, 58, 24, 2, 15, 16, 59, 28, 45, 14, 41, 30, 1, 32, 19, 4, 7, 25, 18, 29, 42, 33, 57, 3, 55, 38, 52, 20, 26, 50, 51, 12]
Run 3:
Best OCplx: 6.357727009293602
Best Sequence: [28, 22, 49, 8, 61, 21, 7, 32, 29, 40, 4, 10, 33, 25, 34, 23, 3, 31, 47, 59, 58, 17, 16, 43, 27, 37, 39, 30, 2, 46, 56, 1, 14, 13, 36, 6, 57, 54, 9, 60, 44, 15, 24, 45, 41, 55, 42, 26, 48, 35, 19, 18, 20, 5, 50, 11, 53, 38, 52, 12, 51]
Run 4:
Best OCplx: 2.2352183011566056
Best Sequence: [39, 60, 27, 17, 5, 9, 13, 59, 10, 46, 44, 53, 49, 34, 43, 40, 31, 8, 36, 28, 61, 58, 21, 23, 30, 14, 7, 2, 11, 29, 45, 19, 25, 56, 26, 4, 16, 6, 55, 18, 24, 35, 48, 54, 47, 15, 57, 37, 51, 32, 3, 38, 52, 12, 41, 42, 33, 20, 50, 1, 22]
Run 5:
Best OCplx: 4.325248369907759
Best Sequence: [39, 5, 59, 46, 43, 34, 36, 15, 21, 31, 47, 28, 10, 40, 49, 4, 61, 48, 44, 27, 25, 9, 57, 17, 41, 26, 37, 13, 58, 23, 11, 14, 53, 60, 32, 35, 8, 6, 54, 24, 29, 16, 22, 2, 3, 1, 20, 19, 18, 7, 55, 30, 12, 56, 50, 38, 52, 45, 42, 51, 33]
Run 6:
Best OCplx: 2.574866110663946
Best Sequence: [9, 27, 8, 61, 40, 5, 59, 46, 10, 28, 39, 17, 49, 44, 60, 31, 15, 47, 53, 43, 22, 58, 36, 34, 21, 37, 18, 6, 48, 54, 16, 11, 29, 56, 4, 26, 45, 2, 1, 32, 35, 7, 19, 14, 41, 30, 57, 55, 24, 23, 20, 51, 3, 42, 38, 33, 12, 52, 50, 25, 13]
Run 7:
Best OCplx: 6.478925397385076
Best Sequence: [15, 34, 47, 5, 46, 36, 21, 2, 30, 60, 6, 13, 31, 56, 45, 19, 22, 17, 37, 57, 7, 1, 53, 61, 14, 59, 44, 43, 4, 40, 8, 29, 18, 24, 11, 35, 26, 28, 41, 49, 10, 48, 27, 9, 39, 16, 23, 54, 20, 32, 33, 55, 25, 38, 51, 3, 42, 12, 50, 52, 58]
Run 8:
Best OCplx: 2.587209262956991
Best Sequence: [39, 27, 8, 40, 5, 10, 28, 43, 47, 49, 60, 59, 31, 9, 36, 13, 21, 46, 53, 16, 61, 22, 17, 58, 4, 11, 29, 26, 1, 24, 14, 2, 41, 48, 7, 6, 15, 37, 35, 18, 55, 56, 34, 19, 33, 32, 42, 44, 30, 54, 25, 3, 20, 45, 23, 57, 51, 50, 12, 38, 52]
Run 9:
Best OCplx: 4.8300346489673185
Best Sequence: [21, 23, 8, 18, 60, 61, 46, 39, 34, 54, 14, 56, 4, 35, 30, 36, 40, 48, 37, 29, 49, 7, 59, 27, 17, 13, 31, 5, 58, 53, 22, 57, 41, 32, 20, 11, 26, 44, 9, 28, 43, 16, 55, 19, 50, 45, 25, 51, 38, 3, 12, 52, 2, 42, 33, 24, 10, 47, 15, 1, 6]
Run 10:
Best OCplx: 7.136598621625265
Best Sequence: [21, 45, 20, 17, 44, 58, 10, 60, 53, 37, 9, 35, 46, 59, 27, 49, 14, 36, 19, 8, 23, 41, 16, 57, 33, 4, 40, 1, 55, 7, 48, 24, 25, 31, 30, 2, 39, 34, 26, 61, 32, 56, 18, 6, 29, 11, 3, 13, 43, 54, 42, 22, 47, 15, 38, 5, 52, 50, 51, 28, 12]
Run 11:
Best OCplx: 4.132517715520202
Best Sequence: [36, 46, 28, 44, 5, 27, 17, 60, 10, 21, 59, 54, 6, 8, 23, 30, 40, 24, 31, 25, 57, 45, 18, 4, 37, 41, 11, 14, 26, 7, 1, 2, 56, 58, 34, 29, 16, 39, 9, 47, 35, 49, 55, 19, 22, 13, 52, 48, 32, 33, 61, 15, 43, 20, 51, 3, 42, 50, 38, 53, 12]
Run 12:
Best OCplx: 5.496342496454228
Best Sequence: [60, 44, 22, 17, 8, 27, 15, 59, 43, 34, 28, 49, 13, 40, 31, 46, 47, 61, 53, 58, 5, 36, 39, 33, 21, 55, 14, 38, 2, 7, 57, 9, 41, 45, 56, 37, 6, 48, 19, 30, 32, 35, 24, 26, 25, 18, 11, 3, 50, 54, 10, 51, 16, 29, 4, 1, 20, 42, 23, 12, 52]
Run 13:
Best OCplx: 1.4273253801916228
Best Sequence: [10, 17, 8, 46, 5, 21, 15, 14, 60, 13, 56, 11, 31, 39, 49, 34, 28, 61, 43, 54, 2, 30, 59, 27, 35, 29, 36, 16, 45, 53, 48, 58, 7, 57, 47, 4, 26, 25, 18, 22, 37, 24, 6, 19, 9, 44, 23, 1, 55, 32, 38, 3, 20, 51, 42, 12, 52, 33, 50, 41, 40]
Run 14:
Best OCplx: 3.043071922900892
Best Sequence: [39, 9, 5, 15, 17, 31, 46, 40, 47, 27, 34, 60, 59, 28, 58, 10, 21, 8, 13, 30, 61, 22, 45, 48, 16, 49, 18, 2, 53, 36, 41, 43, 44, 14, 57, 37, 11, 25, 26, 29, 23, 4, 7, 54, 19, 56, 35, 24, 32, 20, 55, 52, 50, 1, 12, 38, 3, 42, 51, 33, 6]
Run 15:
Best OCplx: 6.234733427055387
Best Sequence: [40, 58, 31, 61, 60, 41, 17, 22, 39, 28, 37, 34, 43, 44, 15, 47, 46, 49, 13, 53, 8, 59, 5, 36, 10, 21, 4, 26, 42, 16, 25, 48, 6, 55, 3, 32, 20, 7, 24, 35, 27, 45, 2, 11, 30, 19, 51, 38, 33, 14, 50, 1, 56, 23, 54, 18, 12, 57, 9, 29, 52]
Run 16:
Best OCplx: 3.549498245489005
Best Sequence: [49, 36, 59, 31, 28, 34, 61, 5, 8, 58, 40, 60, 27, 44, 10, 39, 21, 9, 17, 14, 15, 25, 41, 45, 43, 11, 22, 47, 35, 23, 19, 46, 53, 6, 30, 56, 57, 37, 7, 26, 2, 32, 24, 1, 18, 48, 54, 20, 16, 29, 12, 55, 42, 50, 3, 4, 38, 13, 52, 33, 51]
Run 17:
Best OCplx: 4.741435935361897
Best Sequence: [47, 36, 39, 61, 13, 44, 49, 59, 8, 27, 9, 17, 31, 10, 60, 34, 53, 22, 40, 24, 15, 5, 21, 58, 16, 35, 37, 4, 45, 14, 29, 30, 28, 26, 11, 6, 18, 56, 43, 7, 19, 48, 1, 54, 25, 41, 2, 57, 32, 20, 55, 42, 23, 38, 33, 46, 52, 3, 51, 50, 12]
Run 18:
Best OCplx: 1.2758838938913981
Best Sequence: [5, 27, 15, 8, 28, 49, 59, 46, 60, 9, 61, 44, 13, 40, 36, 39, 10, 17, 47, 43, 53, 31, 21, 26, 58, 34, 14, 48, 37, 22, 45, 25, 29, 35, 54, 6, 56, 41, 11, 4, 19, 30, 32, 7, 57, 24, 16, 1, 18, 2, 23, 55, 20, 51, 12, 38, 50, 52, 42, 3, 33]
Run 19:
Best OCplx: 2.922810342354495
Best Sequence: [13, 36, 9, 8, 34, 47, 17, 15, 5, 46, 61, 53, 44, 27, 43, 59, 10, 31, 40, 39, 21, 22, 14, 60, 16, 4, 19, 2, 11, 7, 25, 54, 24, 56, 18, 30, 58, 26, 1, 48, 45, 35, 49, 20, 23, 41, 6, 37, 32, 28, 55, 51, 42, 33, 38, 29, 12, 50, 3, 52, 57]
Run 20:
Best OCplx: 1.9562205797814007
Best Sequence: [61, 40, 44, 28, 13, 34, 46, 8, 49, 5, 36, 9, 31, 27, 15, 10, 53, 47, 21, 60, 22, 14, 35, 39, 59, 19, 3, 29, 48, 25, 43, 16, 45, 24, 4, 6, 11, 54, 58, 18, 7, 23, 30, 41, 37, 32, 17, 55, 2, 1, 42, 26, 57, 20, 56, 38, 52, 50, 33, 51, 12]
Run 21:
Best OCplx: 5.0015528487450664
Best Sequence: [43, 28, 59, 15, 60, 46, 27, 9, 40, 44, 31, 61, 5, 13, 39, 36, 22, 34, 10, 58, 17, 7, 37, 49, 41, 21, 4, 30, 54, 2, 56, 19, 23, 32, 45, 14, 24, 20, 16, 8, 57, 29, 35, 48, 53, 25, 6, 26, 1, 3, 55, 42, 51, 11, 47, 38, 50, 18, 12, 52, 33]
Run 22:
Best OCplx: 3.5397056407125937
Best Sequence: [21, 8, 47, 49, 25, 53, 46, 44, 17, 37, 2, 58, 40, 59, 14, 22, 6, 13, 41, 15, 9, 24, 27, 31, 19, 26, 16, 23, 48, 61, 11, 54, 35, 43, 4, 10, 39, 56, 32, 29, 36, 20, 57, 1, 30, 18, 34, 5, 45, 55, 50, 28, 42, 38, 51, 52, 33, 12, 7, 60, 3]
Run 23:
Best OCplx: 3.845840926069322
Best Sequence: [17, 40, 39, 10, 49, 47, 15, 58, 21, 1, 28, 54, 48, 44, 27, 46, 43, 9, 5, 34, 11, 13, 61, 22, 53, 8, 32, 20, 35, 14, 31, 23, 29, 45, 4, 6, 2, 59, 7, 25, 16, 26, 37, 30, 56, 55, 57, 36, 38, 51, 12, 42, 52, 60, 33, 3, 50, 19, 24, 18, 41]
Run 24:
Best OCplx: 3.173716577777908
Best Sequence: [27, 59, 61, 17, 44, 9, 8, 28, 40, 13, 43, 15, 34, 58, 5, 31, 47, 10, 46, 41, 21, 48, 36, 22, 24, 57, 45, 49, 4, 7, 11, 25, 56, 32, 6, 37, 35, 14, 20, 26, 18, 2, 53, 54, 16, 30, 1, 23, 29, 60, 55, 50, 51, 39, 19, 52, 12, 33, 42, 3, 38]
Run 25:
Best OCplx: 2.6947101580747805
Best Sequence: [46, 44, 49, 8, 53, 31, 60, 28, 15, 43, 27, 58, 9, 39, 36, 41, 21, 34, 59, 47, 18, 45, 23, 29, 26, 30, 37, 14, 57, 11, 7, 19, 24, 10, 17, 16, 6, 13, 35, 4, 54, 25, 56, 1, 48, 2, 22, 55, 40, 32, 3, 20, 38, 51, 12, 50, 5, 33, 42, 61, 52]
Run 26:
Best OCplx: 4.231611356014574
Best Sequence: [53, 59, 47, 46, 58, 13, 43, 8, 49, 22, 10, 37, 60, 9, 34, 44, 5, 61, 39, 27, 41, 15, 36, 21, 48, 25, 28, 19, 16, 26, 24, 7, 11, 45, 6, 18, 32, 23, 35, 29, 1, 4, 20, 40, 14, 30, 2, 54, 17, 56, 3, 55, 52, 42, 51, 12, 38, 33, 31, 57, 50]
Run 27:
Best OCplx: 3.0705252876393883
Best Sequence: [8, 15, 49, 44, 5, 17, 46, 43, 21, 40, 10, 39, 58, 23, 13, 61, 14, 35, 9, 27, 7, 28, 53, 45, 32, 56, 34, 47, 54, 48, 22, 30, 24, 18, 11, 2, 29, 25, 26, 16, 36, 1, 20, 19, 59, 55, 57, 41, 37, 60, 12, 3, 38, 4, 51, 50, 42, 33, 31, 6, 52]
Run 28:
Best OCplx: 1.4583196239334137
Best Sequence: [46, 44, 5, 49, 13, 47, 8, 15, 27, 40, 28, 60, 10, 36, 58, 61, 59, 53, 39, 9, 21, 48, 22, 43, 23, 57, 7, 41, 19, 6, 16, 26, 30, 25, 24, 17, 34, 4, 29, 1, 45, 18, 35, 56, 14, 54, 2, 55, 11, 37, 31, 32, 20, 51, 3, 50, 38, 42, 33, 52, 12]
Run 29:
Best OCplx: 6.094210179046343
Best Sequence: [21, 59, 41, 28, 36, 27, 15, 60, 46, 18, 43, 17, 33, 40, 2, 58, 11, 44, 13, 32, 47, 8, 23, 56, 10, 31, 22, 61, 30, 39, 35, 57, 34, 25, 4, 24, 48, 7, 9, 45, 29, 1, 14, 26, 55, 19, 53, 54, 38, 3, 5, 42, 52, 51, 49, 20, 37, 16, 6, 12, 50]
Run 30:
Best OCplx: 1.8177786804384368
Best Sequence: [36, 46, 15, 31, 39, 60, 27, 5, 53, 49, 43, 47, 34, 59, 8, 13, 28, 44, 9, 40, 17, 10, 21, 7, 1, 22, 19, 18, 23, 56, 54, 4, 16, 29, 45, 2, 6, 26, 14, 57, 30, 24, 58, 11, 48, 55, 25, 32, 37, 35, 20, 51, 3, 12, 50, 61, 41, 42, 38, 33, 52]
