Run 1:
Best OCplx: 0.2977791923708911
Best Sequence: [1, 11, 8, 6, 7, 22, 13, 16, 9, 14, 12, 21, 10, 4, 5, 23, 19, 2, 18, 3, 15, 17, 20]
Run 2:
Best OCplx: 0.10828334268032405
Best Sequence: [8, 1, 6, 21, 12, 7, 9, 11, 16, 13, 19, 22, 17, 23, 4, 10, 18, 20, 5, 2, 3, 15, 14]
Run 3:
Best OCplx: 0.13535417835040509
Best Sequence: [16, 11, 1, 10, 8, 21, 19, 12, 9, 6, 22, 17, 4, 13, 5, 23, 18, 20, 2, 7, 3, 14, 15]
Run 4:
Best OCplx: 0.1624250140204861
Best Sequence: [8, 19, 12, 7, 9, 6, 11, 16, 1, 22, 21, 10, 17, 5, 13, 23, 20, 18, 4, 2, 3, 15, 14]
Run 5:
Best OCplx: 0.2165666853606481
Best Sequence: [8, 13, 21, 22, 6, 11, 17, 7, 20, 19, 16, 1, 9, 23, 12, 10, 18, 5, 4, 2, 3, 14, 15]
Run 6:
Best OCplx: 0.2625242156479896
Best Sequence: [19, 12, 7, 16, 6, 21, 1, 8, 11, 13, 9, 4, 23, 10, 5, 22, 18, 17, 2, 20, 3, 15, 14]
Run 7:
Best OCplx: 0.1894958496905671
Best Sequence: [1, 8, 16, 22, 11, 12, 6, 23, 7, 13, 21, 19, 10, 9, 17, 5, 18, 4, 20, 2, 3, 15, 14]
Run 8:
Best OCplx: 0.2707083567008101
Best Sequence: [9, 12, 11, 17, 22, 23, 8, 1, 16, 19, 7, 6, 21, 13, 20, 10, 5, 18, 4, 2, 3, 14, 15]
Run 9:
Best OCplx: 0.1894958496905671
Best Sequence: [12, 8, 7, 1, 21, 19, 17, 9, 23, 16, 11, 6, 22, 10, 13, 14, 4, 18, 20, 5, 2, 3, 15]
Run 10:
Best OCplx: 0.2436375210307291
Best Sequence: [8, 9, 22, 21, 1, 17, 13, 18, 16, 12, 23, 6, 11, 20, 7, 14, 10, 4, 5, 19, 2, 3, 15]
Run 11:
Best OCplx: 0.3355525816054122
Best Sequence: [8, 11, 16, 13, 21, 1, 12, 6, 10, 17, 4, 19, 9, 18, 7, 5, 2, 3, 15, 14, 22, 20, 23]
Run 12:
Best OCplx: 0.1894958496905671
Best Sequence: [1, 21, 17, 13, 7, 8, 6, 9, 16, 22, 11, 12, 19, 23, 18, 10, 5, 4, 20, 14, 2, 3, 15]
Run 13:
Best OCplx: 0.2625242156479896
Best Sequence: [16, 9, 22, 6, 8, 21, 17, 1, 23, 13, 7, 12, 19, 11, 18, 10, 5, 14, 4, 2, 20, 3, 15]
Run 14:
Best OCplx: 0.1624250140204861
Best Sequence: [21, 11, 9, 22, 19, 7, 8, 16, 1, 13, 12, 18, 10, 17, 23, 5, 20, 4, 2, 6, 3, 14, 15]
Run 15:
Best OCplx: 0.1894958496905671
Best Sequence: [22, 8, 13, 12, 21, 9, 7, 16, 6, 11, 23, 19, 10, 5, 18, 17, 20, 1, 4, 2, 3, 15, 14]
Run 16:
Best OCplx: 0.18949584969056707
Best Sequence: [13, 23, 8, 21, 7, 9, 11, 17, 1, 22, 18, 16, 19, 12, 4, 6, 20, 10, 5, 2, 3, 15, 14]
Run 17:
Best OCplx: 0.2707083567008101
Best Sequence: [16, 19, 7, 13, 22, 8, 9, 6, 23, 21, 11, 18, 17, 1, 20, 12, 10, 5, 4, 14, 2, 3, 15]
Run 18:
Best OCplx: 0.1894958496905671
Best Sequence: [13, 1, 9, 21, 17, 16, 11, 22, 7, 10, 19, 8, 23, 12, 6, 18, 20, 4, 5, 14, 2, 3, 15]
Run 19:
Best OCplx: 0.2436375210307291
Best Sequence: [13, 16, 8, 1, 19, 11, 9, 21, 7, 12, 6, 22, 10, 4, 17, 14, 5, 2, 23, 20, 18, 3, 15]
Run 20:
Best OCplx: 0.2165666853606481
Best Sequence: [1, 16, 11, 22, 13, 19, 8, 9, 6, 7, 12, 10, 21, 18, 17, 23, 5, 4, 20, 14, 2, 3, 15]
Run 21:
Best OCplx: 0.1813117086377466
Best Sequence: [1, 9, 11, 6, 12, 8, 21, 16, 17, 19, 22, 10, 5, 13, 23, 7, 18, 20, 4, 2, 3, 15, 14]
Run 22:
Best OCplx: 0.1894958496905671
Best Sequence: [13, 21, 11, 1, 9, 8, 23, 7, 22, 16, 6, 12, 10, 4, 17, 18, 19, 5, 20, 2, 3, 15, 14]
Run 23:
Best OCplx: 0.2895950513180706
Best Sequence: [17, 6, 11, 1, 19, 10, 13, 22, 8, 21, 16, 7, 5, 9, 12, 18, 4, 2, 3, 23, 20, 15, 14]
Run 24:
Best OCplx: 0.1894958496905671
Best Sequence: [21, 13, 19, 22, 11, 12, 9, 16, 8, 7, 1, 6, 10, 23, 5, 4, 18, 2, 17, 20, 3, 15, 14]
Run 25:
Best OCplx: 0.1894958496905671
Best Sequence: [19, 11, 1, 9, 13, 8, 22, 21, 16, 17, 20, 7, 6, 23, 12, 10, 5, 18, 4, 2, 3, 14, 15]
Run 26:
Best OCplx: 0.1894958496905671
Best Sequence: [7, 19, 21, 22, 13, 17, 12, 8, 16, 11, 10, 9, 1, 5, 6, 14, 23, 4, 18, 20, 2, 3, 15]
Run 27:
Best OCplx: 0.13535417835040506
Best Sequence: [21, 8, 11, 6, 19, 16, 9, 1, 12, 22, 18, 10, 5, 13, 4, 7, 17, 23, 20, 2, 3, 15, 14]
Run 28:
Best OCplx: 0.1894958496905671
Best Sequence: [8, 6, 13, 12, 21, 11, 22, 7, 1, 16, 10, 9, 5, 17, 23, 19, 20, 4, 2, 18, 3, 14, 15]
Run 29:
Best OCplx: 0.2165666853606481
Best Sequence: [11, 19, 1, 12, 8, 9, 21, 22, 6, 10, 13, 16, 17, 4, 23, 5, 2, 3, 15, 14, 7, 20, 18]
Run 30:
Best OCplx: 0.2165666853606481
Best Sequence: [8, 22, 16, 1, 23, 11, 10, 12, 7, 18, 19, 6, 9, 21, 17, 4, 20, 5, 13, 2, 3, 14, 15]
