Run 1:
Best OCplx: 0.610683129206564
Best Sequence: [12, 14, 11, 7, 17, 8, 6, 1, 18, 20, 10, 9, 22, 13, 21, 23, 16, 4, 19, 5, 2, 3, 15]
Run 2:
Best OCplx: 0.9746681228853056
Best Sequence: [10, 11, 19, 18, 22, 12, 7, 1, 17, 9, 20, 4, 13, 16, 6, 8, 23, 3, 15, 14, 21, 5, 2]
Run 3:
Best OCplx: 0.77138921583987
Best Sequence: [12, 5, 9, 17, 21, 16, 11, 19, 22, 23, 8, 4, 13, 20, 6, 1, 15, 18, 2, 3, 10, 14, 7]
Run 4:
Best OCplx: 0.6106831292065638
Best Sequence: [14, 19, 7, 17, 16, 12, 9, 4, 22, 1, 6, 21, 11, 18, 13, 10, 5, 8, 2, 23, 3, 20, 15]
Run 5:
Best OCplx: 0.9963777371264988
Best Sequence: [13, 9, 11, 12, 19, 18, 10, 5, 22, 16, 20, 6, 7, 4, 1, 8, 15, 17, 3, 23, 14, 21, 2]
Run 6:
Best OCplx: 0.8035304331665312
Best Sequence: [8, 7, 11, 10, 16, 22, 14, 12, 4, 5, 13, 6, 9, 15, 21, 23, 17, 1, 2, 3, 18, 20, 19]
Run 7:
Best OCplx: 0.3535533905932738
Best Sequence: [21, 18, 1, 8, 12, 9, 6, 17, 4, 23, 11, 10, 7, 20, 16, 5, 14, 22, 19, 13, 2, 3, 15]
Run 8:
Best OCplx: 1.038950557538628
Best Sequence: [6, 16, 21, 1, 20, 10, 8, 14, 9, 22, 15, 18, 17, 5, 12, 4, 23, 7, 19, 2, 11, 3, 13]
Run 9:
Best OCplx: 0.38569460791993504
Best Sequence: [21, 11, 8, 1, 6, 10, 16, 9, 12, 13, 7, 19, 23, 18, 17, 5, 14, 4, 2, 20, 22, 3, 15]
Run 10:
Best OCplx: 0.6428243465332251
Best Sequence: [17, 8, 7, 12, 18, 1, 9, 20, 22, 13, 16, 4, 5, 19, 6, 23, 11, 10, 14, 2, 3, 15, 21]
Run 11:
Best OCplx: 0.6106831292065638
Best Sequence: [1, 5, 17, 19, 16, 12, 14, 9, 23, 7, 21, 13, 22, 18, 20, 8, 4, 11, 2, 6, 3, 15, 10]
Run 12:
Best OCplx: 0.38569460791993504
Best Sequence: [13, 8, 6, 19, 16, 11, 9, 21, 23, 10, 22, 12, 5, 14, 17, 4, 20, 7, 1, 2, 3, 18, 15]
Run 13:
Best OCplx: 0.77138921583987
Best Sequence: [16, 23, 1, 19, 8, 22, 18, 11, 14, 12, 9, 13, 10, 4, 20, 6, 15, 5, 7, 2, 3, 17, 21]
Run 14:
Best OCplx: 0.7392479985132088
Best Sequence: [12, 11, 9, 6, 21, 4, 8, 5, 22, 18, 17, 16, 20, 15, 19, 1, 23, 13, 7, 10, 2, 3, 14]
Run 15:
Best OCplx: 0.4499770425732575
Best Sequence: [9, 16, 22, 11, 10, 21, 18, 7, 17, 8, 13, 5, 12, 1, 4, 23, 15, 2, 6, 14, 19, 20, 3]
Run 16:
Best OCplx: 0.9320953024731763
Best Sequence: [23, 8, 6, 11, 9, 1, 18, 16, 12, 5, 19, 21, 13, 22, 4, 17, 14, 3, 20, 7, 15, 2, 10]
Run 17:
Best OCplx: 0.8461032535786605
Best Sequence: [8, 16, 22, 12, 9, 23, 6, 10, 15, 18, 11, 14, 21, 17, 4, 13, 19, 20, 1, 5, 2, 3, 7]
Run 18:
Best OCplx: 0.8035304331665314
Best Sequence: [13, 21, 17, 19, 1, 8, 6, 9, 11, 14, 23, 12, 7, 5, 3, 16, 4, 15, 22, 2, 18, 10, 20]
Run 19:
Best OCplx: 0.7496796015986767
Best Sequence: [1, 9, 12, 22, 4, 19, 8, 13, 10, 23, 6, 17, 7, 20, 14, 21, 5, 11, 16, 2, 3, 15, 18]
Run 20:
Best OCplx: 0.8035304331665313
Best Sequence: [8, 16, 21, 15, 22, 18, 17, 11, 23, 9, 13, 12, 20, 5, 6, 14, 4, 1, 2, 10, 3, 19, 7]
Run 21:
Best OCplx: 0.5464006945532413
Best Sequence: [9, 1, 12, 11, 16, 14, 7, 21, 10, 8, 15, 4, 22, 5, 17, 13, 23, 2, 19, 18, 6, 20, 3]
Run 22:
Best OCplx: 0.8035304331665314
Best Sequence: [11, 21, 9, 1, 13, 10, 18, 16, 17, 20, 14, 22, 4, 23, 5, 7, 19, 8, 6, 2, 3, 15, 12]
Run 23:
Best OCplx: 0.4178358252465963
Best Sequence: [21, 11, 8, 16, 17, 6, 10, 19, 5, 1, 12, 9, 13, 4, 22, 23, 15, 7, 18, 2, 14, 3, 20]
Run 24:
Best OCplx: 0.6428243465332251
Best Sequence: [11, 7, 9, 12, 8, 1, 16, 14, 18, 4, 10, 5, 21, 6, 13, 17, 20, 3, 23, 2, 15, 19, 22]
Run 25:
Best OCplx: 1.2213662584131275
Best Sequence: [14, 7, 6, 22, 16, 12, 17, 9, 21, 20, 11, 8, 15, 5, 19, 10, 1, 4, 2, 23, 3, 18, 13]
Run 26:
Best OCplx: 0.6749655638598863
Best Sequence: [12, 21, 23, 8, 7, 19, 18, 9, 17, 6, 4, 11, 13, 20, 1, 14, 10, 16, 22, 5, 15, 2, 3]
Run 27:
Best OCplx: 0.9642365197998375
Best Sequence: [23, 11, 17, 1, 8, 22, 13, 7, 12, 18, 10, 5, 6, 9, 3, 20, 2, 19, 16, 15, 14, 4, 21]
Run 28:
Best OCplx: 0.9853486149847132
Best Sequence: [13, 16, 9, 5, 12, 19, 8, 1, 7, 4, 14, 3, 11, 15, 17, 23, 22, 18, 10, 2, 20, 6, 21]
Run 29:
Best OCplx: 0.5785419118799024
Best Sequence: [21, 9, 6, 11, 17, 1, 18, 19, 13, 16, 22, 10, 5, 7, 2, 23, 12, 4, 8, 3, 15, 20, 14]
Run 30:
Best OCplx: 0.8356716504931926
Best Sequence: [1, 7, 16, 17, 18, 11, 19, 12, 22, 8, 20, 9, 13, 6, 14, 15, 4, 23, 5, 10, 2, 3, 21]
