Run 1:
Best OCplx: 4.131797627622001
Best Sequence: [8, 25, 9, 5, 13, 21, 61, 39, 27, 14, 46, 45, 15, 43, 31, 7, 4, 54, 58, 30, 57, 48, 2, 10, 47, 35, 16, 59, 18, 53, 41, 1, 36, 19, 11, 22, 40, 6, 17, 23, 37, 55, 56, 28, 49, 32, 26, 34, 12, 38, 52, 33, 42, 29, 24, 3, 60, 20, 50, 44, 51]
Run 2:
Best OCplx: 7.5464419045983995
Best Sequence: [47, 15, 17, 8, 36, 9, 46, 58, 34, 43, 28, 40, 37, 3, 60, 21, 59, 16, 57, 39, 32, 33, 1, 22, 49, 35, 6, 20, 38, 31, 45, 55, 52, 42, 26, 5, 41, 61, 24, 54, 11, 53, 10, 50, 30, 27, 48, 51, 2, 56, 29, 7, 14, 18, 4, 25, 19, 44, 23, 12, 13]
Run 3:
Best OCplx: 2.4151448911606535
Best Sequence: [9, 49, 60, 31, 8, 28, 10, 47, 11, 5, 21, 34, 36, 46, 54, 15, 44, 27, 17, 53, 18, 7, 61, 58, 29, 16, 23, 1, 57, 25, 55, 30, 48, 14, 41, 22, 32, 45, 43, 59, 4, 2, 3, 6, 35, 26, 37, 39, 24, 20, 42, 38, 33, 52, 13, 56, 19, 51, 12, 40, 50]
Run 4:
Best OCplx: 4.806235757156649
Best Sequence: [28, 21, 31, 13, 9, 8, 60, 15, 10, 46, 25, 59, 49, 44, 4, 58, 29, 55, 30, 39, 27, 61, 56, 32, 34, 18, 35, 47, 24, 17, 45, 54, 16, 22, 19, 2, 1, 26, 23, 48, 40, 38, 6, 36, 57, 14, 53, 52, 33, 20, 51, 43, 3, 11, 7, 41, 12, 37, 5, 42, 50]
Run 5:
Best OCplx: 7.000983785822968
Best Sequence: [54, 21, 56, 43, 8, 15, 13, 27, 35, 28, 59, 31, 40, 39, 17, 46, 34, 49, 44, 10, 4, 58, 19, 48, 9, 41, 47, 14, 45, 3, 32, 60, 36, 55, 26, 16, 57, 7, 37, 42, 52, 5, 22, 61, 18, 11, 1, 2, 30, 24, 33, 53, 25, 23, 38, 12, 51, 6, 29, 50, 20]
Run 6:
Best OCplx: 2.3218359461091427
Best Sequence: [8, 47, 25, 10, 5, 31, 49, 43, 40, 28, 21, 61, 46, 11, 34, 56, 36, 30, 4, 59, 54, 17, 24, 58, 22, 57, 44, 48, 14, 32, 1, 15, 16, 60, 29, 27, 39, 26, 55, 35, 20, 45, 7, 13, 41, 37, 2, 9, 18, 38, 53, 33, 19, 3, 50, 23, 51, 42, 6, 52, 12]
Run 7:
Best OCplx: 2.0123059479204204
Best Sequence: [8, 28, 39, 59, 10, 13, 31, 44, 5, 21, 36, 25, 48, 47, 49, 18, 14, 15, 40, 7, 30, 23, 57, 46, 29, 17, 4, 11, 27, 9, 58, 45, 2, 24, 16, 61, 60, 53, 43, 56, 35, 54, 34, 6, 1, 37, 19, 41, 22, 26, 55, 38, 52, 32, 33, 20, 42, 50, 3, 51, 12]
Run 8:
Best OCplx: 7.023268497549723
Best Sequence: [60, 8, 17, 44, 15, 10, 5, 59, 9, 46, 40, 49, 13, 45, 21, 24, 30, 14, 53, 27, 61, 20, 28, 11, 19, 57, 26, 36, 47, 43, 48, 56, 58, 39, 7, 25, 6, 22, 32, 35, 31, 1, 33, 16, 38, 4, 23, 41, 51, 50, 2, 18, 55, 34, 3, 37, 52, 29, 12, 42, 54]
Run 9:
Best OCplx: 3.2163059900413224
Best Sequence: [46, 59, 8, 44, 48, 49, 43, 31, 47, 34, 28, 39, 61, 5, 60, 10, 40, 25, 58, 21, 19, 56, 15, 11, 4, 30, 7, 35, 18, 36, 53, 24, 29, 6, 17, 54, 27, 14, 9, 2, 13, 41, 45, 23, 55, 32, 57, 38, 22, 16, 1, 3, 20, 52, 33, 37, 12, 51, 50, 26, 42]
Run 10:
Best OCplx: 5.751939502301262
Best Sequence: [5, 54, 10, 9, 21, 15, 46, 45, 43, 28, 8, 56, 61, 59, 24, 44, 18, 39, 58, 40, 27, 25, 48, 49, 47, 19, 22, 57, 37, 23, 16, 53, 60, 6, 31, 36, 30, 3, 35, 13, 7, 26, 34, 4, 55, 1, 17, 2, 14, 52, 41, 51, 32, 29, 20, 33, 50, 38, 11, 42, 12]
Run 11:
Best OCplx: 2.8264919395547876
Best Sequence: [8, 5, 10, 47, 21, 61, 54, 13, 40, 49, 31, 25, 34, 44, 46, 22, 14, 24, 6, 11, 59, 43, 29, 39, 27, 58, 7, 53, 56, 28, 26, 15, 16, 36, 17, 1, 18, 60, 30, 37, 9, 35, 55, 4, 2, 51, 12, 23, 32, 57, 42, 3, 38, 33, 20, 50, 19, 45, 52, 41, 48]
Run 12:
Best OCplx: 3.5086951939959166
Best Sequence: [8, 17, 46, 10, 49, 21, 34, 40, 47, 9, 57, 2, 14, 7, 60, 48, 56, 16, 58, 6, 19, 44, 13, 32, 61, 54, 11, 27, 24, 39, 31, 26, 5, 36, 35, 41, 4, 22, 30, 45, 37, 20, 53, 15, 43, 1, 23, 25, 55, 3, 28, 18, 52, 50, 51, 42, 33, 29, 38, 59, 12]
Run 13:
Best OCplx: 3.2449890937425794
Best Sequence: [25, 8, 49, 44, 31, 21, 13, 40, 18, 29, 10, 28, 46, 15, 39, 48, 7, 58, 57, 27, 35, 5, 17, 45, 36, 19, 16, 23, 34, 6, 4, 14, 24, 56, 43, 54, 9, 41, 61, 59, 26, 30, 32, 55, 3, 47, 37, 53, 60, 22, 38, 52, 11, 33, 2, 51, 20, 42, 50, 1, 12]
Run 14:
Best OCplx: 2.022358139198686
Best Sequence: [28, 8, 46, 31, 10, 5, 36, 44, 21, 60, 17, 25, 58, 61, 47, 9, 4, 43, 54, 7, 34, 29, 45, 41, 27, 11, 59, 37, 49, 39, 22, 30, 18, 2, 14, 15, 48, 35, 13, 40, 32, 53, 56, 24, 16, 55, 23, 26, 19, 6, 20, 52, 3, 38, 1, 42, 50, 51, 57, 12, 33]
Run 15:
Best OCplx: 6.68597244470828
Best Sequence: [40, 34, 5, 61, 8, 46, 36, 18, 44, 28, 21, 60, 14, 49, 47, 30, 11, 4, 25, 35, 56, 10, 59, 16, 22, 26, 19, 27, 45, 31, 37, 39, 9, 17, 1, 6, 57, 54, 23, 33, 42, 2, 43, 55, 51, 29, 32, 38, 7, 24, 3, 52, 20, 58, 13, 15, 41, 50, 48, 12, 53]
