Run 1:
Best OCplx: 0.2892709559399513
Best Sequence: [10, 12, 1, 20, 13, 31, 23, 3, 40, 7, 37, 41, 2, 21, 34, 5, 43, 14, 32, 25, 8, 15, 22, 6, 30, 11, 44, 36, 4, 26, 27, 39, 45, 42, 38, 24, 33, 18, 19, 16, 35, 9, 17, 29, 28]
Run 2:
Best OCplx: 0.16070608663330627
Best Sequence: [34, 32, 23, 25, 12, 2, 3, 9, 41, 14, 36, 31, 30, 44, 37, 35, 21, 8, 43, 27, 26, 39, 22, 10, 1, 4, 33, 15, 45, 6, 7, 13, 5, 38, 24, 11, 40, 20, 18, 42, 19, 16, 17, 28, 29]
Run 3:
Best OCplx: 0.32141217326661253
Best Sequence: [22, 33, 45, 36, 5, 37, 31, 14, 38, 12, 27, 8, 9, 4, 1, 34, 15, 2, 41, 25, 13, 32, 21, 10, 44, 7, 30, 6, 3, 20, 43, 11, 23, 35, 24, 26, 39, 40, 42, 28, 19, 18, 16, 17, 29]
Run 4:
Best OCplx: 0.16070608663330627
Best Sequence: [14, 41, 33, 31, 23, 35, 38, 34, 44, 21, 22, 8, 5, 15, 7, 27, 9, 12, 25, 20, 30, 37, 10, 13, 2, 3, 4, 26, 1, 43, 32, 11, 36, 40, 24, 6, 19, 18, 39, 42, 16, 17, 45, 29, 28]
Run 5:
Best OCplx: 0.2892709559399513
Best Sequence: [43, 14, 39, 35, 9, 21, 30, 4, 37, 1, 8, 6, 5, 34, 38, 23, 36, 10, 15, 3, 44, 27, 45, 2, 22, 11, 13, 20, 32, 25, 24, 26, 19, 12, 7, 41, 33, 42, 40, 18, 31, 28, 16, 17, 29]
Run 6:
Best OCplx: 0.22498852128662877
Best Sequence: [25, 33, 14, 34, 9, 4, 30, 43, 26, 22, 36, 6, 41, 38, 12, 1, 39, 23, 32, 31, 8, 11, 5, 13, 10, 20, 3, 21, 35, 2, 15, 7, 44, 24, 19, 37, 42, 18, 27, 45, 16, 40, 17, 28, 29]
Run 7:
Best OCplx: 0.22498852128662877
Best Sequence: [36, 10, 5, 8, 37, 2, 39, 45, 13, 38, 12, 25, 22, 26, 24, 1, 15, 34, 14, 43, 11, 23, 41, 4, 27, 18, 33, 21, 19, 20, 35, 44, 3, 30, 40, 42, 6, 9, 7, 31, 32, 16, 17, 29, 28]
Run 8:
Best OCplx: 0.3535533905932738
Best Sequence: [26, 34, 6, 7, 1, 4, 10, 5, 38, 8, 3, 9, 25, 36, 2, 20, 12, 30, 43, 23, 14, 13, 44, 35, 33, 15, 32, 22, 11, 37, 41, 27, 24, 40, 21, 31, 19, 45, 18, 16, 39, 42, 17, 28, 29]
Run 9:
Best OCplx: 0.2892709559399513
Best Sequence: [43, 13, 4, 35, 39, 5, 15, 33, 34, 26, 8, 7, 11, 44, 30, 41, 36, 21, 2, 14, 25, 37, 12, 20, 38, 10, 27, 6, 32, 22, 9, 3, 23, 1, 24, 45, 19, 18, 40, 31, 16, 28, 17, 42, 29]
Run 10:
Best OCplx: 0.2892709559399513
Best Sequence: [1, 26, 15, 9, 43, 27, 39, 25, 35, 44, 13, 31, 7, 8, 33, 23, 36, 5, 3, 34, 45, 41, 14, 12, 40, 10, 21, 30, 24, 38, 6, 37, 32, 20, 4, 22, 11, 2, 19, 18, 28, 42, 16, 17, 29]
Run 11:
Best OCplx: 0.32141217326661253
Best Sequence: [35, 39, 38, 3, 5, 37, 44, 14, 26, 25, 36, 10, 2, 9, 11, 13, 31, 15, 22, 7, 41, 43, 27, 8, 23, 32, 4, 21, 20, 45, 30, 33, 1, 24, 6, 34, 12, 42, 19, 40, 18, 16, 17, 28, 29]
Run 12:
Best OCplx: 0.32141217326661253
Best Sequence: [38, 33, 3, 31, 8, 25, 43, 32, 4, 30, 22, 36, 7, 1, 20, 35, 21, 44, 14, 6, 37, 15, 41, 12, 13, 24, 27, 23, 28, 34, 39, 42, 10, 45, 2, 26, 5, 9, 11, 40, 19, 18, 16, 17, 29]
Run 13:
Best OCplx: 0.25712973861329
Best Sequence: [22, 5, 39, 38, 36, 25, 41, 12, 45, 14, 3, 33, 4, 32, 10, 34, 26, 37, 31, 43, 30, 20, 44, 1, 15, 11, 2, 23, 35, 27, 7, 9, 13, 21, 24, 8, 19, 40, 18, 42, 16, 17, 6, 28, 29]
Run 14:
Best OCplx: 0.32141217326661253
Best Sequence: [35, 44, 27, 5, 7, 33, 13, 26, 39, 2, 32, 11, 12, 37, 30, 25, 41, 3, 36, 45, 15, 43, 10, 6, 8, 9, 38, 34, 22, 23, 40, 24, 1, 21, 19, 14, 20, 4, 42, 31, 18, 16, 28, 17, 29]
Run 15:
Best OCplx: 0.25712973861329
Best Sequence: [37, 33, 26, 38, 23, 12, 20, 10, 4, 25, 44, 2, 7, 6, 43, 39, 18, 22, 1, 8, 40, 32, 5, 21, 31, 30, 14, 41, 35, 13, 15, 9, 45, 27, 34, 11, 24, 19, 16, 42, 36, 3, 17, 28, 29]
Run 16:
Best OCplx: 0.2892709559399513
Best Sequence: [7, 8, 21, 44, 6, 25, 31, 23, 20, 38, 1, 10, 15, 14, 41, 13, 37, 35, 5, 30, 12, 36, 34, 4, 11, 22, 2, 9, 27, 45, 26, 3, 43, 33, 32, 39, 40, 42, 24, 18, 19, 16, 17, 29, 28]
Run 17:
Best OCplx: 0.25712973861329
Best Sequence: [40, 14, 13, 4, 27, 32, 21, 41, 5, 3, 43, 39, 33, 30, 38, 45, 6, 15, 31, 25, 35, 44, 22, 10, 26, 9, 7, 2, 12, 23, 1, 20, 8, 36, 11, 24, 37, 34, 42, 18, 19, 16, 17, 28, 29]
Run 18:
Best OCplx: 0.16070608663330627
Best Sequence: [14, 38, 26, 33, 25, 12, 9, 21, 2, 31, 7, 8, 44, 15, 40, 6, 36, 24, 19, 43, 39, 11, 37, 41, 3, 10, 32, 35, 22, 5, 27, 13, 20, 23, 4, 30, 45, 34, 18, 42, 1, 16, 17, 29, 28]
Run 19:
Best OCplx: 0.25712973861329
Best Sequence: [26, 38, 8, 30, 33, 22, 32, 21, 36, 11, 3, 35, 4, 7, 37, 41, 9, 5, 1, 20, 25, 23, 12, 44, 31, 24, 14, 15, 2, 19, 27, 13, 43, 10, 6, 39, 18, 40, 42, 34, 28, 45, 16, 17, 29]
Run 20:
Best OCplx: 0.32141217326661253
Best Sequence: [1, 20, 14, 10, 37, 38, 21, 5, 7, 31, 23, 44, 8, 9, 4, 33, 15, 34, 11, 25, 6, 32, 41, 27, 43, 36, 22, 12, 26, 2, 40, 18, 13, 3, 24, 35, 39, 19, 45, 30, 42, 28, 16, 17, 29]
Run 21:
Best OCplx: 0.2892709559399513
Best Sequence: [2, 12, 23, 41, 10, 21, 11, 36, 25, 1, 44, 9, 8, 6, 13, 15, 33, 20, 31, 35, 30, 14, 32, 26, 27, 22, 3, 5, 7, 4, 38, 43, 39, 37, 24, 18, 19, 45, 34, 16, 42, 40, 17, 28, 29]
Run 22:
Best OCplx: 0.19284730395996752
Best Sequence: [34, 10, 23, 6, 1, 4, 8, 25, 12, 44, 37, 27, 15, 20, 38, 33, 35, 24, 43, 9, 30, 11, 14, 36, 39, 32, 21, 22, 26, 3, 5, 19, 2, 18, 41, 7, 13, 45, 40, 31, 42, 16, 17, 29, 28]
Run 23:
Best OCplx: 0.25712973861329
Best Sequence: [25, 15, 24, 13, 38, 31, 4, 22, 43, 30, 35, 1, 36, 44, 2, 33, 5, 21, 3, 12, 39, 37, 11, 14, 34, 6, 41, 27, 7, 23, 9, 40, 32, 10, 45, 8, 26, 20, 18, 19, 16, 28, 42, 17, 29]
Run 24:
Best OCplx: 0.32141217326661253
Best Sequence: [14, 44, 37, 43, 12, 35, 30, 4, 32, 23, 21, 8, 38, 26, 41, 27, 6, 34, 1, 25, 13, 40, 39, 15, 20, 45, 10, 36, 9, 11, 22, 31, 24, 3, 2, 18, 19, 42, 7, 33, 5, 28, 16, 17, 29]
Run 25:
Best OCplx: 0.25712973861329
Best Sequence: [11, 14, 6, 9, 33, 21, 40, 34, 12, 44, 37, 4, 13, 38, 31, 43, 32, 8, 22, 5, 15, 20, 26, 25, 7, 2, 10, 27, 3, 24, 39, 23, 18, 41, 36, 45, 30, 42, 19, 35, 16, 17, 28, 1, 29]
Run 26:
Best OCplx: 0.16070608663330627
Best Sequence: [31, 5, 38, 43, 41, 2, 21, 8, 1, 3, 7, 15, 35, 14, 6, 37, 39, 27, 32, 13, 34, 44, 30, 23, 22, 26, 12, 36, 25, 9, 24, 10, 33, 18, 20, 4, 45, 40, 11, 42, 19, 16, 17, 28, 29]
Run 27:
Best OCplx: 0.32141217326661253
Best Sequence: [39, 25, 5, 10, 7, 30, 21, 11, 37, 12, 23, 15, 9, 33, 4, 31, 35, 43, 36, 27, 14, 22, 20, 26, 3, 41, 38, 8, 13, 1, 45, 44, 2, 24, 32, 6, 40, 19, 18, 34, 42, 16, 28, 17, 29]
Run 28:
Best OCplx: 0.22498852128662877
Best Sequence: [15, 23, 36, 1, 38, 43, 22, 31, 8, 41, 35, 2, 25, 11, 27, 7, 26, 30, 9, 45, 13, 24, 14, 37, 34, 4, 33, 44, 6, 12, 3, 10, 5, 32, 20, 40, 39, 19, 18, 21, 16, 42, 17, 29, 28]
Run 29:
Best OCplx: 0.16070608663330627
Best Sequence: [10, 21, 31, 1, 43, 44, 22, 26, 41, 5, 37, 33, 14, 38, 23, 9, 15, 35, 12, 27, 8, 13, 2, 30, 4, 3, 25, 7, 6, 24, 36, 39, 32, 45, 40, 11, 20, 19, 18, 34, 16, 42, 17, 28, 29]
Run 30:
Best OCplx: 0.22498852128662877
Best Sequence: [22, 35, 14, 41, 3, 2, 21, 20, 4, 33, 45, 26, 11, 8, 34, 44, 7, 5, 10, 30, 13, 1, 27, 23, 9, 6, 25, 43, 38, 24, 40, 32, 37, 19, 39, 36, 12, 31, 15, 18, 16, 42, 17, 29, 28]
