Run 1:
Best OCplx: 0.740937894501678
Best Sequence: [38, 2, 20, 15, 32, 11, 22, 34, 28, 7, 24, 30, 27, 17, 14, 5, 21, 8, 16, 10, 29, 18, 31, 35, 9, 6, 37, 3, 36, 23, 1, 4, 12, 26, 13, 39, 19, 33, 25]
Run 2:
Best OCplx: 0.7621187146609962
Best Sequence: [36, 21, 3, 24, 11, 16, 13, 12, 38, 20, 39, 10, 15, 17, 33, 31, 27, 7, 8, 19, 23, 1, 5, 30, 32, 14, 18, 2, 9, 37, 26, 34, 6, 4, 29, 25, 35, 22, 28]
Run 3:
Best OCplx: 0.6597012953160466
Best Sequence: [39, 27, 31, 11, 1, 32, 24, 22, 16, 20, 21, 7, 8, 30, 36, 15, 29, 13, 23, 10, 28, 35, 12, 2, 38, 9, 6, 17, 33, 19, 18, 37, 3, 25, 34, 4, 14, 26, 5]
Run 4:
Best OCplx: 0.7975882656041721
Best Sequence: [21, 20, 1, 18, 27, 11, 28, 10, 12, 16, 2, 24, 26, 13, 7, 29, 32, 30, 23, 36, 22, 3, 38, 37, 8, 19, 31, 9, 6, 33, 15, 25, 4, 17, 39, 34, 5, 14, 35]
Run 5:
Best OCplx: 0.7444956508837075
Best Sequence: [22, 13, 1, 11, 21, 10, 35, 7, 16, 36, 26, 24, 29, 27, 9, 12, 34, 32, 39, 3, 15, 5, 17, 38, 19, 30, 20, 33, 8, 6, 14, 37, 4, 2, 18, 31, 25, 28, 23]
Run 6:
Best OCplx: 0.7003284285113472
Best Sequence: [39, 32, 7, 36, 30, 17, 11, 10, 35, 22, 33, 20, 28, 21, 27, 3, 23, 15, 14, 26, 24, 5, 37, 9, 16, 1, 13, 2, 31, 19, 18, 34, 12, 8, 38, 6, 25, 29, 4]
Run 7:
Best OCplx: 0.7123333417580219
Best Sequence: [32, 11, 10, 2, 18, 20, 1, 7, 38, 24, 15, 21, 36, 33, 13, 28, 9, 17, 12, 27, 6, 4, 31, 23, 5, 35, 14, 29, 30, 3, 16, 19, 26, 25, 37, 39, 34, 22, 8]
Run 8:
Best OCplx: 0.6980983135998845
Best Sequence: [16, 24, 27, 22, 11, 7, 19, 21, 10, 1, 9, 31, 34, 23, 20, 39, 33, 12, 6, 26, 38, 25, 3, 35, 36, 29, 13, 18, 15, 28, 32, 37, 4, 2, 5, 17, 8, 30, 14]
Run 9:
Best OCplx: 0.7500867102383808
Best Sequence: [30, 32, 21, 2, 11, 10, 3, 36, 38, 20, 28, 27, 33, 9, 39, 8, 15, 7, 26, 13, 17, 18, 12, 1, 23, 6, 29, 31, 25, 34, 24, 22, 14, 4, 16, 35, 5, 19, 37]
Run 10:
Best OCplx: 0.7385179847647306
Best Sequence: [24, 23, 21, 39, 11, 38, 2, 36, 15, 30, 19, 3, 35, 16, 25, 5, 28, 34, 13, 27, 14, 12, 20, 7, 10, 26, 22, 18, 8, 29, 32, 31, 1, 9, 37, 33, 17, 6, 4]
Run 11:
Best OCplx: 0.833057816547348
Best Sequence: [21, 5, 23, 17, 36, 20, 11, 22, 10, 3, 19, 14, 12, 27, 8, 9, 28, 30, 38, 6, 32, 15, 34, 7, 2, 29, 39, 13, 4, 24, 18, 31, 25, 37, 35, 33, 16, 1, 26]
Run 12:
Best OCplx: 0.781560906079979
Best Sequence: [5, 35, 11, 20, 26, 23, 36, 15, 7, 32, 31, 21, 27, 38, 17, 10, 12, 24, 28, 8, 34, 39, 29, 22, 18, 3, 2, 13, 14, 1, 9, 6, 19, 37, 25, 16, 30, 4, 33]
Run 13:
Best OCplx: 0.6422815719522128
Best Sequence: [20, 15, 24, 27, 3, 8, 39, 14, 22, 23, 7, 26, 32, 21, 11, 38, 10, 9, 30, 6, 5, 1, 2, 19, 34, 25, 16, 12, 18, 35, 17, 13, 36, 33, 29, 4, 28, 31, 37]
Run 14:
Best OCplx: 0.7057969412542267
Best Sequence: [11, 2, 21, 3, 24, 12, 36, 22, 7, 14, 32, 20, 29, 13, 27, 10, 26, 19, 34, 5, 17, 33, 30, 16, 1, 18, 9, 31, 39, 25, 35, 37, 6, 28, 38, 4, 15, 8, 23]
Run 15:
Best OCplx: 0.7612850852061737
Best Sequence: [20, 34, 24, 28, 39, 16, 18, 26, 22, 36, 27, 14, 23, 3, 11, 1, 10, 9, 35, 30, 21, 6, 38, 7, 25, 33, 29, 31, 32, 12, 5, 13, 8, 37, 4, 2, 15, 17, 19]
Run 16:
Best OCplx: 0.7769797254176425
Best Sequence: [3, 33, 17, 36, 20, 7, 21, 32, 12, 18, 27, 15, 11, 34, 23, 35, 28, 38, 22, 16, 13, 1, 29, 39, 10, 30, 37, 26, 8, 31, 24, 9, 25, 19, 2, 6, 4, 5, 14]
Run 17:
Best OCplx: 0.7369466610171
Best Sequence: [11, 10, 14, 17, 7, 24, 2, 21, 1, 13, 29, 5, 9, 23, 36, 3, 20, 15, 22, 28, 30, 16, 34, 8, 38, 26, 18, 35, 39, 27, 6, 33, 37, 25, 12, 32, 19, 31, 4]
Run 18:
Best OCplx: 0.6604029541881044
Best Sequence: [16, 38, 21, 11, 3, 28, 30, 19, 7, 24, 32, 27, 15, 17, 10, 36, 34, 29, 26, 37, 9, 6, 39, 20, 31, 2, 23, 22, 33, 13, 5, 18, 8, 1, 25, 12, 14, 4, 35]
Run 19:
Best OCplx: 0.6411464359776065
Best Sequence: [23, 3, 17, 2, 8, 26, 20, 22, 13, 21, 7, 14, 24, 39, 11, 36, 1, 27, 10, 15, 28, 32, 38, 35, 25, 9, 30, 34, 29, 33, 6, 31, 16, 12, 18, 4, 5, 37, 19]
Run 20:
Best OCplx: 0.6968823838236168
Best Sequence: [5, 11, 16, 22, 20, 27, 36, 28, 10, 3, 21, 17, 38, 13, 19, 26, 30, 9, 32, 18, 39, 15, 24, 12, 1, 8, 35, 6, 14, 33, 34, 31, 29, 4, 37, 23, 2, 7, 25]
Run 21:
Best OCplx: 0.8217233493797911
Best Sequence: [11, 1, 15, 7, 10, 19, 38, 27, 35, 24, 8, 9, 28, 17, 22, 16, 23, 6, 34, 21, 32, 26, 4, 31, 18, 39, 5, 2, 36, 29, 33, 14, 37, 12, 20, 13, 25, 3, 30]
Run 22:
Best OCplx: 0.6171095183083165
Best Sequence: [21, 13, 11, 26, 7, 20, 16, 27, 10, 30, 15, 1, 9, 6, 39, 23, 29, 3, 31, 38, 32, 4, 24, 5, 17, 12, 8, 33, 34, 19, 25, 36, 28, 35, 2, 14, 22, 37, 18]
Run 23:
Best OCplx: 0.7809886261071906
Best Sequence: [32, 21, 31, 24, 20, 5, 27, 22, 12, 19, 7, 2, 23, 38, 15, 11, 14, 17, 16, 1, 28, 10, 3, 35, 39, 30, 29, 37, 36, 13, 9, 18, 34, 6, 4, 8, 26, 25, 33]
Run 24:
Best OCplx: 0.7123468873459923
Best Sequence: [3, 5, 36, 39, 17, 1, 35, 30, 11, 27, 21, 23, 24, 7, 20, 10, 15, 32, 38, 16, 2, 31, 18, 9, 37, 28, 25, 6, 26, 14, 13, 19, 8, 34, 12, 22, 29, 4, 33]
Run 25:
Best OCplx: 0.6777511228953887
Best Sequence: [16, 7, 11, 24, 36, 30, 3, 17, 33, 27, 2, 26, 10, 23, 13, 32, 9, 29, 20, 18, 25, 22, 8, 39, 15, 34, 21, 35, 19, 31, 6, 4, 28, 38, 12, 37, 14, 1, 5]
Run 26:
Best OCplx: 0.7210310131872062
Best Sequence: [11, 7, 28, 24, 30, 22, 13, 26, 27, 23, 19, 3, 10, 15, 1, 29, 9, 32, 31, 39, 2, 8, 34, 35, 33, 21, 17, 37, 6, 18, 25, 12, 5, 36, 38, 14, 4, 20, 16]
Run 27:
Best OCplx: 0.7689972584484863
Best Sequence: [36, 3, 21, 20, 39, 7, 33, 28, 32, 24, 17, 19, 22, 27, 14, 11, 37, 10, 34, 9, 30, 26, 1, 23, 12, 31, 8, 2, 16, 5, 13, 15, 38, 18, 35, 25, 6, 4, 29]
Run 28:
Best OCplx: 0.7713751204749988
Best Sequence: [34, 11, 13, 8, 24, 36, 16, 35, 28, 2, 33, 7, 15, 27, 10, 17, 38, 1, 20, 18, 14, 9, 19, 21, 30, 32, 3, 25, 22, 31, 29, 37, 26, 23, 12, 5, 39, 6, 4]
Run 29:
Best OCplx: 0.737505395401918
Best Sequence: [7, 13, 16, 39, 20, 1, 22, 23, 21, 26, 17, 35, 24, 38, 12, 28, 15, 30, 11, 36, 18, 34, 32, 2, 25, 29, 27, 10, 5, 33, 9, 8, 37, 31, 6, 19, 14, 4, 3]
Run 30:
Best OCplx: 0.7186219383677535
Best Sequence: [39, 28, 17, 36, 13, 11, 20, 10, 21, 24, 23, 34, 8, 9, 27, 15, 38, 1, 14, 31, 35, 6, 3, 26, 2, 33, 32, 29, 30, 5, 12, 7, 4, 22, 18, 19, 25, 37, 16]
