Run 1:
Best OCplx: 2.5763602233454925
Best Sequence: [129, 96, 2, 52, 16, 19, 119, 4, 57, 25, 54, 65, 63, 34, 1, 66, 68, 21, 15, 47, 8, 29, 36, 3, 24, 30, 62, 43, 14, 40, 28, 64, 44, 18, 56, 123, 53, 74, 33, 9, 38, 84, 67, 124, 32, 73, 39, 51, 75, 125, 31, 61, 58, 59, 48, 41, 5, 12, 10, 46, 77, 49, 78, 122, 108, 71, 118, 70, 85, 55, 80, 117, 13, 6, 60, 22, 27, 72, 69, 23, 17, 50, 81, 92, 26, 45, 112, 35, 82, 79, 93, 90, 107, 98, 103, 20, 83, 110, 76, 87, 100, 37, 89, 86, 113, 120, 97, 11, 121, 91, 7, 105, 42, 127, 101, 115, 94, 106, 111, 99, 114, 126, 116, 128, 88, 95, 109, 104, 102]
Run 2:
Best OCplx: 2.218224930922233
Best Sequence: [60, 54, 28, 32, 66, 3, 37, 48, 47, 17, 5, 70, 64, 21, 8, 9, 71, 29, 67, 34, 122, 52, 16, 42, 10, 2, 72, 76, 53, 43, 4, 40, 69, 36, 75, 124, 84, 30, 65, 55, 80, 83, 24, 129, 50, 58, 25, 79, 111, 125, 26, 7, 95, 6, 87, 14, 11, 49, 45, 73, 33, 118, 41, 110, 105, 15, 127, 107, 104, 109, 23, 86, 120, 63, 117, 44, 51, 39, 121, 100, 38, 82, 46, 68, 20, 78, 31, 1, 119, 94, 96, 22, 114, 12, 113, 97, 59, 56, 27, 115, 103, 106, 18, 35, 128, 92, 112, 62, 93, 74, 123, 108, 99, 101, 61, 81, 91, 89, 88, 13, 57, 90, 98, 116, 102, 126, 77, 19, 85]
Run 3:
Best OCplx: 1.8200017928273344
Best Sequence: [51, 52, 48, 43, 75, 125, 16, 12, 31, 34, 50, 65, 6, 54, 70, 67, 14, 3, 38, 28, 8, 58, 59, 18, 73, 63, 30, 46, 45, 15, 56, 55, 5, 124, 53, 72, 44, 76, 33, 122, 120, 129, 68, 94, 119, 87, 62, 85, 24, 23, 118, 47, 116, 40, 103, 105, 21, 7, 108, 95, 84, 82, 107, 93, 32, 71, 27, 83, 1, 117, 61, 115, 64, 98, 106, 100, 78, 69, 127, 113, 77, 86, 91, 80, 13, 25, 60, 4, 37, 10, 81, 109, 66, 112, 104, 96, 39, 123, 19, 35, 92, 88, 17, 89, 36, 79, 41, 97, 101, 29, 90, 114, 49, 128, 11, 102, 26, 110, 99, 9, 22, 74, 2, 20, 57, 121, 126, 42, 111]
Run 4:
Best OCplx: 1.782792233928019
Best Sequence: [3, 36, 30, 67, 71, 70, 28, 31, 15, 66, 8, 14, 43, 2, 53, 29, 6, 40, 39, 128, 34, 1, 69, 75, 13, 46, 38, 41, 49, 11, 61, 21, 119, 55, 17, 58, 51, 4, 7, 5, 78, 124, 50, 57, 12, 62, 48, 73, 24, 42, 64, 59, 10, 74, 19, 122, 84, 16, 126, 18, 63, 47, 125, 25, 68, 37, 44, 32, 9, 123, 26, 27, 96, 54, 76, 93, 23, 129, 77, 118, 97, 99, 82, 72, 98, 110, 106, 103, 107, 87, 116, 20, 104, 90, 35, 60, 117, 56, 95, 45, 22, 33, 121, 92, 79, 65, 115, 80, 89, 85, 94, 86, 81, 83, 52, 91, 101, 109, 127, 100, 120, 111, 88, 102, 108, 112, 114, 105, 113]
Run 5:
Best OCplx: 1.32388434245966
Best Sequence: [129, 39, 52, 43, 3, 53, 118, 73, 8, 70, 36, 9, 18, 50, 64, 128, 68, 40, 61, 38, 56, 5, 124, 2, 63, 79, 60, 123, 37, 15, 71, 7, 4, 54, 66, 69, 33, 42, 10, 25, 29, 119, 17, 76, 6, 24, 125, 30, 28, 45, 19, 75, 49, 48, 84, 65, 57, 51, 11, 59, 87, 74, 47, 72, 107, 31, 112, 1, 116, 82, 92, 34, 77, 101, 121, 111, 46, 20, 99, 80, 103, 122, 114, 88, 32, 106, 83, 23, 21, 117, 98, 90, 96, 120, 78, 104, 58, 12, 22, 62, 26, 14, 108, 89, 55, 93, 91, 127, 86, 85, 113, 94, 35, 102, 97, 16, 126, 109, 81, 105, 41, 100, 67, 115, 27, 110, 95, 13, 44]
Run 6:
Best OCplx: 2.3695184304556953
Best Sequence: [29, 43, 36, 54, 129, 4, 128, 60, 41, 9, 77, 71, 38, 44, 58, 124, 5, 14, 55, 32, 119, 73, 76, 42, 2, 28, 125, 15, 12, 52, 33, 24, 48, 25, 61, 39, 7, 68, 18, 66, 11, 31, 19, 53, 69, 17, 50, 64, 34, 84, 40, 47, 65, 74, 13, 78, 45, 27, 30, 112, 91, 79, 56, 115, 87, 116, 72, 46, 16, 98, 70, 37, 126, 118, 82, 49, 102, 83, 21, 105, 123, 80, 59, 94, 99, 101, 26, 3, 108, 117, 10, 96, 8, 104, 89, 6, 88, 22, 127, 23, 95, 75, 100, 63, 35, 57, 121, 113, 97, 20, 62, 67, 109, 107, 81, 1, 86, 110, 90, 51, 122, 111, 92, 103, 93, 120, 114, 85, 106]
Run 7:
Best OCplx: 2.2179958893929697
Best Sequence: [99, 66, 7, 67, 120, 64, 55, 3, 128, 32, 40, 71, 48, 44, 24, 76, 29, 6, 124, 72, 10, 63, 1, 15, 74, 43, 73, 33, 69, 12, 59, 56, 45, 38, 70, 5, 54, 8, 37, 129, 17, 78, 36, 42, 50, 30, 57, 79, 47, 2, 52, 77, 49, 123, 9, 68, 51, 19, 13, 83, 21, 34, 118, 23, 14, 25, 122, 11, 92, 31, 126, 65, 58, 60, 39, 86, 28, 119, 46, 18, 22, 102, 75, 84, 26, 116, 121, 27, 106, 41, 90, 82, 125, 95, 81, 107, 97, 105, 111, 100, 87, 94, 101, 62, 108, 53, 88, 16, 127, 113, 91, 20, 61, 103, 93, 96, 80, 35, 4, 112, 89, 110, 115, 85, 117, 109, 98, 104, 114]
Run 8:
Best OCplx: 2.2970838067612136
Best Sequence: [28, 37, 122, 60, 57, 68, 62, 47, 8, 33, 44, 1, 65, 36, 24, 31, 84, 71, 34, 5, 75, 69, 72, 128, 74, 30, 4, 12, 51, 2, 49, 10, 63, 76, 39, 64, 19, 50, 22, 80, 6, 124, 16, 121, 7, 101, 55, 129, 87, 18, 67, 97, 119, 21, 118, 127, 59, 54, 94, 45, 14, 99, 77, 17, 32, 40, 70, 82, 25, 120, 115, 90, 98, 9, 13, 126, 100, 53, 123, 104, 106, 103, 92, 114, 23, 85, 15, 113, 89, 48, 35, 29, 110, 78, 81, 20, 86, 83, 46, 73, 52, 88, 56, 112, 26, 42, 102, 43, 105, 116, 27, 66, 93, 95, 58, 79, 41, 61, 107, 91, 111, 117, 3, 108, 38, 11, 96, 109, 125]
Run 9:
Best OCplx: 1.8570913694131552
Best Sequence: [128, 3, 63, 77, 45, 32, 39, 64, 30, 61, 43, 34, 7, 58, 13, 73, 18, 31, 59, 40, 14, 74, 10, 2, 125, 11, 21, 9, 71, 50, 46, 4, 56, 29, 33, 76, 55, 62, 122, 70, 67, 54, 129, 93, 118, 123, 100, 79, 47, 41, 124, 49, 44, 27, 66, 115, 96, 38, 120, 87, 1, 65, 126, 94, 101, 102, 109, 8, 24, 84, 51, 25, 28, 75, 82, 35, 95, 85, 72, 88, 92, 78, 68, 6, 60, 12, 121, 89, 117, 5, 111, 53, 116, 91, 81, 16, 15, 36, 86, 37, 23, 48, 57, 105, 97, 103, 127, 113, 110, 90, 114, 19, 108, 17, 26, 98, 83, 112, 106, 104, 99, 107, 20, 69, 52, 42, 119, 80, 22]
Run 10:
Best OCplx: 1.9069464331901034
Best Sequence: [19, 24, 17, 46, 58, 78, 11, 3, 75, 50, 43, 4, 32, 9, 67, 49, 6, 25, 74, 40, 52, 34, 29, 55, 42, 51, 122, 59, 18, 128, 56, 66, 28, 77, 12, 36, 5, 38, 125, 33, 109, 129, 119, 30, 13, 118, 82, 124, 83, 44, 101, 116, 53, 47, 63, 107, 15, 41, 16, 89, 73, 85, 110, 2, 115, 23, 68, 98, 26, 93, 48, 94, 104, 113, 127, 7, 57, 91, 105, 114, 121, 54, 111, 106, 120, 92, 61, 84, 96, 31, 100, 102, 37, 62, 20, 35, 60, 123, 14, 21, 72, 87, 1, 126, 95, 10, 81, 99, 64, 65, 69, 79, 22, 86, 39, 88, 80, 103, 112, 117, 8, 27, 76, 70, 45, 71, 108, 97, 90]
Run 11:
Best OCplx: 2.5390705419230146
Best Sequence: [129, 125, 10, 64, 47, 76, 60, 24, 29, 30, 68, 56, 72, 5, 12, 6, 69, 67, 70, 71, 25, 52, 18, 73, 49, 4, 19, 33, 124, 3, 44, 31, 2, 38, 42, 9, 62, 55, 41, 14, 40, 34, 21, 1, 17, 61, 123, 74, 37, 32, 54, 122, 101, 78, 112, 46, 79, 121, 27, 65, 88, 45, 23, 120, 118, 95, 50, 81, 84, 16, 57, 36, 105, 128, 82, 8, 94, 13, 106, 26, 99, 102, 108, 97, 89, 115, 90, 114, 53, 117, 100, 113, 22, 7, 87, 110, 35, 39, 107, 126, 75, 20, 59, 111, 93, 11, 98, 85, 86, 109, 77, 83, 66, 15, 92, 96, 43, 63, 80, 119, 51, 127, 58, 28, 48, 104, 116, 91, 103]
Run 12:
Best OCplx: 2.6626126548592817
Best Sequence: [95, 22, 64, 62, 123, 19, 11, 17, 55, 54, 53, 128, 66, 6, 50, 71, 78, 39, 58, 34, 2, 63, 38, 124, 44, 9, 56, 75, 1, 69, 60, 3, 61, 76, 67, 84, 43, 51, 77, 15, 48, 122, 25, 8, 45, 125, 13, 52, 119, 57, 41, 31, 40, 72, 14, 12, 73, 74, 86, 28, 24, 36, 116, 81, 103, 129, 118, 120, 105, 126, 98, 46, 109, 82, 91, 101, 102, 27, 68, 92, 96, 111, 108, 127, 21, 32, 100, 37, 121, 4, 106, 59, 16, 110, 85, 5, 112, 10, 90, 42, 97, 87, 30, 104, 113, 18, 29, 47, 114, 20, 115, 88, 33, 94, 107, 23, 49, 117, 79, 70, 80, 83, 93, 26, 99, 89, 65, 7, 35]
Run 13:
Best OCplx: 1.5687165559582115
Best Sequence: [31, 57, 42, 12, 45, 1, 54, 40, 47, 55, 74, 77, 15, 3, 6, 41, 14, 63, 48, 29, 128, 5, 28, 61, 16, 76, 49, 33, 124, 71, 70, 43, 73, 46, 123, 67, 32, 87, 39, 19, 129, 118, 119, 26, 53, 58, 114, 69, 36, 95, 100, 106, 85, 121, 82, 18, 90, 11, 104, 20, 8, 113, 4, 93, 10, 23, 96, 80, 122, 120, 2, 7, 110, 116, 21, 89, 97, 79, 66, 88, 27, 94, 56, 99, 51, 105, 38, 92, 98, 62, 50, 84, 81, 37, 126, 68, 125, 78, 9, 109, 22, 13, 103, 25, 112, 117, 101, 17, 24, 115, 34, 52, 91, 65, 35, 30, 107, 111, 44, 83, 75, 108, 60, 72, 127, 59, 64, 86, 102]
Run 14:
Best OCplx: 1.646382367662984
Best Sequence: [54, 91, 51, 50, 87, 19, 59, 53, 128, 14, 36, 40, 39, 32, 52, 61, 45, 63, 46, 25, 60, 66, 42, 72, 77, 122, 55, 15, 123, 62, 33, 11, 28, 41, 71, 5, 75, 34, 67, 124, 6, 13, 58, 57, 70, 119, 1, 74, 12, 125, 44, 4, 17, 129, 24, 79, 68, 21, 47, 30, 65, 69, 8, 49, 64, 18, 2, 56, 29, 76, 3, 27, 78, 16, 43, 31, 7, 118, 126, 9, 102, 23, 101, 104, 10, 117, 86, 98, 84, 73, 93, 97, 89, 38, 82, 121, 103, 90, 113, 120, 106, 94, 37, 108, 114, 99, 26, 105, 81, 48, 111, 109, 80, 88, 107, 22, 95, 35, 115, 110, 100, 20, 127, 92, 83, 116, 85, 96, 112]
Run 15:
Best OCplx: 2.2791052242615155
Best Sequence: [53, 46, 74, 56, 65, 92, 72, 121, 63, 61, 8, 14, 31, 84, 6, 64, 48, 41, 38, 52, 9, 59, 62, 37, 119, 71, 49, 67, 51, 76, 7, 73, 12, 78, 4, 128, 13, 55, 60, 68, 58, 57, 17, 50, 66, 1, 3, 30, 40, 122, 5, 45, 21, 42, 29, 34, 47, 10, 125, 70, 33, 18, 129, 54, 44, 32, 28, 36, 102, 16, 77, 87, 75, 2, 113, 120, 126, 124, 118, 39, 107, 15, 27, 106, 86, 123, 127, 82, 79, 85, 114, 20, 99, 93, 25, 116, 100, 103, 95, 98, 69, 101, 11, 89, 22, 26, 83, 104, 81, 90, 91, 97, 23, 105, 115, 80, 110, 35, 88, 117, 43, 108, 19, 109, 96, 94, 24, 112, 111]
Run 16:
Best OCplx: 2.7712354834553214
Best Sequence: [65, 59, 60, 123, 34, 16, 61, 56, 75, 50, 52, 39, 73, 40, 11, 77, 45, 44, 28, 119, 38, 68, 47, 55, 36, 25, 74, 64, 32, 125, 33, 58, 70, 49, 37, 43, 18, 46, 121, 10, 22, 57, 4, 54, 113, 129, 98, 88, 23, 19, 103, 62, 79, 126, 24, 118, 1, 81, 66, 90, 29, 128, 20, 84, 76, 14, 82, 100, 72, 104, 109, 85, 107, 115, 101, 99, 89, 51, 92, 83, 71, 124, 106, 53, 30, 94, 26, 93, 9, 3, 7, 41, 63, 91, 96, 122, 97, 67, 15, 80, 8, 6, 78, 112, 42, 111, 2, 21, 105, 27, 117, 114, 102, 116, 13, 87, 5, 17, 95, 120, 86, 35, 69, 12, 127, 31, 108, 110, 48]
Run 17:
Best OCplx: 2.2106960475458663
Best Sequence: [25, 52, 79, 114, 14, 67, 63, 76, 15, 54, 40, 124, 84, 48, 58, 11, 125, 71, 74, 1, 75, 70, 49, 38, 21, 62, 44, 6, 56, 5, 77, 18, 36, 53, 43, 32, 3, 47, 66, 12, 55, 126, 7, 50, 123, 45, 42, 4, 51, 31, 29, 119, 34, 39, 19, 65, 8, 16, 122, 57, 61, 69, 27, 60, 73, 59, 9, 72, 95, 86, 23, 33, 105, 46, 64, 129, 20, 87, 22, 118, 82, 68, 120, 115, 2, 83, 28, 17, 103, 85, 30, 26, 128, 97, 98, 121, 117, 13, 88, 92, 110, 24, 113, 127, 94, 104, 80, 106, 41, 93, 37, 107, 91, 108, 10, 101, 78, 81, 111, 96, 99, 102, 112, 89, 100, 35, 90, 116, 109]
Run 18:
Best OCplx: 2.3042085628253104
Best Sequence: [86, 12, 53, 68, 57, 65, 67, 50, 24, 5, 128, 61, 8, 41, 28, 2, 39, 13, 45, 76, 48, 25, 7, 122, 70, 15, 119, 1, 40, 54, 17, 84, 55, 30, 14, 37, 71, 34, 33, 18, 73, 69, 9, 16, 66, 19, 43, 42, 75, 124, 27, 3, 58, 6, 32, 107, 121, 26, 46, 113, 129, 88, 10, 110, 118, 29, 20, 108, 11, 126, 117, 91, 87, 90, 36, 59, 82, 104, 23, 109, 49, 79, 89, 62, 64, 44, 115, 38, 60, 77, 92, 116, 105, 83, 120, 72, 63, 103, 52, 95, 99, 114, 47, 56, 101, 111, 31, 96, 4, 81, 123, 74, 85, 112, 78, 106, 80, 100, 125, 22, 98, 51, 93, 102, 97, 127, 94, 21, 35]
Run 19:
Best OCplx: 1.8286550455638533
Best Sequence: [74, 87, 122, 50, 51, 125, 10, 68, 76, 77, 4, 54, 34, 14, 24, 17, 41, 56, 75, 43, 38, 128, 78, 3, 53, 60, 57, 59, 21, 15, 30, 39, 40, 1, 18, 63, 5, 29, 7, 19, 55, 119, 73, 79, 66, 9, 44, 129, 118, 71, 16, 22, 28, 96, 8, 104, 58, 20, 72, 6, 116, 82, 111, 88, 36, 67, 70, 26, 69, 117, 106, 85, 62, 91, 27, 46, 101, 65, 84, 114, 35, 120, 13, 93, 25, 86, 11, 37, 97, 123, 108, 110, 103, 23, 49, 12, 89, 92, 90, 48, 83, 52, 2, 115, 100, 127, 112, 33, 32, 113, 126, 102, 81, 109, 94, 124, 31, 107, 64, 61, 42, 95, 105, 80, 99, 121, 45, 98, 47]
Run 20:
Best OCplx: 1.4865718255931144
Best Sequence: [129, 128, 41, 4, 18, 13, 56, 118, 8, 33, 40, 34, 50, 84, 77, 19, 2, 39, 65, 9, 48, 6, 62, 49, 11, 16, 15, 71, 45, 68, 28, 46, 55, 72, 58, 44, 124, 57, 119, 24, 74, 32, 79, 5, 53, 123, 122, 37, 75, 64, 30, 7, 69, 78, 43, 17, 29, 3, 63, 59, 60, 66, 14, 42, 47, 31, 125, 54, 26, 23, 52, 97, 36, 117, 101, 67, 1, 89, 127, 95, 82, 51, 10, 110, 99, 12, 21, 25, 100, 87, 61, 70, 86, 109, 111, 20, 96, 83, 121, 120, 98, 90, 73, 27, 35, 38, 85, 92, 93, 116, 81, 104, 105, 102, 115, 108, 91, 22, 113, 114, 112, 76, 80, 126, 107, 94, 106, 103, 88]
Run 21:
Best OCplx: 1.8577703415108204
Best Sequence: [29, 67, 9, 51, 12, 62, 30, 45, 54, 49, 40, 43, 36, 18, 72, 61, 73, 68, 14, 58, 17, 33, 123, 55, 8, 48, 74, 53, 119, 50, 59, 11, 34, 77, 13, 65, 7, 78, 38, 124, 70, 128, 21, 66, 87, 117, 129, 115, 118, 69, 114, 112, 26, 28, 64, 79, 82, 126, 32, 47, 44, 101, 2, 81, 104, 42, 102, 116, 96, 3, 93, 19, 75, 1, 97, 24, 106, 15, 110, 90, 122, 85, 125, 108, 83, 80, 88, 91, 46, 41, 86, 127, 121, 92, 52, 57, 89, 113, 111, 39, 60, 63, 56, 105, 25, 16, 5, 120, 4, 98, 27, 6, 84, 100, 99, 37, 103, 23, 95, 76, 22, 94, 107, 20, 35, 109, 71, 10, 31]
Run 22:
Best OCplx: 2.2237391395019865
Best Sequence: [32, 37, 73, 15, 30, 84, 11, 76, 6, 128, 60, 66, 49, 41, 4, 17, 31, 46, 50, 63, 38, 16, 47, 64, 61, 43, 75, 18, 19, 36, 7, 74, 10, 1, 72, 48, 119, 44, 14, 21, 45, 8, 12, 87, 62, 129, 23, 92, 121, 120, 59, 118, 90, 103, 70, 25, 71, 34, 54, 115, 57, 80, 102, 104, 69, 107, 27, 110, 82, 124, 98, 109, 83, 52, 40, 89, 117, 127, 28, 105, 99, 42, 79, 86, 2, 68, 88, 91, 3, 55, 116, 94, 108, 100, 5, 65, 96, 95, 106, 101, 111, 29, 53, 78, 58, 67, 97, 125, 20, 123, 33, 13, 93, 9, 112, 51, 56, 113, 35, 39, 81, 114, 122, 77, 26, 24, 126, 85, 22]
Run 23:
Best OCplx: 2.2850975687391877
Best Sequence: [15, 36, 19, 14, 12, 76, 24, 38, 125, 49, 40, 123, 17, 29, 5, 69, 3, 37, 10, 44, 11, 61, 47, 84, 62, 7, 54, 63, 55, 72, 71, 75, 48, 41, 45, 39, 78, 13, 64, 77, 20, 74, 86, 120, 28, 93, 51, 129, 58, 101, 42, 50, 114, 79, 43, 2, 46, 87, 31, 95, 118, 82, 59, 83, 16, 122, 119, 88, 1, 53, 30, 9, 111, 104, 108, 127, 56, 26, 80, 85, 34, 121, 90, 124, 109, 68, 21, 110, 66, 94, 96, 89, 73, 65, 18, 4, 112, 97, 25, 103, 23, 52, 105, 8, 107, 22, 99, 128, 91, 67, 115, 100, 113, 70, 32, 116, 92, 98, 6, 106, 33, 102, 27, 81, 60, 126, 57, 117, 35]
Run 24:
Best OCplx: 1.7729927034835482
Best Sequence: [116, 77, 13, 33, 19, 12, 6, 74, 78, 32, 31, 49, 37, 67, 128, 56, 29, 4, 24, 72, 11, 69, 18, 53, 52, 63, 48, 122, 71, 1, 44, 50, 25, 54, 41, 38, 66, 21, 3, 124, 61, 39, 65, 129, 98, 5, 45, 118, 76, 110, 108, 94, 58, 15, 87, 95, 28, 57, 55, 62, 73, 126, 91, 20, 10, 86, 7, 120, 101, 84, 119, 8, 106, 127, 92, 47, 79, 85, 82, 123, 30, 16, 100, 51, 81, 40, 59, 64, 93, 125, 2, 90, 83, 14, 103, 99, 23, 107, 80, 96, 104, 89, 34, 114, 109, 26, 102, 111, 112, 113, 43, 46, 75, 35, 117, 17, 42, 97, 9, 22, 27, 115, 105, 70, 60, 68, 88, 121, 36]
Run 25:
Best OCplx: 1.8701813890547208
Best Sequence: [83, 70, 19, 2, 3, 78, 41, 7, 45, 125, 14, 123, 59, 16, 13, 72, 48, 61, 6, 68, 5, 18, 54, 9, 46, 15, 69, 30, 31, 25, 122, 38, 12, 37, 57, 71, 50, 51, 56, 75, 32, 4, 67, 65, 28, 84, 63, 76, 64, 34, 73, 129, 119, 118, 36, 33, 97, 88, 113, 112, 62, 82, 8, 77, 27, 79, 121, 24, 127, 87, 55, 124, 105, 1, 89, 11, 40, 117, 110, 39, 109, 44, 106, 80, 93, 81, 60, 21, 107, 17, 52, 101, 35, 42, 128, 102, 53, 29, 91, 126, 58, 114, 115, 96, 100, 86, 10, 43, 103, 92, 90, 23, 120, 74, 98, 116, 66, 85, 95, 104, 108, 20, 111, 47, 94, 99, 22, 26, 49]
Run 26:
Best OCplx: 1.342995336545783
Best Sequence: [37, 126, 84, 67, 19, 128, 51, 28, 30, 123, 77, 36, 72, 53, 59, 54, 47, 16, 1, 33, 119, 49, 56, 24, 74, 60, 44, 8, 25, 3, 45, 38, 13, 48, 61, 43, 15, 75, 12, 76, 65, 66, 73, 9, 10, 71, 6, 42, 125, 129, 118, 63, 70, 87, 23, 58, 110, 86, 89, 69, 41, 98, 82, 50, 14, 95, 104, 127, 111, 102, 29, 124, 5, 112, 78, 80, 32, 116, 17, 103, 22, 81, 18, 101, 52, 2, 40, 94, 31, 46, 26, 57, 11, 100, 90, 79, 62, 21, 97, 27, 108, 83, 122, 96, 68, 114, 92, 20, 55, 115, 105, 39, 113, 34, 121, 117, 88, 120, 64, 85, 99, 109, 93, 35, 106, 4, 7, 107, 91]
Run 27:
Best OCplx: 1.7557709873973824
Best Sequence: [15, 41, 47, 5, 39, 31, 21, 1, 124, 73, 53, 37, 65, 76, 30, 42, 40, 36, 12, 49, 84, 44, 74, 25, 43, 28, 45, 71, 50, 60, 33, 128, 56, 24, 68, 125, 64, 59, 10, 8, 17, 66, 75, 32, 46, 13, 122, 34, 38, 18, 4, 16, 123, 51, 63, 9, 61, 29, 119, 48, 78, 102, 52, 129, 118, 92, 113, 82, 115, 70, 83, 110, 62, 23, 111, 89, 126, 58, 6, 22, 95, 79, 77, 98, 26, 109, 99, 117, 112, 57, 96, 94, 27, 114, 87, 101, 106, 11, 86, 104, 80, 91, 85, 35, 97, 54, 90, 2, 127, 19, 107, 108, 100, 72, 14, 120, 93, 55, 67, 105, 81, 7, 20, 69, 121, 103, 116, 88, 3]
Run 28:
Best OCplx: 2.3442976675213734
Best Sequence: [44, 54, 91, 5, 67, 28, 121, 120, 9, 84, 66, 87, 58, 33, 30, 3, 39, 122, 61, 93, 29, 32, 119, 70, 34, 116, 129, 45, 123, 49, 52, 7, 76, 16, 118, 112, 83, 110, 102, 6, 40, 78, 104, 80, 81, 82, 59, 23, 101, 125, 109, 48, 42, 105, 50, 113, 88, 99, 71, 12, 10, 26, 95, 126, 75, 111, 51, 100, 97, 31, 20, 69, 38, 63, 11, 94, 74, 8, 89, 73, 41, 64, 25, 72, 27, 19, 115, 90, 47, 98, 108, 17, 77, 92, 65, 107, 128, 1, 96, 55, 18, 103, 56, 35, 57, 117, 43, 127, 68, 15, 60, 24, 14, 21, 46, 4, 114, 36, 106, 124, 85, 86, 79, 13, 22, 37, 62, 53, 2]
Run 29:
Best OCplx: 1.9858465460930754
Best Sequence: [39, 64, 92, 17, 25, 9, 62, 84, 70, 128, 3, 7, 33, 66, 32, 61, 42, 40, 36, 53, 68, 11, 54, 10, 41, 31, 46, 48, 77, 75, 74, 13, 5, 43, 122, 123, 30, 14, 49, 44, 72, 50, 28, 71, 56, 73, 59, 63, 15, 24, 45, 55, 119, 67, 57, 4, 126, 87, 51, 60, 90, 21, 29, 47, 86, 12, 129, 118, 6, 1, 116, 16, 2, 114, 83, 26, 38, 117, 82, 19, 89, 115, 85, 106, 100, 127, 27, 35, 103, 98, 69, 105, 79, 91, 94, 121, 34, 93, 124, 112, 88, 80, 58, 111, 101, 110, 125, 104, 37, 52, 97, 113, 108, 109, 78, 65, 107, 8, 96, 95, 102, 23, 20, 99, 76, 22, 81, 120, 18]
Run 30:
Best OCplx: 1.8295220331861233
Best Sequence: [83, 6, 49, 5, 64, 28, 15, 54, 67, 128, 13, 122, 12, 42, 61, 8, 7, 57, 9, 45, 75, 32, 41, 39, 10, 68, 65, 59, 58, 2, 76, 16, 53, 63, 14, 62, 84, 66, 71, 17, 74, 36, 77, 11, 72, 55, 78, 60, 126, 50, 3, 24, 125, 37, 19, 129, 34, 120, 46, 87, 118, 52, 4, 91, 93, 31, 97, 51, 92, 103, 104, 119, 108, 73, 102, 22, 86, 82, 27, 109, 29, 112, 38, 70, 56, 99, 88, 23, 79, 95, 94, 69, 20, 114, 18, 47, 30, 123, 117, 100, 96, 113, 33, 1, 107, 25, 48, 101, 26, 44, 80, 85, 21, 111, 124, 115, 106, 105, 116, 43, 35, 110, 89, 40, 81, 121, 127, 90, 98]
