Run 1:
Best OCplx: 2.8490172323636265
Best Sequence: [8, 15, 16, 2, 3, 22, 1, 6, 14, 9, 4, 23, 12, 11, 25, 10, 5, 7, 17, 20, 19, 21, 24, 13, 18]
Run 2:
Best OCplx: 2.9032612985028585
Best Sequence: [4, 9, 16, 5, 1, 23, 15, 3, 6, 12, 8, 14, 11, 17, 21, 2, 7, 25, 19, 22, 10, 24, 20, 18, 13]
Run 3:
Best OCplx: 2.6023753433827723
Best Sequence: [9, 6, 5, 8, 14, 11, 23, 4, 12, 15, 3, 16, 10, 19, 1, 22, 17, 7, 20, 24, 13, 21, 18, 2, 25]
Run 4:
Best OCplx: 2.4573038087896837
Best Sequence: [15, 3, 17, 5, 8, 4, 16, 20, 12, 9, 21, 2, 22, 10, 23, 14, 25, 19, 1, 11, 6, 7, 24, 13, 18]
Run 5:
Best OCplx: 2.941432948824955
Best Sequence: [8, 16, 2, 3, 20, 9, 4, 7, 17, 12, 1, 15, 10, 6, 25, 23, 13, 5, 19, 14, 24, 11, 21, 22, 18]
Run 6:
Best OCplx: 2.7854338601789603
Best Sequence: [3, 23, 5, 15, 4, 14, 8, 12, 9, 6, 11, 16, 1, 19, 10, 21, 2, 17, 24, 20, 25, 18, 13, 7, 22]
Run 7:
Best OCplx: 2.8963469067646552
Best Sequence: [16, 3, 15, 1, 17, 2, 22, 10, 9, 19, 23, 24, 21, 20, 12, 11, 13, 6, 4, 14, 25, 7, 5, 18, 8]
Run 8:
Best OCplx: 2.9951730027441963
Best Sequence: [3, 15, 2, 8, 16, 7, 25, 14, 22, 4, 5, 9, 13, 6, 1, 17, 12, 19, 23, 10, 20, 11, 21, 24, 18]
Run 9:
Best OCplx: 2.9108649090639687
Best Sequence: [9, 14, 23, 4, 5, 15, 11, 8, 16, 12, 1, 3, 22, 10, 20, 7, 17, 19, 2, 25, 6, 24, 21, 13, 18]
Run 10:
Best OCplx: 2.8068557478354803
Best Sequence: [16, 1, 21, 17, 20, 2, 9, 12, 3, 11, 14, 4, 13, 5, 22, 15, 6, 19, 10, 8, 25, 7, 23, 24, 18]
Run 11:
Best OCplx: 3.2126914549795487
Best Sequence: [16, 12, 2, 19, 9, 15, 14, 1, 6, 22, 23, 3, 11, 8, 25, 4, 10, 5, 24, 17, 7, 21, 13, 20, 18]
Run 12:
Best OCplx: 2.7659695721284794
Best Sequence: [16, 14, 9, 12, 1, 3, 15, 19, 20, 17, 22, 2, 5, 23, 24, 7, 11, 6, 10, 8, 4, 25, 21, 18, 13]
Run 13:
Best OCplx: 2.598796792620253
Best Sequence: [15, 3, 4, 5, 8, 12, 11, 6, 23, 14, 9, 16, 19, 21, 7, 22, 20, 2, 10, 24, 18, 25, 1, 13, 17]
Run 14:
Best OCplx: 2.976827291268522
Best Sequence: [3, 9, 23, 15, 14, 2, 4, 16, 22, 24, 1, 8, 20, 6, 25, 5, 17, 11, 19, 7, 12, 21, 10, 13, 18]
Run 15:
Best OCplx: 2.9405195549537653
Best Sequence: [3, 16, 1, 21, 11, 2, 7, 15, 6, 17, 23, 14, 5, 10, 22, 12, 9, 8, 4, 25, 24, 19, 13, 20, 18]
Run 16:
Best OCplx: 2.8425390967969544
Best Sequence: [15, 4, 23, 16, 9, 20, 5, 22, 3, 10, 2, 25, 11, 12, 6, 8, 17, 14, 7, 1, 19, 24, 21, 13, 18]
Run 17:
Best OCplx: 3.061648985422552
Best Sequence: [4, 16, 15, 1, 10, 12, 2, 24, 9, 20, 23, 17, 7, 5, 14, 3, 8, 22, 6, 13, 21, 25, 11, 19, 18]
Run 18:
Best OCplx: 2.935228070968464
Best Sequence: [12, 16, 3, 7, 4, 22, 23, 19, 9, 24, 11, 15, 20, 5, 2, 21, 8, 6, 25, 14, 13, 10, 1, 18, 17]
Run 19:
Best OCplx: 2.4809010506541522
Best Sequence: [9, 15, 12, 16, 2, 10, 14, 17, 5, 3, 1, 4, 23, 22, 8, 6, 19, 21, 20, 7, 25, 11, 24, 13, 18]
Run 20:
Best OCplx: 2.566439874722627
Best Sequence: [15, 4, 6, 12, 5, 23, 3, 9, 14, 11, 8, 16, 17, 22, 1, 10, 7, 19, 20, 24, 2, 21, 18, 13, 25]
Run 21:
Best OCplx: 2.809256070922047
Best Sequence: [4, 5, 16, 3, 20, 13, 1, 23, 2, 6, 10, 7, 11, 12, 25, 15, 14, 9, 17, 22, 21, 24, 19, 8, 18]
Run 22:
Best OCplx: 2.514244043374834
Best Sequence: [16, 19, 3, 8, 2, 15, 20, 5, 10, 17, 12, 4, 21, 23, 1, 24, 25, 9, 11, 7, 14, 6, 22, 13, 18]
Run 23:
Best OCplx: 2.735336026675931
Best Sequence: [16, 2, 4, 3, 1, 12, 9, 8, 15, 23, 5, 14, 6, 11, 10, 19, 21, 22, 25, 24, 17, 20, 7, 13, 18]
Run 24:
Best OCplx: 2.749933960417244
Best Sequence: [12, 4, 14, 23, 9, 6, 15, 8, 5, 3, 11, 16, 10, 22, 20, 19, 21, 2, 18, 25, 24, 7, 17, 1, 13]
Run 25:
Best OCplx: 2.8075433156439775
Best Sequence: [15, 5, 19, 4, 12, 16, 23, 1, 11, 2, 8, 9, 3, 17, 7, 14, 20, 22, 10, 21, 6, 25, 24, 13, 18]
Run 26:
Best OCplx: 2.882908904186201
Best Sequence: [15, 4, 12, 3, 9, 8, 6, 5, 23, 14, 11, 16, 1, 17, 19, 10, 20, 18, 21, 7, 13, 22, 24, 2, 25]
Run 27:
Best OCplx: 2.7422109359566673
Best Sequence: [3, 5, 23, 6, 8, 9, 12, 14, 4, 15, 11, 16, 7, 10, 20, 1, 22, 19, 21, 13, 24, 2, 17, 25, 18]
Run 28:
Best OCplx: 2.800419220347571
Best Sequence: [16, 9, 2, 8, 1, 5, 3, 15, 4, 11, 14, 6, 12, 19, 23, 22, 10, 7, 20, 17, 25, 24, 21, 13, 18]
Run 29:
Best OCplx: 2.482123329609693
Best Sequence: [15, 16, 3, 19, 1, 2, 10, 20, 5, 23, 22, 7, 8, 4, 12, 9, 17, 6, 11, 14, 25, 24, 21, 13, 18]
Run 30:
Best OCplx: 2.7618570438598153
Best Sequence: [3, 8, 15, 9, 6, 5, 23, 4, 14, 12, 11, 16, 1, 17, 20, 7, 10, 21, 22, 19, 2, 25, 24, 18, 13]
Learning Rate: 1e-05
Epsilon: 0.1
Gamma: 0.99
Reward Version: v2.1
if_EWM: True
