
Learning Rate: 0.0004
Epsilon: 0.99
Gamma: 0.93
Memory Capacity: 20000
Batch Size: 64
if_EWM: False
Run13:
Best OCplx: 1.6270247354422893
Best Sequence: [24, 59, 1, 17, 10, 13, 16, 64, 15, 6, 4, 9, 12, 2, 14, 5, 3, 19, 62, 11, 8, 7, 65, 25, 63, 27, 58, 26, 22, 21, 18, 35, 61, 60, 39, 31, 34, 30, 51, 23, 55, 33, 41, 29, 56, 48, 52, 42, 38, 49, 46, 40, 47, 50, 54, 32, 28, 44, 57, 53, 45, 37, 36, 20, 43]
Run 2:
Best OCplx: 1.853967790214999
Best Sequence: [40, 13, 15, 24, 59, 14, 17, 64, 4, 1, 2, 10, 3, 12, 6, 9, 16, 19, 8, 5, 62, 7, 44, 65, 26, 11, 18, 63, 27, 58, 25, 22, 21, 38, 46, 50, 57, 37, 23, 36, 53, 48, 31, 60, 43, 52, 45, 41, 20, 61, 32, 55, 56, 34, 29, 51, 42, 39, 54, 33, 47, 30, 28, 49, 35]
Run 3:
Best OCplx: 1.6934670146590987
Best Sequence: [24, 15, 10, 6, 62, 2, 3, 4, 17, 9, 14, 13, 65, 64, 16, 41, 58, 1, 7, 59, 19, 12, 8, 11, 63, 27, 5, 47, 33, 26, 22, 53, 50, 21, 60, 23, 38, 28, 36, 30, 37, 29, 52, 61, 34, 44, 45, 40, 54, 35, 18, 43, 51, 48, 31, 55, 46, 56, 42, 32, 49, 25, 57, 39, 20]
Run 4:
Best OCplx: 2.0453243692107996
Best Sequence: [16, 2, 17, 6, 59, 15, 20, 10, 9, 4, 24, 62, 14, 3, 1, 64, 11, 65, 13, 58, 5, 12, 19, 60, 8, 63, 27, 25, 21, 26, 46, 45, 36, 50, 44, 48, 42, 7, 52, 56, 33, 18, 31, 51, 61, 39, 34, 29, 22, 38, 40, 53, 32, 55, 49, 30, 41, 28, 54, 23, 57, 35, 37, 47, 43]
Run 5:
Best OCplx: 1.3527948669902536
Best Sequence: [59, 24, 1, 15, 10, 2, 3, 13, 64, 14, 9, 17, 12, 16, 4, 6, 5, 11, 65, 8, 19, 7, 18, 62, 63, 27, 25, 58, 26, 22, 23, 21, 60, 61, 39, 53, 45, 31, 30, 48, 44, 28, 40, 55, 49, 29, 41, 47, 35, 52, 34, 56, 36, 32, 43, 33, 57, 54, 50, 38, 37, 46, 42, 51, 20]
Run 6:
Best OCplx: 1.7445702457557735
Best Sequence: [59, 9, 17, 4, 3, 52, 24, 2, 10, 14, 64, 1, 16, 13, 15, 65, 21, 12, 6, 19, 62, 58, 11, 63, 22, 8, 27, 47, 25, 26, 39, 30, 44, 61, 31, 7, 18, 41, 36, 46, 57, 55, 40, 28, 20, 29, 49, 42, 51, 37, 50, 56, 23, 35, 38, 43, 60, 53, 33, 48, 32, 45, 34, 5, 54]
Run 7:
Best OCplx: 1.5295715622868904
Best Sequence: [59, 16, 9, 10, 13, 15, 3, 24, 4, 17, 14, 1, 48, 64, 19, 2, 12, 62, 6, 5, 65, 58, 8, 11, 46, 63, 22, 27, 25, 18, 26, 49, 38, 40, 44, 41, 31, 52, 34, 61, 54, 60, 37, 21, 50, 32, 43, 33, 45, 57, 29, 42, 39, 53, 28, 35, 7, 36, 23, 30, 55, 56, 51, 20, 47]
Run 8:
Best OCplx: 1.9977909173969024
Best Sequence: [3, 2, 9, 64, 17, 59, 16, 15, 1, 4, 28, 14, 24, 13, 19, 6, 10, 34, 5, 12, 8, 11, 62, 65, 7, 63, 27, 58, 18, 25, 26, 40, 51, 47, 61, 60, 38, 21, 39, 54, 32, 42, 41, 22, 20, 52, 44, 33, 50, 53, 36, 49, 56, 23, 29, 43, 48, 55, 35, 46, 57, 45, 37, 30, 31]
Run 9:
Best OCplx: 2.1762217820169116
Best Sequence: [1, 13, 2, 59, 17, 64, 15, 9, 29, 58, 16, 11, 8, 12, 44, 19, 3, 6, 10, 24, 4, 65, 14, 5, 62, 25, 18, 27, 63, 26, 37, 7, 32, 46, 52, 33, 60, 38, 22, 23, 34, 61, 30, 35, 40, 42, 41, 51, 50, 57, 43, 20, 54, 48, 45, 36, 49, 56, 31, 53, 21, 47, 28, 55, 39]
Run 10:
Best OCplx: 1.762699896769934
Best Sequence: [24, 10, 17, 59, 64, 9, 4, 1, 13, 14, 15, 3, 2, 16, 19, 12, 65, 6, 11, 5, 62, 8, 26, 25, 27, 63, 7, 58, 29, 34, 22, 35, 43, 53, 50, 55, 60, 48, 33, 47, 49, 56, 51, 20, 45, 42, 30, 31, 38, 21, 54, 28, 32, 36, 40, 39, 61, 46, 41, 44, 52, 57, 37, 23, 18]
Run 11:
Best OCplx: 1.677191094918362
Best Sequence: [59, 24, 16, 15, 10, 13, 4, 1, 17, 3, 9, 64, 2, 14, 31, 6, 19, 65, 25, 12, 5, 62, 8, 11, 7, 63, 27, 18, 58, 22, 26, 60, 61, 38, 39, 33, 45, 23, 47, 53, 36, 28, 40, 30, 55, 35, 49, 37, 43, 44, 48, 42, 54, 51, 50, 57, 21, 56, 34, 29, 52, 41, 46, 32, 20]
Run 12:
Best OCplx: 1.7385671207608704
Best Sequence: [59, 24, 17, 9, 14, 3, 10, 4, 15, 13, 2, 16, 1, 64, 12, 19, 6, 5, 65, 62, 8, 11, 26, 7, 54, 25, 27, 58, 63, 22, 18, 40, 21, 33, 23, 51, 48, 49, 46, 50, 45, 36, 42, 57, 29, 61, 60, 56, 52, 47, 37, 53, 43, 31, 41, 35, 32, 44, 20, 30, 39, 28, 55, 34, 38]
Run 13:
Best OCplx: 1.9017452754303064
Best Sequence: [59, 2, 17, 13, 10, 24, 14, 16, 58, 65, 32, 4, 9, 6, 22, 8, 11, 61, 64, 12, 62, 19, 1, 5, 15, 3, 63, 25, 27, 26, 52, 38, 21, 33, 57, 60, 35, 30, 47, 7, 53, 54, 50, 55, 37, 44, 46, 39, 43, 29, 45, 18, 31, 23, 48, 49, 34, 42, 51, 20, 36, 56, 40, 41, 28]
Run 14:
Best OCplx: 1.9750345863756735
Best Sequence: [14, 15, 59, 17, 13, 4, 20, 16, 6, 9, 5, 10, 2, 24, 1, 12, 11, 64, 19, 61, 3, 65, 62, 58, 8, 63, 27, 25, 7, 18, 26, 21, 31, 28, 30, 51, 45, 35, 52, 29, 43, 53, 36, 50, 60, 42, 54, 23, 22, 40, 41, 49, 37, 32, 56, 38, 39, 44, 34, 55, 48, 33, 46, 57, 47]
Run 15:
Best OCplx: 1.8064369431342633
Best Sequence: [59, 13, 15, 14, 24, 17, 10, 1, 4, 16, 64, 9, 3, 44, 58, 12, 6, 2, 65, 19, 62, 8, 11, 5, 46, 32, 31, 63, 27, 26, 25, 7, 34, 22, 37, 60, 33, 38, 55, 40, 18, 41, 47, 50, 52, 61, 54, 30, 42, 48, 39, 45, 20, 53, 49, 57, 51, 21, 43, 36, 23, 56, 28, 29, 35]
Run 16:
Best OCplx: 2.065809203551595
Best Sequence: [9, 59, 17, 24, 14, 2, 16, 64, 4, 13, 15, 10, 51, 1, 3, 12, 6, 19, 5, 65, 8, 62, 11, 7, 50, 60, 63, 18, 58, 52, 26, 22, 27, 32, 61, 30, 42, 31, 21, 53, 25, 39, 49, 56, 57, 28, 44, 48, 35, 54, 40, 34, 46, 33, 41, 29, 37, 55, 36, 38, 47, 45, 23, 43, 20]
Run 17:
Best OCplx: 2.143756280704998
Best Sequence: [11, 16, 24, 2, 14, 13, 54, 15, 59, 9, 4, 17, 1, 10, 19, 58, 3, 62, 65, 64, 12, 6, 22, 63, 5, 27, 18, 26, 44, 56, 55, 40, 29, 61, 45, 38, 25, 33, 32, 41, 42, 31, 53, 35, 60, 48, 49, 37, 36, 28, 50, 20, 34, 23, 8, 51, 39, 52, 47, 57, 43, 30, 46, 21, 7]
Run 18:
Best OCplx: 1.8637699253926323
Best Sequence: [24, 59, 10, 9, 14, 58, 17, 3, 16, 13, 15, 1, 4, 5, 64, 11, 2, 19, 53, 12, 6, 62, 45, 8, 65, 63, 51, 7, 27, 26, 21, 42, 41, 34, 22, 31, 52, 30, 40, 49, 23, 37, 20, 25, 55, 18, 36, 44, 47, 29, 48, 60, 32, 46, 61, 38, 28, 56, 35, 57, 43, 54, 50, 33, 39]
Run 19:
Best OCplx: 1.998034950798312
Best Sequence: [18, 59, 31, 65, 24, 13, 16, 14, 9, 15, 17, 4, 62, 11, 10, 64, 58, 63, 19, 2, 3, 8, 12, 6, 1, 27, 5, 25, 26, 52, 46, 7, 33, 44, 51, 56, 49, 39, 34, 43, 53, 36, 57, 45, 22, 60, 50, 29, 41, 48, 40, 21, 35, 38, 55, 42, 23, 37, 54, 32, 47, 61, 20, 28, 30]
Run 20:
Best OCplx: 1.7873259490481403
Best Sequence: [59, 24, 17, 64, 13, 3, 16, 34, 14, 58, 9, 48, 15, 19, 2, 10, 1, 4, 5, 62, 12, 31, 65, 8, 6, 11, 27, 63, 57, 23, 22, 26, 21, 60, 51, 38, 30, 47, 40, 56, 45, 61, 37, 49, 25, 52, 39, 7, 46, 53, 18, 33, 41, 36, 43, 44, 55, 54, 42, 32, 29, 50, 20, 35, 28]
Run 21:
Best OCplx: 1.7753815777443138
Best Sequence: [2, 13, 4, 58, 6, 27, 15, 24, 59, 9, 19, 16, 64, 8, 22, 1, 12, 62, 17, 3, 10, 11, 14, 65, 63, 5, 25, 7, 21, 30, 26, 32, 47, 36, 39, 35, 46, 60, 50, 34, 56, 33, 44, 48, 18, 38, 40, 28, 51, 53, 42, 23, 52, 31, 61, 37, 43, 55, 29, 54, 57, 49, 41, 45, 20]
Run 22:
Best OCplx: 1.4772603619514622
Best Sequence: [59, 1, 17, 24, 13, 16, 9, 64, 15, 2, 14, 10, 12, 6, 5, 4, 3, 19, 62, 65, 11, 18, 8, 7, 27, 25, 63, 58, 26, 22, 21, 23, 60, 61, 39, 55, 38, 28, 53, 43, 35, 49, 33, 50, 30, 41, 47, 54, 44, 29, 45, 51, 36, 42, 48, 34, 37, 31, 57, 40, 32, 56, 46, 52, 20]
Run 23:
Best OCplx: 1.7825455957934477
Best Sequence: [40, 24, 59, 15, 9, 4, 17, 14, 16, 10, 3, 13, 12, 2, 6, 64, 5, 1, 11, 19, 18, 65, 62, 8, 7, 26, 63, 27, 25, 58, 22, 21, 23, 61, 60, 39, 35, 32, 47, 55, 34, 43, 29, 42, 38, 36, 30, 48, 44, 45, 51, 54, 31, 53, 52, 50, 28, 46, 20, 37, 57, 33, 49, 56, 41]
Run 24:
Best OCplx: 1.7254592516696505
Best Sequence: [15, 52, 24, 9, 1, 17, 13, 10, 14, 16, 4, 2, 64, 12, 3, 62, 11, 6, 65, 5, 8, 18, 45, 19, 7, 59, 27, 63, 25, 58, 23, 22, 21, 20, 46, 61, 60, 39, 28, 47, 34, 38, 31, 26, 49, 56, 37, 55, 53, 32, 44, 43, 40, 29, 33, 54, 51, 42, 41, 30, 57, 36, 35, 48, 50]
Run 25:
Best OCplx: 1.892680449923226
Best Sequence: [30, 59, 24, 13, 1, 58, 17, 2, 9, 3, 42, 14, 16, 4, 19, 64, 15, 10, 8, 62, 65, 6, 47, 12, 32, 22, 11, 27, 5, 63, 26, 44, 49, 51, 40, 57, 20, 36, 56, 35, 38, 60, 53, 46, 7, 48, 29, 50, 31, 52, 55, 21, 25, 28, 41, 37, 18, 34, 43, 45, 33, 54, 61, 23, 39]
Run 26:
Best OCplx: 1.6681262694112817
Best Sequence: [24, 59, 1, 17, 64, 13, 16, 2, 51, 15, 9, 4, 10, 3, 14, 12, 5, 6, 19, 62, 65, 8, 7, 11, 18, 63, 27, 25, 26, 21, 58, 61, 22, 23, 60, 40, 55, 39, 34, 37, 47, 57, 50, 30, 43, 49, 33, 44, 29, 52, 46, 48, 35, 28, 36, 38, 42, 56, 41, 32, 53, 31, 45, 20, 54]
Run 27:
Best OCplx: 1.8637699253926323
Best Sequence: [24, 59, 15, 9, 64, 58, 2, 14, 17, 6, 40, 16, 10, 4, 62, 13, 3, 1, 5, 19, 65, 53, 8, 12, 11, 45, 63, 27, 26, 7, 18, 25, 50, 35, 21, 57, 55, 22, 23, 33, 60, 29, 41, 30, 48, 42, 46, 39, 32, 36, 31, 34, 51, 38, 56, 47, 52, 61, 20, 54, 28, 43, 37, 44, 49]
Run 28:
Best OCplx: 1.940213901737124
Best Sequence: [16, 15, 9, 59, 17, 10, 24, 13, 3, 4, 64, 2, 1, 14, 19, 12, 58, 6, 5, 65, 8, 62, 11, 63, 27, 26, 7, 25, 61, 32, 41, 48, 51, 42, 40, 43, 29, 21, 49, 30, 50, 22, 36, 60, 18, 47, 53, 45, 55, 38, 28, 54, 34, 23, 39, 46, 37, 31, 56, 44, 35, 52, 20, 57, 33]
Run 29:
Best OCplx: 1.5532162714931348
Best Sequence: [17, 59, 15, 24, 64, 9, 2, 4, 13, 16, 58, 1, 10, 14, 5, 3, 6, 12, 19, 8, 62, 65, 11, 7, 18, 63, 27, 22, 26, 25, 21, 31, 49, 38, 28, 45, 20, 55, 44, 42, 50, 54, 43, 48, 56, 37, 47, 61, 34, 52, 32, 57, 51, 23, 46, 36, 60, 30, 33, 41, 40, 39, 29, 53, 35]
Run 30:
Best OCplx: 1.5978364865761556
Best Sequence: [59, 24, 17, 10, 3, 15, 16, 61, 13, 64, 32, 9, 14, 1, 4, 2, 12, 19, 27, 6, 5, 65, 62, 8, 11, 63, 58, 25, 7, 22, 38, 41, 60, 31, 39, 33, 18, 29, 21, 40, 37, 43, 26, 46, 44, 47, 42, 56, 57, 45, 55, 48, 34, 51, 49, 30, 54, 53, 36, 35, 50, 23, 28, 52, 20]
Mean: 1.8006
Min: 1.3528
Max: 2.1762
Std: 0.1929
