Run 1:
Best OCplx: 3.324735923750914
Best Sequence: [2, 3, 6, 18, 9, 16, 15, 19, 13, 14, 4, 8, 10, 12, 11, 5, 17, 1, 7]
Run 2:
Best OCplx: 3.5885348557550736
Best Sequence: [11, 17, 2, 9, 3, 15, 18, 16, 6, 8, 19, 1, 14, 13, 10, 12, 4, 7, 5]
Run 3:
Best OCplx: 3.3802786344938314
Best Sequence: [17, 2, 11, 3, 19, 9, 18, 16, 13, 12, 5, 14, 1, 10, 8, 15, 6, 4, 7]
Run 4:
Best OCplx: 2.9147968572482514
Best Sequence: [18, 17, 3, 2, 16, 9, 13, 15, 19, 5, 6, 14, 12, 4, 10, 1, 11, 7, 8]
Run 5:
Best OCplx: 3.806803830654289
Best Sequence: [2, 3, 18, 1, 13, 12, 16, 14, 9, 17, 4, 11, 15, 19, 6, 7, 5, 8, 10]
Run 6:
Best OCplx: 3.2385690486336665
Best Sequence: [3, 2, 18, 11, 9, 19, 17, 12, 15, 14, 6, 16, 13, 10, 1, 7, 8, 5, 4]
Run 7:
Best OCplx: 4.1560573473539835
Best Sequence: [17, 11, 18, 2, 9, 3, 12, 15, 7, 10, 13, 16, 5, 14, 6, 1, 19, 4, 8]
Run 8:
Best OCplx: 3.5991990743208677
Best Sequence: [12, 3, 2, 11, 6, 18, 17, 9, 14, 10, 15, 16, 13, 7, 5, 8, 19, 1, 4]
Run 9:
Best OCplx: 3.165334926020541
Best Sequence: [18, 17, 3, 2, 14, 1, 16, 10, 19, 9, 12, 13, 15, 5, 8, 6, 7, 4, 11]
Run 10:
Best OCplx: 3.884971760011916
Best Sequence: [9, 2, 18, 3, 19, 16, 6, 17, 11, 12, 10, 13, 14, 15, 7, 1, 4, 8, 5]
Run 11:
Best OCplx: 3.5414100828834245
Best Sequence: [2, 9, 3, 12, 11, 18, 13, 14, 10, 15, 1, 16, 7, 19, 6, 17, 5, 4, 8]
Run 12:
Best OCplx: 3.9952611662096085
Best Sequence: [2, 3, 19, 9, 11, 12, 18, 15, 13, 6, 5, 1, 17, 14, 10, 7, 16, 8, 4]
Run 13:
Best OCplx: 3.7337115373464034
Best Sequence: [17, 1, 2, 3, 18, 10, 16, 9, 6, 13, 14, 15, 12, 7, 4, 5, 11, 8, 19]
Run 14:
Best OCplx: 3.1193766156585676
Best Sequence: [3, 2, 18, 9, 15, 12, 16, 19, 11, 1, 17, 6, 13, 14, 10, 5, 4, 7, 8]
Run 15:
Best OCplx: 4.021651553484849
Best Sequence: [18, 6, 17, 11, 2, 9, 19, 3, 12, 15, 13, 5, 14, 16, 1, 10, 8, 4, 7]
Run 16:
Best OCplx: 4.511327252000993
Best Sequence: [2, 9, 3, 13, 18, 8, 16, 15, 12, 19, 5, 10, 1, 4, 17, 6, 14, 7, 11]
Run 17:
Best OCplx: 3.963858146169579
Best Sequence: [2, 3, 13, 15, 11, 18, 14, 9, 5, 12, 19, 6, 1, 16, 8, 17, 7, 10, 4]
Run 18:
Best OCplx: 3.7896437105849037
Best Sequence: [3, 1, 10, 2, 19, 16, 9, 15, 13, 18, 12, 14, 5, 6, 17, 11, 8, 4, 7]
Run 19:
Best OCplx: 4.323791685983283
Best Sequence: [18, 2, 11, 3, 17, 10, 12, 9, 19, 7, 14, 16, 15, 1, 13, 5, 6, 4, 8]
Run 20:
Best OCplx: 3.6968184969626106
Best Sequence: [10, 2, 3, 14, 13, 12, 9, 19, 11, 1, 15, 18, 6, 16, 5, 4, 8, 7, 17]
Run 21:
Best OCplx: 3.9387951436064697
Best Sequence: [2, 14, 18, 17, 3, 11, 9, 13, 10, 15, 12, 16, 6, 1, 4, 5, 8, 19, 7]
Run 22:
Best OCplx: 3.552666439902384
Best Sequence: [3, 2, 18, 9, 13, 14, 15, 17, 4, 16, 11, 5, 6, 1, 7, 10, 19, 8, 12]
Run 23:
Best OCplx: 4.068923470204773
Best Sequence: [2, 9, 16, 3, 6, 1, 11, 19, 18, 12, 14, 13, 15, 10, 5, 17, 7, 4, 8]
Run 24:
Best OCplx: 2.9377163081884357
Best Sequence: [18, 3, 17, 11, 10, 15, 2, 13, 9, 1, 16, 19, 6, 12, 4, 14, 8, 5, 7]
Run 25:
Best OCplx: 3.9842034716419508
Best Sequence: [3, 2, 9, 13, 6, 18, 17, 19, 8, 11, 16, 12, 14, 1, 4, 7, 10, 15, 5]
Run 26:
Best OCplx: 4.254019723570385
Best Sequence: [12, 9, 3, 18, 2, 14, 11, 10, 16, 6, 1, 13, 8, 15, 17, 19, 7, 5, 4]
Run 27:
Best OCplx: 3.1583595478699418
Best Sequence: [17, 3, 18, 6, 2, 9, 16, 19, 13, 14, 12, 10, 15, 1, 4, 11, 8, 7, 5]
Run 28:
Best OCplx: 4.118183840267027
Best Sequence: [3, 10, 17, 2, 11, 14, 15, 9, 16, 5, 13, 6, 19, 7, 18, 8, 12, 1, 4]
Run 29:
Best OCplx: 3.511067130580255
Best Sequence: [2, 9, 3, 14, 18, 19, 10, 17, 11, 15, 1, 13, 16, 6, 5, 12, 7, 8, 4]
Run 30:
Best OCplx: 3.738809769926143
Best Sequence: [17, 3, 2, 6, 9, 15, 1, 16, 10, 14, 13, 12, 18, 19, 5, 11, 8, 4, 7]
Learning Rate: 1e-05
Epsilon: 0.15
Gamma: 0.99
Target Update: 50
Memory Capacity: 20000
Batch Size: 128
if_EWM: False

