Run 1:
Best OCplx: 0.5332325723487997
Best Sequence: [12, 13, 19, 11, 6, 21, 1, 16, 14, 10, 17, 9, 22, 7, 5, 4, 23, 8, 18, 15, 20, 2, 3]
Run 2:
Best OCplx: 0.5414167134016202
Best Sequence: [11, 7, 17, 9, 23, 18, 10, 22, 5, 13, 16, 8, 12, 1, 6, 2, 19, 3, 20, 14, 4, 15, 21]
Run 3:
Best OCplx: 0.5603034080188808
Best Sequence: [12, 11, 6, 9, 21, 22, 16, 19, 8, 23, 17, 20, 10, 4, 7, 5, 15, 13, 1, 2, 18, 3, 14]
Run 4:
Best OCplx: 0.5332325723487997
Best Sequence: [13, 5, 6, 22, 12, 9, 11, 16, 1, 19, 8, 17, 7, 18, 4, 14, 10, 20, 2, 21, 3, 15, 23]
Run 5:
Best OCplx: 0.7195038477318866
Best Sequence: [1, 9, 19, 13, 22, 16, 12, 18, 8, 10, 6, 23, 11, 20, 15, 7, 21, 4, 5, 14, 2, 17, 3]
Run 6:
Best OCplx: 0.5873742436889617
Best Sequence: [19, 18, 20, 17, 22, 6, 1, 9, 12, 16, 13, 14, 8, 11, 10, 4, 21, 5, 23, 2, 7, 3, 15]
Run 7:
Best OCplx: 0.5143458777315393
Best Sequence: [21, 8, 12, 6, 17, 9, 11, 7, 10, 16, 14, 13, 4, 22, 1, 20, 5, 3, 2, 23, 18, 19, 15]
Run 8:
Best OCplx: 0.6767708917520253
Best Sequence: [16, 7, 22, 21, 13, 19, 9, 17, 11, 20, 14, 8, 6, 1, 12, 3, 23, 15, 18, 4, 10, 5, 2]
Run 9:
Best OCplx: 0.45252653851899194
Best Sequence: [23, 22, 19, 7, 9, 21, 13, 11, 16, 10, 8, 1, 5, 12, 14, 17, 4, 2, 3, 15, 18, 20, 6]
Run 10:
Best OCplx: 0.5603034080188808
Best Sequence: [22, 1, 18, 11, 17, 6, 13, 10, 12, 9, 8, 21, 16, 4, 5, 14, 2, 15, 19, 23, 20, 7, 3]
Run 11:
Best OCplx: 0.642022388209559
Best Sequence: [17, 5, 12, 9, 21, 8, 16, 7, 1, 18, 11, 20, 13, 4, 10, 2, 22, 23, 3, 15, 19, 14, 6]
Run 12:
Best OCplx: 0.5570788337114004
Best Sequence: [1, 10, 8, 12, 21, 9, 13, 23, 17, 5, 16, 4, 19, 2, 14, 6, 20, 22, 11, 3, 15, 18, 7]
Run 13:
Best OCplx: 0.5414167134016202
Best Sequence: [5, 21, 22, 11, 18, 12, 13, 20, 8, 6, 9, 7, 4, 1, 17, 23, 19, 14, 16, 2, 3, 10, 15]
Run 14:
Best OCplx: 0.5873742436889619
Best Sequence: [6, 8, 9, 13, 14, 16, 1, 11, 21, 5, 12, 22, 19, 17, 18, 4, 23, 2, 3, 20, 7, 15, 10]
Run 15:
Best OCplx: 0.5029371623712384
Best Sequence: [9, 10, 22, 8, 12, 21, 4, 11, 1, 5, 18, 2, 6, 23, 19, 16, 17, 3, 13, 15, 14, 20, 7]
Run 16:
Best OCplx: 0.5955583847417824
Best Sequence: [9, 16, 5, 7, 1, 11, 4, 2, 22, 21, 17, 8, 10, 19, 6, 13, 18, 3, 15, 14, 20, 23, 12]
Run 17:
Best OCplx: 0.66909322387964
Best Sequence: [22, 18, 23, 9, 16, 11, 7, 19, 8, 17, 10, 1, 20, 12, 4, 5, 2, 13, 15, 3, 14, 21, 6]
Run 18:
Best OCplx: 0.5955583847417822
Best Sequence: [17, 1, 19, 12, 13, 20, 21, 8, 18, 7, 6, 22, 11, 10, 23, 9, 4, 16, 5, 14, 2, 15, 3]
Run 19:
Best OCplx: 0.5414167134016202
Best Sequence: [11, 8, 12, 1, 6, 5, 9, 4, 17, 23, 21, 22, 13, 2, 10, 14, 19, 20, 7, 16, 18, 3, 15]
Run 20:
Best OCplx: 0.5332325723487998
Best Sequence: [17, 1, 9, 6, 5, 22, 11, 20, 8, 7, 13, 12, 18, 4, 21, 2, 23, 19, 16, 3, 15, 14, 10]
Run 21:
Best OCplx: 0.6415159150291239
Best Sequence: [21, 13, 12, 9, 4, 17, 14, 6, 23, 7, 11, 5, 1, 18, 20, 2, 19, 16, 10, 8, 3, 15, 22]
Run 22:
Best OCplx: 0.5878807168693969
Best Sequence: [13, 11, 14, 9, 12, 21, 8, 4, 16, 10, 17, 7, 19, 1, 5, 22, 20, 2, 23, 3, 6, 15, 18]
Run 23:
Best OCplx: 0.5791901026361412
Best Sequence: [22, 8, 12, 4, 6, 19, 16, 11, 18, 23, 9, 1, 10, 14, 5, 2, 13, 17, 3, 7, 15, 21, 20]
Run 24:
Best OCplx: 0.5684875490717012
Best Sequence: [21, 8, 14, 9, 1, 17, 22, 18, 4, 16, 11, 13, 23, 19, 6, 7, 10, 5, 20, 2, 12, 3, 15]
Run 25:
Best OCplx: 0.5414167134016202
Best Sequence: [5, 17, 16, 11, 10, 1, 23, 7, 19, 12, 9, 22, 4, 13, 18, 8, 2, 15, 6, 3, 20, 14, 21]
Run 26:
Best OCplx: 0.6030363639987419
Best Sequence: [18, 9, 6, 12, 17, 10, 13, 5, 19, 22, 16, 1, 21, 8, 14, 7, 23, 4, 11, 2, 20, 3, 15]
Run 27:
Best OCplx: 0.5414167134016202
Best Sequence: [22, 8, 5, 6, 9, 18, 13, 16, 1, 15, 12, 19, 4, 2, 11, 21, 10, 14, 17, 20, 7, 3, 23]
Run 28:
Best OCplx: 0.6144450793590428
Best Sequence: [11, 7, 10, 5, 6, 21, 9, 22, 1, 4, 19, 2, 23, 8, 13, 18, 12, 3, 17, 20, 14, 16, 15]
Run 29:
Best OCplx: 0.5570788337114005
Best Sequence: [18, 20, 22, 8, 9, 17, 23, 6, 19, 10, 7, 13, 5, 21, 12, 4, 1, 2, 11, 3, 16, 15, 14]
Run 30:
Best OCplx: 0.5603034080188809
Best Sequence: [9, 1, 16, 13, 12, 11, 10, 6, 7, 8, 3, 22, 18, 21, 17, 20, 15, 19, 14, 4, 23, 5, 2]
Actor Learning Rate: 1e-05
Critic Learning Rate: 0.0001
Hidden Dimension: 128
Gamma: 0.99
Lambda: 0.9
Epsilon: 0.2
if_EWM: True

