总体测试桩复杂度OCplx为: 6.9231325190125155
属性复杂度ACplx为: 119
方法复杂度MCplx为: 392
传递复杂度TCplx为: 178.1054954910021
总体测试桩数目为: 172


2025-03-18 16:18:59 INFO -   输出全部的测试桩列表
222-->790--(2,3,1.5)
222-->952--(1,13,10.298828125)
222-->189--(3,0,0.0)
222-->62--(2,7,0.0029296875)
222-->58--(2,3,1.25)
222-->228--(7,5,7.0)
222-->60--(1,14,6.5)
222-->791--(1,1,1.0)
222-->61--(1,15,3.2315673828125)
222-->227--(8,11,8.079345703125)
222-->798--(1,0,2.0)
222-->229--(0,1,0.125)
222-->788--(0,1,2.0)
222-->65--(0,21,17.87548828125)
222-->220--(0,3,0.0)
222-->956--(0,5,4.0)
222-->779--(0,1,0.25)
222-->221--(0,2,0.0)
222-->188--(0,1,0.0)
222-->225--(0,24,22.53125)
222-->223--(0,1,6.0)
222-->59--(0,0,20.0)
222-->491--(0,0,0.5)
222-->943--(0,0,0.064453125)
222-->64--(0,0,0.001953125)
61-->216--(6,1,0.0)
798-->780--(1,0,0.0)
798-->785--(1,2,0.0092926025390625)
798-->786--(1,3,0.0)
798-->808--(1,3,0.133056640625)
798-->797--(1,5,3.9962158203125)
798-->767--(0,10,0.057586669921875)
798-->220--(0,3,0.0)
798-->956--(0,1,0.0)
798-->73--(0,2,0.0242156982421875)
798-->952--(0,0,1.375)
798-->491--(0,0,1.0)
798-->800--(0,0,0.8125)
798-->225--(0,0,2.0)
775-->773--(2,4,2.0)
775-->774--(1,1,0.0)
228-->226--(5,7,3.3125)
228-->216--(3,0,0.0)
228-->227--(3,1,0.5)
228-->60--(0,0,0.75)
225-->221--(0,0,0.25)
952-->791--(12,2,5.684347307091664E-14)
952-->956--(0,2,0.03125)
952-->147--(0,12,3.462785698674594E-13)
952-->787--(0,0,1.4238610290817633E-14)
952-->790--(0,0,1.4210881820256316E-14)
60-->227--(3,1,0.0)
227-->226--(2,1,0.078125)
166-->226--(3,0,0.0)
166-->221--(0,0,0.25)
767-->886--(1,0,0.0)
767-->860--(1,0,0.0)
767-->799--(4,1,1.1875)
767-->883--(1,0,0.0)
767-->889--(1,0,0.0)
767-->800--(2,19,3.750762939453125)
767-->65--(0,0,2.0)
560-->638--(1,4,0.05664825439453125)
560-->553--(0,1,0.0)
560-->554--(0,1,0.0)
209-->207--(1,1,1.0)
209-->906--(1,0,0.0)
209-->195--(0,1,1.862645149230957E-9)
209-->194--(0,1,1.862645149230957E-9)
209-->635--(0,1,0.015625)
209-->65--(0,3,10.6875)
209-->193--(0,1,9.5367431640625E-7)
209-->198--(0,1,9.5367431640625E-7)
209-->197--(0,1,0.03125)
209-->196--(0,1,1.862645149230957E-9)
209-->201--(0,1,9.313225746154785E-10)
209-->202--(0,1,1.862645149230957E-9)
209-->199--(0,1,7.450580596923828E-9)
209-->200--(0,1,0.25)
209-->205--(0,1,1.862645149230957E-9)
209-->203--(0,1,1.862645149230957E-9)
209-->204--(0,1,1.862645149230957E-9)
209-->224--(0,4,4.0)
209-->59--(0,0,0.625)
58-->57--(0,1,1.0)
226-->207--(2,1,0.00390625)
226-->224--(0,2,0.01171875)
226-->221--(0,0,0.0078125)
65-->906--(1,1,0.0)
65-->64--(1,8,2.6923828125)
65-->524--(0,3,0.47265625)
65-->520--(0,1,0.125)
65-->224--(0,1,0.5)
65-->942--(0,0,0.25)
65-->221--(0,0,0.25)
65-->521--(0,0,0.015625)
182-->175--(0,2,0.5)
182-->181--(0,2,0.5)
182-->179--(0,1,0.0)
182-->176--(0,1,0.5)
182-->221--(0,0,0.25)
182-->906--(0,0,0.25)
665-->664--(1,1,0.0)
665-->791--(0,1,0.007812503725290298)
665-->661--(0,1,0.03125)
665-->663--(0,0,0.0625)
799-->800--(2,0,0.0)
903-->901--(0,1,0.001953125)
903-->902--(0,1,0.001953125)
588-->587--(1,1,0.0)
588-->449--(0,1,0.064483642578125)
588-->455--(0,0,0.5)
588-->451--(0,0,2.44140625E-4)
588-->456--(0,0,9.765625E-4)
588-->454--(0,0,0.25)
588-->458--(0,0,6.103515625E-5)
906-->635--(0,3,0.5625)
906-->224--(0,2,5.25)
639-->224--(0,1,0.2578125)
904-->905--(0,3,0.0)
571-->572--(2,2,0.0)
777-->772--(3,3,2.625)
548-->638--(0,0,0.03131103515625)
804-->802--(0,1,1.0)
790-->789--(1,1,0.0)
1042-->1041--(0,2,0.0)
658-->657--(0,1,0.0)
630-->629--(0,3,0.5039062500009095)
630-->627--(0,1,7.275957614183426E-12)
147-->787--(0,1,0.0)
461-->462--(0,1,0.0)
647-->649--(2,0,0.0)
614-->610--(1,4,0.0)
614-->613--(1,4,0.0)
614-->611--(0,1,0.0)
136-->132--(0,1,0.0)
136-->144--(0,1,0.0)
462-->787--(1,0,0.25)
462-->460--(0,1,9.322320693172514E-10)
941-->942--(0,3,0.7578125)
601-->600--(1,2,0.0)
601-->591--(2,5,0.0)
601-->597--(1,14,1.0)
601-->594--(1,3,0.0)
601-->592--(0,4,0.0)
601-->589--(0,1,1.6543612251060553E-24)
601-->596--(0,6,0.0)
601-->638--(0,0,4.1439809984346015E-25)
886-->851--(0,2,0.0)
813-->812--(0,1,0.0)
134-->144--(0,1,0.5)
140-->144--(0,1,0.5)
787-->144--(1,0,0.0)
547-->546--(0,2,4.57763671875E-5)
524-->425--(0,3,0.0107421875)
524-->521--(0,1,0.0)
524-->173--(0,0,0.0625)
676-->677--(0,1,1.0)
171-->173--(0,3,0.0)
173-->169--(0,1,0.0)
173-->170--(0,1,0.0)
173-->172--(0,1,0.0)
173-->168--(0,1,0.0)
634-->632--(1,2,2.2737367544323206E-13)
689-->687--(1,2,0.0)
638-->637--(1,2,0.125244140625)
572-->573--(2,2,0.5)
142-->144--(0,1,0.0)
673-->672--(1,5,4.163336342344337E-17)
177-->181--(0,2,0.0)
649-->648--(1,8,1.9185245037078857E-6)
218-->72--(0,2,0.523437500858563)