Run 1:
Best OCplx: 0.5568322976387092
Best Sequence: [10, 22, 12, 17, 18, 9, 4, 8, 13, 7, 11, 23, 19, 20, 16, 21, 5, 1, 2, 14, 6, 3, 15]
Run 2:
Best OCplx: 0.2892709559399513
Best Sequence: [9, 21, 11, 12, 22, 17, 23, 10, 20, 18, 13, 1, 4, 5, 2, 16, 6, 7, 19, 8, 3, 15, 14]
Run 3:
Best OCplx: 0.5464006945532414
Best Sequence: [11, 12, 4, 10, 13, 17, 5, 18, 1, 16, 23, 9, 8, 19, 21, 20, 7, 22, 6, 2, 14, 3, 15]
Run 4:
Best OCplx: 0.44997704257325755
Best Sequence: [11, 19, 12, 7, 8, 23, 10, 1, 6, 9, 21, 18, 17, 13, 4, 14, 5, 2, 20, 22, 3, 16, 15]
Run 5:
Best OCplx: 0.5464006945532414
Best Sequence: [9, 12, 7, 4, 17, 21, 8, 22, 16, 11, 1, 10, 13, 19, 6, 18, 5, 3, 15, 20, 2, 23, 14]
Run 6:
Best OCplx: 0.6211147322920317
Best Sequence: [13, 7, 18, 12, 10, 8, 17, 21, 16, 19, 9, 4, 1, 22, 6, 5, 20, 11, 14, 2, 23, 3, 15]
Run 7:
Best OCplx: 0.5785419118799026
Best Sequence: [9, 18, 1, 7, 12, 11, 4, 8, 21, 5, 13, 2, 10, 17, 6, 23, 14, 16, 19, 20, 3, 22, 15]
Run 8:
Best OCplx: 0.6428243465332251
Best Sequence: [6, 8, 11, 12, 10, 1, 9, 22, 16, 17, 4, 13, 18, 15, 23, 5, 2, 21, 3, 7, 14, 20, 19]
Run 9:
Best OCplx: 0.44997704257325755
Best Sequence: [8, 1, 11, 13, 20, 6, 22, 10, 9, 21, 19, 16, 17, 12, 18, 14, 4, 5, 23, 7, 2, 3, 15]
Run 10:
Best OCplx: 0.4178358252465963
Best Sequence: [22, 21, 13, 12, 19, 11, 17, 1, 4, 8, 23, 10, 9, 18, 5, 6, 2, 3, 14, 16, 20, 15, 7]
Run 11:
Best OCplx: 0.5464006945532414
Best Sequence: [18, 12, 8, 5, 22, 21, 17, 1, 6, 20, 19, 16, 9, 14, 4, 7, 11, 13, 2, 3, 15, 23, 10]
Run 12:
Best OCplx: 0.6106831292065639
Best Sequence: [9, 11, 18, 22, 10, 12, 21, 19, 20, 5, 13, 16, 1, 8, 4, 17, 7, 15, 23, 2, 14, 6, 3]
Run 13:
Best OCplx: 0.51425947722658
Best Sequence: [17, 8, 12, 9, 6, 1, 4, 20, 16, 14, 11, 18, 10, 5, 13, 7, 2, 3, 21, 19, 22, 15, 23]
Run 14:
Best OCplx: 0.5464006945532414
Best Sequence: [11, 8, 19, 10, 17, 18, 7, 12, 13, 21, 1, 22, 23, 6, 20, 9, 16, 5, 4, 2, 15, 3, 14]
Run 15:
Best OCplx: 0.51425947722658
Best Sequence: [12, 6, 11, 10, 21, 23, 4, 8, 1, 9, 5, 16, 2, 14, 7, 13, 19, 17, 22, 18, 20, 3, 15]
Run 16:
Best OCplx: 0.5785419118799026
Best Sequence: [5, 11, 21, 7, 8, 14, 1, 13, 12, 6, 17, 23, 10, 9, 16, 18, 22, 19, 4, 2, 20, 3, 15]
Run 17:
Best OCplx: 0.4178358252465963
Best Sequence: [22, 12, 16, 13, 23, 11, 18, 19, 9, 1, 4, 6, 10, 5, 7, 8, 17, 20, 2, 3, 21, 14, 15]
Run 18:
Best OCplx: 0.4178358252465963
Best Sequence: [8, 11, 16, 21, 17, 13, 23, 22, 1, 9, 5, 19, 7, 12, 10, 4, 6, 14, 18, 2, 3, 15, 20]
Run 19:
Best OCplx: 0.5785419118799026
Best Sequence: [16, 11, 21, 9, 17, 10, 1, 6, 12, 18, 8, 5, 13, 4, 15, 22, 19, 2, 23, 7, 14, 20, 3]
Run 20:
Best OCplx: 0.5785419118799024
Best Sequence: [22, 7, 11, 23, 5, 18, 19, 8, 9, 10, 12, 1, 4, 16, 2, 6, 3, 13, 21, 20, 17, 15, 14]
Run 21:
Best OCplx: 0.6428243465332251
Best Sequence: [7, 22, 11, 9, 8, 10, 12, 19, 4, 17, 6, 23, 21, 5, 20, 18, 16, 1, 3, 2, 15, 14, 13]
Run 22:
Best OCplx: 0.44997704257325755
Best Sequence: [16, 1, 13, 23, 9, 11, 22, 8, 21, 6, 10, 20, 7, 12, 5, 4, 2, 19, 17, 18, 3, 14, 15]
Run 23:
Best OCplx: 0.6428243465332251
Best Sequence: [8, 22, 18, 14, 1, 17, 11, 5, 9, 7, 6, 12, 16, 10, 4, 23, 13, 21, 2, 19, 3, 15, 20]
Run 24:
Best OCplx: 0.5785419118799026
Best Sequence: [22, 8, 17, 16, 13, 11, 18, 14, 12, 23, 6, 19, 20, 1, 7, 5, 9, 21, 4, 2, 3, 15, 10]
Run 25:
Best OCplx: 0.5785419118799026
Best Sequence: [13, 8, 6, 19, 17, 11, 9, 7, 16, 1, 12, 14, 23, 22, 4, 5, 10, 2, 3, 15, 20, 18, 21]
Run 26:
Best OCplx: 0.4821182598999188
Best Sequence: [19, 11, 10, 21, 17, 5, 16, 8, 9, 12, 22, 1, 15, 4, 23, 2, 14, 20, 18, 13, 6, 7, 3]
Run 27:
Best OCplx: 0.51425947722658
Best Sequence: [9, 12, 22, 8, 5, 16, 11, 18, 21, 14, 4, 6, 19, 1, 13, 2, 3, 15, 17, 23, 7, 10, 20]
Run 28:
Best OCplx: 0.44997704257325755
Best Sequence: [8, 23, 22, 18, 12, 19, 16, 4, 11, 21, 14, 1, 10, 13, 5, 17, 20, 9, 6, 2, 7, 3, 15]
Run 29:
Best OCplx: 0.5464006945532413
Best Sequence: [21, 1, 12, 7, 5, 13, 6, 17, 23, 8, 9, 18, 11, 16, 19, 10, 22, 4, 2, 14, 3, 20, 15]
Run 30:
Best OCplx: 0.4821182598999188
Best Sequence: [19, 8, 11, 20, 9, 16, 12, 22, 13, 21, 10, 14, 23, 1, 7, 5, 4, 6, 17, 2, 3, 15, 18]
