Run 1:
Best OCplx: 0.2892709559399513
Best Sequence: [21, 19, 16, 1, 8, 13, 11, 6, 10, 17, 20, 5, 9, 18, 12, 4, 23, 22, 7, 2, 3, 15, 14]
Run 2:
Best OCplx: 0.51425947722658
Best Sequence: [7, 8, 19, 5, 16, 9, 17, 20, 22, 13, 1, 12, 4, 2, 18, 21, 11, 6, 3, 15, 10, 14, 23]
Run 3:
Best OCplx: 0.32141217326661253
Best Sequence: [8, 9, 22, 1, 13, 16, 11, 18, 21, 7, 10, 6, 5, 17, 23, 20, 14, 19, 12, 4, 2, 3, 15]
Run 4:
Best OCplx: 0.4499770425732575
Best Sequence: [8, 16, 19, 21, 17, 22, 9, 13, 20, 6, 7, 12, 11, 1, 4, 5, 2, 10, 18, 3, 14, 23, 15]
Run 5:
Best OCplx: 0.781820818925338
Best Sequence: [22, 13, 18, 8, 6, 21, 23, 10, 16, 9, 11, 5, 12, 19, 14, 17, 1, 20, 4, 7, 2, 15, 3]
Run 6:
Best OCplx: 0.32141217326661253
Best Sequence: [17, 1, 19, 13, 9, 11, 16, 7, 23, 21, 8, 12, 6, 14, 4, 10, 5, 22, 2, 18, 3, 20, 15]
Run 7:
Best OCplx: 0.22498852128662877
Best Sequence: [11, 9, 13, 1, 7, 16, 12, 22, 18, 21, 10, 6, 5, 17, 23, 19, 20, 4, 8, 2, 3, 15, 14]
Run 8:
Best OCplx: 0.19284730395996752
Best Sequence: [16, 19, 22, 13, 8, 9, 6, 7, 11, 12, 1, 10, 21, 4, 5, 18, 17, 20, 2, 3, 14, 23, 15]
Run 9:
Best OCplx: 0.38569460791993504
Best Sequence: [9, 1, 12, 22, 8, 16, 19, 21, 13, 11, 7, 10, 20, 6, 5, 17, 4, 14, 23, 2, 3, 18, 15]
