
Learning Rate: 0.0004
Epsilon: 0.99
Gamma: 0.93
Memory Capacity: 20000
Batch Size: 64
if_EWM: False
seed: 41
Run 1:
Best OCplx: 6.504996075910094
Best Sequence: [1, 36, 10, 31, 15, 13, 20, 17, 39, 42, 37, 38, 8, 12, 11, 25, 9, 32, 22, 14, 19, 43, 44, 28, 5, 7, 16, 6, 18, 33, 21, 41, 29, 34, 40, 4, 2, 27, 35, 26, 30, 3, 45, 24, 23]
Run 2:
Best OCplx: 7.28924419017895
Best Sequence: [36, 1, 13, 20, 15, 10, 31, 17, 42, 39, 38, 37, 8, 25, 14, 9, 22, 19, 12, 11, 43, 5, 32, 41, 7, 6, 21, 40, 33, 16, 18, 44, 28, 29, 34, 4, 2, 27, 26, 30, 24, 3, 45, 35, 23]
Run 3:
Best OCplx: 6.62830090806461
Best Sequence: [36, 1, 10, 15, 31, 13, 20, 17, 42, 8, 39, 37, 9, 38, 14, 11, 43, 19, 41, 12, 25, 22, 32, 33, 28, 44, 7, 16, 6, 18, 21, 29, 34, 40, 5, 4, 2, 27, 26, 35, 30, 3, 45, 23, 24]
Run 4:
Best OCplx: 6.981934315686295
Best Sequence: [36, 1, 10, 13, 15, 20, 31, 17, 42, 39, 8, 38, 37, 25, 9, 12, 14, 19, 43, 22, 11, 32, 44, 28, 16, 6, 21, 41, 29, 33, 7, 18, 5, 40, 34, 4, 2, 27, 35, 26, 30, 3, 24, 45, 23]
Run 5:
Best OCplx: 6.62830090806461
Best Sequence: [1, 36, 31, 10, 15, 13, 20, 17, 38, 14, 12, 37, 43, 19, 39, 25, 22, 42, 11, 9, 8, 41, 33, 44, 7, 5, 34, 16, 6, 18, 40, 28, 21, 29, 32, 4, 2, 27, 26, 35, 30, 3, 24, 45, 23]
Run 6:
Best OCplx: 6.4142534214393
Best Sequence: [36, 20, 15, 13, 1, 31, 10, 38, 39, 37, 17, 42, 43, 8, 14, 22, 9, 19, 11, 25, 12, 44, 41, 32, 33, 16, 7, 6, 18, 28, 5, 21, 40, 29, 34, 4, 2, 27, 35, 26, 30, 24, 45, 23, 3]
Run 7:
Best OCplx: 6.512330449774662
Best Sequence: [36, 1, 10, 15, 13, 31, 20, 17, 42, 14, 37, 39, 38, 8, 22, 19, 9, 25, 12, 43, 11, 41, 5, 32, 16, 28, 6, 18, 44, 7, 33, 40, 29, 21, 34, 4, 2, 27, 35, 26, 30, 3, 24, 45, 23]
Run 8:
Best OCplx: 6.3235107669685044
Best Sequence: [1, 36, 10, 13, 15, 31, 20, 17, 8, 37, 38, 42, 39, 25, 14, 43, 22, 9, 11, 19, 12, 16, 32, 7, 6, 33, 18, 28, 44, 5, 41, 34, 40, 21, 29, 4, 26, 2, 27, 35, 30, 3, 24, 23, 45]
Run 9:
Best OCplx: 7.224618259328768
Best Sequence: [36, 1, 10, 15, 14, 31, 13, 20, 17, 39, 18, 38, 16, 37, 8, 42, 7, 32, 11, 12, 19, 22, 9, 33, 28, 44, 43, 25, 5, 41, 21, 2, 6, 29, 40, 30, 3, 34, 4, 45, 27, 26, 35, 24, 23]
Run 10:
Best OCplx: 6.200205934813991
Best Sequence: [1, 9, 13, 36, 31, 10, 15, 20, 17, 8, 42, 38, 39, 37, 43, 14, 22, 19, 12, 11, 32, 25, 5, 16, 41, 7, 6, 18, 33, 21, 44, 28, 29, 34, 40, 4, 2, 27, 35, 26, 30, 3, 24, 45, 23]
Run 11:
Best OCplx: 7.463307662737692
Best Sequence: [36, 16, 1, 10, 13, 20, 31, 15, 17, 38, 37, 8, 11, 9, 19, 12, 43, 18, 44, 7, 28, 22, 33, 32, 42, 5, 26, 39, 14, 6, 25, 41, 29, 21, 34, 40, 4, 27, 30, 3, 45, 24, 2, 35, 23]
Run 12:
Best OCplx: 6.6932652293752275
Best Sequence: [1, 36, 15, 10, 31, 13, 20, 17, 42, 38, 8, 37, 39, 9, 43, 14, 25, 22, 12, 19, 11, 7, 32, 16, 6, 41, 18, 28, 21, 44, 33, 29, 5, 40, 34, 4, 2, 35, 30, 3, 23, 24, 26, 27, 45]
Run 13:
Best OCplx: 7.256682012495229
Best Sequence: [1, 36, 10, 15, 13, 20, 31, 17, 39, 42, 8, 37, 38, 25, 19, 9, 43, 14, 11, 12, 32, 22, 7, 16, 6, 21, 28, 5, 44, 41, 18, 40, 33, 29, 34, 4, 2, 27, 26, 30, 3, 24, 45, 35, 23]
Run 14:
Best OCplx: 6.62830090806461
Best Sequence: [1, 36, 13, 10, 31, 15, 20, 17, 8, 42, 38, 37, 39, 12, 43, 11, 22, 14, 25, 19, 9, 32, 28, 7, 41, 44, 33, 16, 6, 18, 5, 40, 29, 34, 21, 4, 2, 27, 35, 26, 30, 3, 24, 23, 45]
Run 15:
Best OCplx: 7.468985121390098
Best Sequence: [36, 1, 31, 5, 13, 15, 10, 20, 17, 8, 37, 42, 38, 39, 9, 14, 12, 11, 25, 32, 22, 43, 19, 28, 7, 41, 6, 29, 16, 18, 44, 21, 33, 34, 40, 4, 2, 27, 30, 3, 45, 35, 24, 26, 23]
Run 16:
Best OCplx: 6.323510766968505
Best Sequence: [1, 36, 15, 13, 31, 10, 20, 17, 42, 38, 8, 39, 9, 37, 14, 22, 11, 12, 25, 19, 32, 43, 7, 28, 41, 6, 16, 18, 29, 33, 44, 5, 34, 21, 40, 4, 2, 27, 35, 26, 30, 45, 3, 24, 23]
Run 17:
Best OCplx: 7.15071089263115
Best Sequence: [1, 36, 13, 10, 31, 15, 21, 18, 17, 42, 8, 43, 16, 25, 12, 20, 38, 39, 37, 7, 32, 22, 14, 28, 11, 9, 19, 44, 33, 5, 41, 6, 34, 29, 40, 4, 2, 35, 27, 26, 30, 24, 45, 3, 23]
Run 18:
Best OCplx: 6.480962120480359
Best Sequence: [36, 1, 15, 10, 13, 31, 20, 17, 8, 42, 39, 37, 38, 9, 43, 14, 11, 12, 25, 22, 19, 32, 7, 28, 16, 6, 18, 5, 33, 44, 21, 34, 41, 29, 40, 4, 2, 27, 26, 30, 3, 45, 35, 23, 24]
Run 19:
Best OCplx: 7.430552396255827
Best Sequence: [1, 36, 15, 31, 13, 10, 20, 17, 42, 39, 8, 38, 37, 43, 9, 22, 19, 11, 12, 25, 14, 28, 44, 41, 16, 6, 18, 30, 7, 33, 3, 34, 29, 32, 40, 5, 21, 4, 2, 26, 27, 45, 35, 24, 23]
Run 20:
Best OCplx: 6.323510766968505
Best Sequence: [36, 1, 15, 20, 10, 31, 13, 17, 39, 38, 8, 37, 42, 19, 12, 22, 25, 14, 9, 33, 11, 32, 43, 7, 41, 16, 6, 21, 18, 28, 44, 5, 40, 29, 34, 4, 2, 27, 35, 26, 30, 23, 45, 3, 24]
Run 21:
Best OCplx: 6.379405427290427
Best Sequence: [40, 36, 1, 10, 20, 15, 38, 18, 8, 17, 37, 42, 31, 13, 39, 7, 33, 16, 44, 14, 9, 11, 19, 25, 12, 28, 43, 22, 41, 5, 32, 6, 21, 29, 34, 4, 2, 27, 35, 26, 30, 3, 24, 45, 23]
Run 22:
Best OCplx: 8.791784712804903
Best Sequence: [1, 36, 31, 13, 10, 15, 20, 37, 38, 39, 19, 33, 7, 16, 32, 28, 44, 42, 8, 43, 11, 6, 41, 29, 18, 40, 17, 5, 25, 9, 12, 21, 14, 22, 4, 34, 2, 30, 45, 24, 23, 3, 35, 27, 26]
Run 23:
Best OCplx: 6.068327852181769
Best Sequence: [36, 1, 42, 17, 10, 15, 8, 31, 13, 14, 5, 18, 20, 39, 38, 37, 25, 7, 22, 44, 43, 9, 11, 33, 16, 12, 28, 19, 41, 32, 6, 21, 34, 29, 40, 4, 2, 27, 26, 35, 30, 3, 24, 45, 23]
Run 24:
Best OCplx: 6.726377936399972
Best Sequence: [1, 36, 15, 10, 31, 13, 20, 17, 8, 42, 38, 37, 22, 39, 43, 11, 25, 19, 9, 32, 12, 14, 41, 44, 28, 33, 16, 6, 18, 7, 5, 40, 21, 29, 34, 4, 2, 27, 26, 35, 30, 23, 45, 3, 24]
Run 25:
Best OCplx: 6.828587039244609
Best Sequence: [16, 36, 1, 10, 15, 31, 13, 20, 17, 39, 8, 37, 14, 19, 22, 38, 11, 43, 42, 32, 12, 9, 25, 28, 7, 6, 18, 33, 44, 41, 5, 21, 29, 34, 4, 40, 26, 2, 30, 3, 24, 45, 35, 27, 23]
Run 26:
Best OCplx: 7.132373308523014
Best Sequence: [1, 12, 36, 10, 31, 20, 13, 15, 17, 11, 8, 38, 42, 14, 39, 37, 43, 32, 9, 22, 19, 18, 44, 33, 25, 16, 7, 28, 5, 26, 41, 40, 34, 6, 21, 29, 4, 35, 2, 27, 30, 3, 24, 45, 23]
Run 27:
Best OCplx: 6.882244946238207
Best Sequence: [36, 1, 13, 10, 15, 31, 20, 17, 38, 37, 8, 42, 39, 14, 19, 32, 9, 11, 25, 43, 41, 22, 12, 40, 28, 16, 6, 44, 29, 21, 18, 5, 7, 33, 34, 4, 2, 35, 26, 30, 23, 3, 27, 45, 24]
Run 28:
Best OCplx: 5.862853616034165
Best Sequence: [36, 1, 13, 10, 31, 15, 20, 17, 39, 42, 38, 8, 37, 9, 12, 11, 19, 25, 14, 32, 43, 22, 7, 16, 6, 18, 21, 5, 44, 28, 41, 29, 33, 34, 40, 4, 2, 27, 26, 35, 30, 24, 45, 3, 23]
Run 29:
Best OCplx: 6.4142534214393
Best Sequence: [1, 36, 13, 31, 15, 10, 20, 17, 42, 37, 38, 8, 43, 14, 25, 19, 9, 12, 41, 11, 32, 39, 22, 28, 5, 16, 7, 6, 18, 40, 21, 29, 44, 33, 34, 4, 2, 27, 26, 35, 30, 24, 23, 45, 3]
Run 30:
Best OCplx: 5.862853616034165
Best Sequence: [1, 36, 20, 13, 10, 15, 31, 17, 39, 42, 37, 8, 38, 12, 14, 9, 19, 43, 25, 11, 32, 22, 16, 7, 6, 18, 44, 21, 5, 33, 28, 41, 29, 40, 34, 4, 2, 27, 26, 35, 30, 3, 45, 24, 23]
