Run 1:
Best OCplx: 3.0359342013639896
Best Sequence: [16, 10, 3, 20, 7, 8, 2, 5, 25, 4, 12, 9, 15, 6, 24, 21, 1, 14, 22, 11, 19, 23, 13, 17, 18]
Run 2:
Best OCplx: 3.162485935765608
Best Sequence: [16, 3, 1, 4, 15, 21, 14, 23, 22, 12, 17, 2, 7, 25, 19, 11, 6, 20, 9, 5, 13, 10, 8, 24, 18]
Run 3:
Best OCplx: 2.631698626755111
Best Sequence: [8, 3, 16, 12, 9, 5, 2, 19, 14, 17, 7, 15, 23, 21, 6, 1, 20, 25, 4, 10, 18, 22, 24, 13, 11]
Run 4:
Best OCplx: 2.9044692159801397
Best Sequence: [5, 16, 3, 22, 2, 10, 17, 15, 25, 19, 8, 14, 1, 11, 4, 21, 12, 6, 7, 20, 13, 9, 23, 24, 18]
Run 5:
Best OCplx: 2.516971812794079
Best Sequence: [12, 9, 3, 8, 16, 1, 19, 10, 14, 7, 23, 22, 11, 5, 17, 20, 13, 2, 4, 15, 24, 21, 6, 18, 25]
Run 6:
Best OCplx: 3.139334031337365
Best Sequence: [16, 5, 14, 8, 20, 19, 3, 7, 2, 10, 25, 12, 23, 15, 1, 24, 21, 17, 6, 22, 11, 18, 13, 4, 9]
Run 7:
Best OCplx: 3.156403559101348
Best Sequence: [8, 16, 10, 22, 21, 9, 19, 7, 15, 3, 23, 2, 1, 12, 25, 24, 6, 17, 18, 14, 5, 4, 20, 13, 11]
Run 8:
Best OCplx: 3.040090293116497
Best Sequence: [14, 16, 8, 3, 12, 20, 4, 22, 19, 23, 21, 9, 1, 6, 24, 10, 17, 18, 2, 5, 15, 11, 7, 25, 13]
Run 9:
Best OCplx: 2.945914683080399
Best Sequence: [16, 15, 12, 17, 4, 9, 8, 23, 3, 1, 22, 5, 11, 24, 2, 19, 21, 10, 7, 20, 25, 14, 6, 18, 13]
Run 10:
Best OCplx: 3.2016672904997088
Best Sequence: [16, 8, 1, 2, 14, 3, 23, 22, 7, 9, 15, 19, 4, 12, 10, 13, 11, 5, 6, 24, 20, 25, 18, 17, 21]
Run 11:
Best OCplx: 2.78109567297182
Best Sequence: [16, 17, 5, 1, 2, 15, 19, 3, 21, 14, 10, 12, 24, 8, 11, 7, 20, 23, 6, 25, 4, 13, 18, 9, 22]
Run 12:
Best OCplx: 2.7767448746043155
Best Sequence: [3, 4, 16, 20, 15, 10, 8, 14, 19, 12, 13, 9, 1, 21, 17, 25, 23, 7, 6, 11, 22, 2, 5, 24, 18]
Run 13:
Best OCplx: 3.4388371147000316
Best Sequence: [6, 5, 16, 14, 3, 15, 10, 12, 1, 17, 24, 9, 11, 20, 19, 13, 23, 2, 8, 21, 22, 25, 7, 18, 4]
Run 14:
Best OCplx: 2.6520462566367367
Best Sequence: [16, 3, 10, 1, 5, 23, 20, 8, 21, 2, 4, 19, 17, 14, 7, 18, 11, 22, 12, 6, 9, 15, 25, 13, 24]
Run 15:
Best OCplx: 2.828080639708244
Best Sequence: [15, 16, 17, 10, 8, 5, 12, 21, 4, 9, 1, 23, 19, 20, 3, 18, 13, 24, 2, 22, 7, 6, 11, 14, 25]
Run 16:
Best OCplx: 2.727979457122835
Best Sequence: [16, 2, 9, 4, 7, 3, 15, 19, 22, 10, 14, 1, 23, 5, 11, 21, 8, 12, 20, 24, 13, 6, 17, 25, 18]
Run 17:
Best OCplx: 3.0099627601217143
Best Sequence: [16, 2, 8, 15, 11, 12, 10, 9, 14, 3, 20, 17, 21, 1, 22, 4, 19, 25, 24, 6, 23, 18, 5, 7, 13]
Run 18:
Best OCplx: 2.957063790922459
Best Sequence: [16, 19, 23, 3, 22, 1, 21, 11, 12, 5, 9, 24, 17, 4, 20, 15, 18, 2, 7, 8, 13, 25, 6, 14, 10]
Run 19:
Best OCplx: 2.584878695999699
Best Sequence: [3, 16, 15, 1, 8, 19, 21, 11, 23, 6, 2, 17, 4, 5, 20, 9, 13, 10, 22, 24, 25, 7, 18, 14, 12]
Run 20:
Best OCplx: 3.1564172669195187
Best Sequence: [3, 9, 16, 14, 10, 20, 13, 4, 11, 17, 19, 8, 15, 5, 21, 22, 12, 23, 2, 6, 24, 7, 1, 18, 25]
Run 21:
Best OCplx: 3.0475415872438485
Best Sequence: [16, 7, 17, 19, 15, 21, 10, 9, 2, 22, 4, 24, 3, 1, 8, 5, 14, 25, 11, 23, 20, 12, 6, 13, 18]
Run 22:
Best OCplx: 2.930496834734929
Best Sequence: [3, 9, 16, 20, 12, 23, 7, 21, 17, 4, 8, 22, 2, 11, 10, 6, 18, 5, 15, 1, 25, 13, 14, 19, 24]
Run 23:
Best OCplx: 2.889289693310356
Best Sequence: [5, 16, 19, 20, 13, 14, 23, 3, 9, 21, 2, 1, 11, 25, 6, 22, 15, 4, 7, 17, 12, 10, 8, 24, 18]
Run 24:
Best OCplx: 3.152979255817855
Best Sequence: [5, 12, 4, 16, 15, 10, 14, 7, 25, 19, 17, 20, 8, 3, 21, 23, 1, 2, 11, 9, 6, 24, 13, 22, 18]
Run 25:
Best OCplx: 3.1386095368513516
Best Sequence: [23, 16, 4, 3, 12, 2, 14, 25, 1, 8, 22, 17, 9, 5, 11, 20, 7, 6, 10, 13, 19, 24, 21, 15, 18]
Run 26:
Best OCplx: 3.247056000797837
Best Sequence: [16, 3, 5, 15, 9, 7, 11, 14, 20, 21, 2, 19, 8, 24, 17, 25, 6, 12, 10, 22, 4, 18, 13, 1, 23]
Run 27:
Best OCplx: 2.6386764209939857
Best Sequence: [16, 1, 21, 3, 10, 20, 5, 17, 8, 23, 11, 22, 2, 19, 12, 9, 25, 6, 24, 18, 4, 14, 13, 15, 7]
Run 28:
Best OCplx: 3.0749954715820755
Best Sequence: [16, 5, 6, 12, 9, 3, 1, 2, 22, 19, 14, 15, 23, 8, 17, 24, 20, 7, 4, 10, 18, 13, 25, 11, 21]
Run 29:
Best OCplx: 3.083210130101019
Best Sequence: [3, 9, 16, 10, 8, 1, 7, 11, 2, 15, 24, 20, 14, 13, 25, 23, 19, 12, 6, 5, 21, 22, 17, 18, 4]
Run 30:
Best OCplx: 3.186163774457171
Best Sequence: [16, 9, 10, 20, 2, 12, 1, 7, 8, 25, 11, 3, 21, 14, 15, 24, 5, 6, 4, 13, 17, 22, 19, 23, 18]
UPDATE_GLOBAL_ITER: 200
GAMMA: 0.99
MAX_EP: 3000
thread_count: 3
RL: 5e-05
if_EWM: True

Mean: 2.9679
Min: 2.5170
Max: 3.4388
Std: 0.2220
