Run 1:
Best OCplx: 2.3786519507368316
Best Sequence: [27, 65, 43, 59, 11, 52, 40, 18, 24, 58, 8, 22, 31, 14, 4, 5, 64, 55, 26, 25, 54, 29, 3, 45, 60, 38, 12, 44, 46, 37, 41, 17, 15, 7, 57, 47, 53, 42, 2, 32, 56, 33, 6, 62, 63, 49, 28, 21, 13, 39, 48, 36, 35, 16, 50, 51, 30, 20, 61, 19, 10, 23, 9, 34, 1]
Run 2:
Best OCplx: 2.305220992098241
Best Sequence: [42, 25, 24, 65, 59, 52, 29, 57, 27, 6, 58, 55, 37, 16, 22, 63, 62, 15, 32, 41, 40, 53, 49, 20, 44, 30, 26, 2, 23, 14, 56, 43, 48, 17, 13, 46, 8, 64, 19, 4, 7, 11, 28, 51, 21, 36, 3, 33, 50, 45, 5, 38, 61, 18, 34, 9, 47, 60, 39, 12, 35, 54, 31, 1, 10]
Run 3:
Best OCplx: 2.3258526835985847
Best Sequence: [16, 52, 65, 58, 20, 60, 11, 14, 50, 2, 3, 37, 39, 31, 44, 6, 34, 10, 54, 45, 33, 8, 47, 32, 1, 24, 57, 64, 27, 48, 22, 35, 49, 5, 42, 21, 43, 18, 9, 38, 59, 28, 30, 13, 53, 40, 55, 23, 25, 7, 63, 15, 26, 36, 12, 61, 46, 41, 19, 4, 51, 56, 62, 29, 17]
Run 4:
Best OCplx: 2.3737671818361377
Best Sequence: [31, 37, 58, 49, 1, 62, 38, 27, 56, 22, 11, 35, 10, 19, 13, 63, 34, 28, 8, 36, 43, 12, 39, 9, 30, 3, 42, 52, 50, 2, 14, 7, 15, 64, 41, 46, 21, 45, 23, 47, 5, 61, 17, 20, 18, 29, 26, 59, 6, 44, 16, 55, 53, 33, 57, 54, 60, 51, 4, 65, 32, 48, 25, 24, 40]
Run 5:
Best OCplx: 2.3670886258566615
Best Sequence: [50, 65, 39, 3, 57, 4, 14, 13, 5, 8, 6, 58, 34, 33, 35, 28, 1, 37, 55, 63, 41, 61, 22, 16, 12, 47, 30, 21, 2, 18, 45, 49, 17, 36, 62, 27, 20, 46, 42, 10, 31, 60, 59, 23, 38, 26, 44, 32, 43, 56, 7, 19, 24, 29, 52, 51, 9, 15, 53, 11, 48, 54, 64, 25, 40]
Run 6:
Best OCplx: 2.1234234512585948
Best Sequence: [58, 52, 32, 27, 14, 61, 47, 34, 19, 63, 38, 43, 2, 12, 22, 59, 29, 18, 48, 31, 30, 53, 46, 17, 64, 41, 57, 42, 23, 10, 16, 45, 13, 50, 3, 1, 28, 24, 56, 33, 26, 60, 40, 35, 25, 9, 8, 39, 4, 20, 44, 6, 51, 55, 5, 54, 36, 7, 62, 65, 37, 15, 21, 49, 11]
Run 7:
Best OCplx: 2.3322509105093583
Best Sequence: [16, 32, 57, 28, 63, 61, 8, 65, 9, 58, 38, 29, 36, 17, 27, 10, 24, 39, 22, 2, 46, 30, 35, 31, 11, 25, 45, 1, 19, 7, 3, 59, 49, 54, 14, 12, 44, 40, 47, 53, 18, 62, 5, 4, 41, 26, 64, 55, 51, 23, 56, 60, 20, 48, 52, 21, 15, 37, 6, 50, 33, 13, 42, 34, 43]
Run 8:
Best OCplx: 2.2493409488599667
Best Sequence: [2, 3, 6, 65, 30, 58, 39, 21, 49, 22, 9, 33, 44, 27, 54, 26, 24, 61, 48, 64, 47, 32, 10, 34, 7, 28, 43, 17, 42, 52, 25, 51, 13, 8, 36, 15, 62, 12, 57, 4, 46, 56, 18, 55, 1, 29, 60, 14, 50, 20, 19, 5, 31, 16, 41, 63, 53, 35, 38, 40, 59, 23, 37, 11, 45]
Run 9:
Best OCplx: 2.261705188288968
Best Sequence: [6, 65, 7, 14, 10, 25, 58, 1, 22, 2, 57, 21, 56, 20, 24, 19, 12, 13, 23, 17, 5, 39, 35, 59, 49, 15, 62, 54, 37, 36, 60, 51, 38, 47, 26, 30, 3, 45, 55, 42, 61, 46, 8, 44, 11, 34, 43, 33, 31, 4, 29, 48, 50, 52, 63, 40, 64, 32, 28, 27, 53, 16, 9, 18, 41]
Run 10:
Best OCplx: 1.987786615536058
Best Sequence: [65, 24, 41, 58, 54, 62, 3, 22, 4, 40, 45, 13, 14, 2, 1, 39, 42, 10, 57, 9, 38, 37, 27, 11, 55, 25, 50, 21, 17, 33, 44, 49, 53, 32, 52, 48, 28, 59, 63, 47, 51, 5, 7, 43, 60, 29, 15, 31, 36, 6, 35, 18, 16, 8, 56, 20, 61, 19, 64, 46, 26, 23, 12, 30, 34]
Run 11:
Best OCplx: 2.2524650241545343
Best Sequence: [65, 33, 53, 58, 64, 17, 21, 3, 22, 46, 47, 57, 49, 15, 29, 35, 2, 16, 52, 23, 19, 60, 9, 51, 31, 8, 27, 61, 37, 4, 56, 7, 14, 13, 39, 25, 1, 45, 50, 30, 10, 32, 43, 5, 63, 44, 48, 40, 12, 54, 20, 11, 34, 24, 6, 18, 28, 55, 36, 41, 38, 59, 42, 62, 26]
Run 12:
Best OCplx: 2.233462735768264
Best Sequence: [50, 14, 60, 65, 58, 1, 19, 9, 35, 52, 47, 59, 13, 49, 3, 25, 8, 33, 46, 2, 22, 20, 26, 29, 38, 64, 6, 17, 54, 11, 55, 28, 12, 18, 56, 53, 48, 45, 43, 27, 39, 10, 37, 34, 21, 51, 61, 62, 4, 7, 36, 23, 44, 40, 24, 16, 30, 63, 15, 41, 5, 57, 32, 31, 42]
Run 13:
Best OCplx: 2.2801014894054807
Best Sequence: [65, 50, 58, 20, 23, 13, 53, 12, 27, 25, 14, 2, 33, 26, 32, 48, 43, 10, 62, 60, 3, 19, 38, 37, 31, 1, 16, 47, 22, 41, 56, 52, 55, 35, 34, 54, 36, 29, 49, 11, 21, 57, 5, 18, 8, 40, 17, 24, 39, 59, 45, 28, 63, 44, 51, 46, 7, 9, 64, 30, 42, 15, 6, 4, 61]
Run 14:
Best OCplx: 1.793514769871565
Best Sequence: [35, 65, 59, 12, 58, 2, 13, 19, 53, 22, 52, 15, 17, 20, 27, 16, 9, 11, 62, 48, 28, 1, 26, 32, 31, 64, 29, 14, 10, 44, 23, 25, 34, 33, 40, 41, 49, 61, 30, 56, 39, 21, 36, 50, 46, 54, 3, 42, 5, 45, 47, 8, 38, 63, 24, 7, 60, 57, 4, 43, 55, 6, 51, 37, 18]
Run 15:
Best OCplx: 1.833202626805502
Best Sequence: [65, 16, 58, 24, 40, 35, 13, 54, 59, 53, 38, 47, 27, 50, 55, 3, 29, 61, 6, 18, 14, 34, 22, 32, 39, 30, 45, 63, 42, 48, 31, 44, 41, 8, 7, 51, 56, 17, 15, 52, 33, 2, 5, 62, 64, 4, 23, 11, 21, 12, 9, 26, 37, 19, 46, 43, 25, 10, 49, 36, 57, 60, 1, 28, 20]
Run 16:
Best OCplx: 2.4282624850159578
Best Sequence: [31, 65, 38, 17, 13, 33, 46, 58, 30, 22, 10, 3, 1, 39, 41, 7, 32, 24, 42, 55, 28, 27, 53, 48, 15, 21, 56, 14, 20, 23, 8, 4, 19, 12, 9, 34, 6, 36, 5, 61, 52, 64, 50, 35, 2, 57, 54, 45, 63, 51, 43, 37, 49, 40, 16, 11, 47, 29, 60, 62, 26, 44, 18, 59, 25]
Run 17:
Best OCplx: 2.3883155241095335
Best Sequence: [65, 58, 22, 53, 11, 60, 16, 64, 13, 57, 36, 25, 26, 24, 40, 10, 59, 56, 46, 6, 20, 15, 61, 9, 14, 7, 30, 8, 51, 62, 34, 21, 17, 49, 23, 43, 63, 2, 41, 33, 4, 32, 47, 3, 29, 54, 35, 44, 5, 19, 38, 52, 18, 45, 55, 39, 1, 50, 28, 37, 42, 27, 31, 12, 48]
Run 18:
Best OCplx: 2.237630749852793
Best Sequence: [17, 58, 36, 28, 31, 53, 57, 24, 9, 1, 59, 50, 23, 19, 35, 22, 47, 46, 42, 14, 37, 11, 4, 64, 16, 44, 63, 2, 65, 51, 5, 48, 49, 39, 27, 10, 7, 61, 60, 56, 29, 54, 41, 43, 30, 33, 12, 6, 45, 3, 52, 40, 34, 62, 21, 55, 25, 15, 13, 8, 26, 38, 32, 20, 18]
Run 19:
Best OCplx: 2.513092314769866
Best Sequence: [24, 21, 38, 65, 58, 52, 40, 16, 31, 61, 12, 63, 43, 10, 1, 54, 14, 13, 59, 2, 32, 47, 50, 34, 18, 15, 44, 4, 64, 22, 6, 7, 25, 56, 53, 60, 33, 62, 46, 45, 20, 51, 42, 27, 39, 17, 8, 9, 35, 28, 23, 36, 57, 19, 48, 30, 3, 37, 26, 11, 5, 49, 29, 41, 55]
Run 20:
Best OCplx: 2.0371453171555727
Best Sequence: [51, 27, 20, 65, 39, 60, 9, 58, 13, 55, 50, 53, 24, 8, 23, 46, 22, 52, 61, 14, 6, 4, 47, 28, 31, 64, 57, 26, 3, 48, 45, 41, 42, 63, 37, 19, 1, 36, 35, 11, 2, 10, 38, 5, 12, 25, 7, 17, 44, 59, 18, 49, 21, 62, 15, 29, 56, 32, 43, 40, 54, 33, 34, 30, 16]
Run 21:
Best OCplx: 2.404685534203841
Best Sequence: [27, 30, 20, 59, 39, 10, 6, 55, 65, 9, 58, 50, 14, 24, 22, 45, 12, 49, 5, 4, 3, 31, 17, 15, 47, 8, 26, 40, 36, 54, 51, 1, 60, 38, 43, 28, 34, 46, 11, 64, 57, 7, 21, 16, 25, 41, 62, 35, 32, 42, 33, 2, 18, 52, 61, 44, 48, 53, 63, 13, 37, 56, 19, 29, 23]
Run 22:
Best OCplx: 2.325784925204458
Best Sequence: [51, 65, 53, 58, 12, 22, 60, 63, 27, 47, 57, 17, 42, 55, 37, 13, 25, 64, 6, 49, 38, 10, 4, 50, 29, 59, 16, 9, 23, 35, 56, 44, 33, 45, 31, 20, 32, 39, 36, 21, 19, 54, 7, 3, 52, 11, 46, 26, 2, 18, 43, 28, 61, 24, 15, 62, 14, 8, 30, 1, 34, 40, 41, 5, 48]
Run 23:
Best OCplx: 1.6131821614136788
Best Sequence: [65, 16, 58, 59, 6, 35, 17, 29, 60, 9, 48, 62, 54, 13, 43, 1, 42, 15, 19, 40, 24, 10, 38, 14, 5, 28, 8, 22, 63, 34, 53, 47, 4, 21, 36, 45, 44, 33, 64, 27, 20, 49, 57, 12, 39, 61, 50, 11, 30, 23, 25, 18, 32, 3, 2, 37, 41, 51, 56, 46, 7, 55, 52, 26, 31]
Run 24:
Best OCplx: 2.3601175430401877
Best Sequence: [61, 2, 46, 65, 21, 54, 58, 13, 40, 27, 22, 17, 7, 52, 11, 30, 35, 28, 8, 64, 39, 20, 42, 55, 49, 63, 25, 62, 6, 12, 16, 14, 29, 23, 45, 33, 43, 19, 1, 59, 41, 15, 36, 57, 32, 24, 31, 44, 37, 9, 47, 26, 38, 18, 10, 50, 53, 56, 51, 60, 48, 34, 3, 4, 5]
Run 25:
Best OCplx: 2.063320548315805
Best Sequence: [64, 1, 65, 19, 24, 58, 8, 40, 45, 21, 62, 36, 9, 30, 60, 42, 38, 6, 3, 7, 46, 59, 63, 39, 52, 54, 13, 15, 17, 16, 18, 10, 12, 43, 27, 33, 55, 44, 11, 22, 14, 32, 57, 61, 29, 35, 50, 48, 28, 2, 25, 4, 53, 26, 49, 23, 34, 20, 5, 41, 56, 37, 51, 47, 31]
Run 26:
Best OCplx: 1.6358490686610512
Best Sequence: [27, 65, 58, 13, 35, 1, 37, 26, 14, 22, 23, 5, 49, 10, 9, 61, 55, 32, 21, 30, 59, 40, 60, 11, 17, 38, 18, 47, 56, 8, 19, 29, 39, 41, 20, 62, 2, 33, 16, 25, 44, 15, 34, 57, 48, 3, 52, 31, 53, 63, 50, 24, 6, 51, 54, 46, 64, 42, 12, 43, 4, 7, 45, 36, 28]
Run 27:
Best OCplx: 2.068235309859582
Best Sequence: [58, 13, 6, 38, 22, 53, 46, 43, 27, 23, 14, 4, 42, 3, 56, 36, 8, 12, 64, 39, 25, 55, 59, 40, 49, 21, 47, 45, 54, 63, 50, 16, 37, 28, 20, 33, 15, 34, 11, 35, 32, 61, 41, 18, 19, 10, 62, 26, 48, 51, 65, 7, 44, 52, 9, 31, 5, 1, 30, 17, 60, 57, 2, 29, 24]
Run 28:
Best OCplx: 2.3706993354777057
Best Sequence: [1, 31, 3, 65, 20, 55, 24, 58, 36, 52, 64, 27, 46, 17, 62, 32, 19, 47, 18, 42, 14, 35, 28, 54, 48, 37, 56, 13, 45, 61, 10, 9, 22, 49, 50, 63, 30, 4, 44, 25, 29, 43, 34, 11, 2, 5, 15, 60, 39, 57, 12, 8, 33, 26, 38, 51, 40, 53, 21, 41, 23, 7, 59, 6, 16]
Run 29:
Best OCplx: 1.849231908411667
Best Sequence: [65, 14, 64, 58, 27, 60, 46, 3, 2, 15, 41, 24, 37, 17, 62, 19, 38, 18, 45, 51, 29, 22, 52, 30, 23, 49, 42, 40, 25, 7, 53, 13, 39, 56, 63, 43, 33, 8, 12, 28, 26, 20, 10, 6, 35, 31, 55, 61, 47, 4, 34, 50, 54, 1, 21, 9, 5, 57, 59, 44, 32, 11, 36, 16, 48]
Run 30:
Best OCplx: 1.911565007213247
Best Sequence: [64, 65, 60, 58, 15, 9, 41, 36, 17, 51, 21, 14, 24, 27, 49, 46, 61, 33, 56, 22, 23, 35, 62, 39, 48, 32, 50, 19, 16, 29, 10, 12, 57, 54, 43, 8, 6, 47, 63, 4, 11, 37, 28, 45, 42, 55, 25, 38, 1, 52, 3, 5, 31, 34, 2, 7, 59, 53, 26, 18, 44, 40, 30, 13, 20]
