# Combined results for version: v6, category: EWM, algorithm: A3C25_8e-5_3

# === Dataset: notepad__spl ===
Run 1:
Best OCplx: 3.115335762713718
Best Sequence: [7, 38, 129, 62, 54, 118, 52, 120, 77, 8, 81, 70, 23, 33, 49, 18, 85, 94, 128, 71, 58, 15, 68, 84, 126, 64, 20, 100, 66, 91, 119, 105, 12, 10, 111, 51, 47, 117, 36, 88, 121, 16, 98, 5, 123, 45, 9, 27, 57, 67, 109, 32, 2, 43, 75, 4, 80, 28, 29, 95, 56, 122, 101, 127, 3, 50, 108, 37, 25, 6, 21, 73, 63, 83, 69, 96, 34, 30, 60, 14, 124, 24, 11, 65, 19, 125, 44, 1, 115, 46, 114, 61, 87, 22, 104, 59, 13, 79, 55, 72, 26, 106, 113, 41, 17, 74, 42, 40, 76, 102, 78, 82, 53, 48, 90, 31, 112, 92, 93, 116, 110, 107, 86, 39, 89, 97, 99, 103, 35]
Run 2:
Best OCplx: 3.0647179936867026
Best Sequence: [129, 51, 105, 106, 15, 118, 98, 96, 29, 34, 57, 117, 128, 53, 85, 18, 59, 84, 123, 35, 102, 49, 91, 101, 113, 69, 39, 114, 121, 42, 72, 9, 99, 63, 82, 112, 40, 77, 7, 126, 22, 73, 125, 67, 50, 13, 26, 8, 23, 25, 97, 12, 94, 90, 107, 55, 30, 17, 54, 19, 122, 16, 95, 92, 88, 78, 52, 58, 47, 116, 24, 20, 11, 115, 70, 119, 61, 36, 46, 38, 74, 80, 41, 33, 66, 6, 71, 10, 2, 76, 79, 1, 60, 14, 89, 110, 100, 104, 31, 21, 108, 86, 62, 56, 103, 83, 124, 27, 45, 43, 109, 28, 127, 65, 111, 48, 44, 37, 64, 81, 32, 87, 4, 93, 68, 3, 120, 5, 75]
Run 3:
Best OCplx: 2.8015850806004865
Best Sequence: [57, 94, 7, 37, 29, 88, 30, 38, 90, 49, 56, 87, 110, 129, 46, 41, 104, 50, 74, 9, 28, 67, 5, 26, 125, 76, 54, 47, 59, 23, 66, 120, 118, 92, 99, 93, 13, 127, 81, 108, 6, 62, 86, 128, 10, 14, 71, 53, 45, 111, 112, 22, 1, 119, 97, 77, 84, 61, 20, 80, 95, 51, 2, 16, 68, 82, 58, 39, 124, 19, 17, 117, 107, 73, 11, 21, 103, 96, 15, 114, 25, 43, 89, 115, 27, 4, 116, 72, 35, 12, 48, 31, 42, 105, 79, 34, 69, 24, 100, 83, 70, 106, 122, 65, 18, 32, 64, 55, 98, 78, 33, 102, 40, 63, 121, 36, 8, 113, 126, 3, 91, 75, 109, 44, 60, 123, 101, 85, 52]
Run 4:
Best OCplx: 2.7726976539259636
Best Sequence: [56, 43, 57, 5, 90, 62, 126, 49, 129, 127, 37, 14, 107, 61, 16, 88, 12, 28, 77, 73, 80, 116, 54, 34, 118, 13, 83, 94, 78, 10, 32, 72, 3, 82, 29, 8, 71, 6, 109, 110, 66, 30, 55, 74, 58, 125, 31, 11, 40, 119, 91, 81, 96, 79, 103, 9, 75, 7, 93, 2, 23, 122, 89, 108, 97, 51, 25, 44, 24, 65, 124, 63, 48, 115, 68, 128, 45, 95, 41, 69, 84, 67, 87, 35, 106, 105, 21, 27, 26, 46, 117, 85, 42, 33, 38, 70, 47, 92, 39, 120, 101, 86, 17, 102, 123, 50, 15, 104, 76, 111, 53, 59, 18, 112, 60, 99, 52, 22, 19, 114, 20, 100, 36, 98, 4, 113, 64, 1, 121]
Run 5:
Best OCplx: 2.981610531933814
Best Sequence: [72, 58, 87, 16, 15, 74, 3, 129, 37, 8, 102, 65, 47, 44, 79, 45, 103, 18, 42, 127, 60, 64, 9, 35, 24, 109, 94, 19, 118, 50, 31, 17, 75, 98, 67, 48, 120, 10, 85, 91, 4, 117, 82, 116, 41, 52, 126, 2, 63, 83, 5, 25, 84, 73, 114, 121, 124, 113, 111, 49, 97, 22, 56, 62, 66, 39, 95, 11, 89, 32, 78, 122, 6, 29, 112, 12, 96, 14, 7, 54, 68, 46, 21, 92, 123, 23, 43, 20, 105, 81, 76, 99, 104, 61, 30, 59, 36, 71, 101, 53, 38, 13, 77, 57, 100, 119, 34, 40, 110, 90, 93, 125, 115, 86, 128, 106, 51, 107, 26, 33, 27, 1, 28, 80, 88, 108, 70, 69, 55]
Run 6:
Best OCplx: 3.242689728196501
Best Sequence: [55, 111, 64, 18, 21, 25, 40, 129, 96, 33, 42, 76, 77, 118, 107, 2, 61, 67, 127, 74, 108, 5, 119, 105, 17, 56, 49, 58, 95, 38, 125, 123, 110, 73, 92, 122, 75, 23, 116, 19, 20, 36, 126, 79, 32, 28, 12, 52, 109, 86, 9, 87, 1, 124, 113, 22, 54, 84, 48, 57, 81, 53, 47, 65, 13, 128, 10, 102, 85, 3, 51, 112, 46, 103, 121, 98, 88, 71, 59, 66, 41, 78, 7, 93, 120, 63, 34, 97, 72, 11, 29, 106, 101, 15, 83, 27, 99, 30, 8, 117, 26, 45, 60, 82, 43, 114, 35, 68, 4, 14, 91, 80, 50, 62, 89, 39, 100, 90, 70, 69, 37, 16, 115, 6, 104, 31, 44, 94, 24]
