Run 1:
Best OCplx: 2.9456437666402744
Best Sequence: [17, 8, 5, 16, 20, 18, 7, 19, 4, 6, 21, 2, 3, 1, 9, 12, 10, 11, 13, 14, 15]
Run 2:
Best OCplx: 3.630619596061257
Best Sequence: [7, 8, 21, 2, 9, 10, 5, 18, 1, 20, 16, 3, 19, 4, 13, 17, 6, 12, 11, 14, 15]
Run 3:
Best OCplx: 2.315168589289901
Best Sequence: [16, 21, 8, 20, 19, 2, 6, 3, 1, 17, 7, 9, 5, 18, 4, 10, 15, 11, 13, 14, 12]
Run 4:
Best OCplx: 2.4494985321337612
Best Sequence: [16, 20, 2, 6, 1, 3, 17, 19, 21, 7, 4, 5, 18, 9, 8, 10, 11, 13, 15, 12, 14]
Run 5:
Best OCplx: 2.57826621112915
Best Sequence: [20, 19, 5, 2, 17, 16, 1, 7, 4, 18, 6, 3, 8, 21, 9, 10, 15, 13, 12, 14, 11]
Run 6:
Best OCplx: 2.4259886558645434
Best Sequence: [7, 21, 16, 8, 9, 2, 19, 17, 20, 5, 1, 4, 10, 15, 3, 18, 12, 6, 14, 13, 11]
Run 7:
Best OCplx: 2.2990191679939382
Best Sequence: [20, 7, 17, 18, 5, 4, 16, 21, 19, 6, 1, 2, 8, 9, 3, 10, 13, 11, 12, 15, 14]
Run 8:
Best OCplx: 3.387729652508167
Best Sequence: [9, 20, 8, 19, 18, 7, 2, 10, 6, 17, 16, 1, 3, 4, 21, 15, 12, 5, 13, 11, 14]
Run 9:
Best OCplx: 2.5441691774124404
Best Sequence: [20, 17, 16, 21, 2, 19, 1, 18, 5, 9, 4, 8, 3, 7, 6, 10, 15, 14, 11, 12, 13]
Run 10:
Best OCplx: 2.9860900158305217
Best Sequence: [6, 20, 8, 5, 4, 17, 3, 16, 7, 21, 19, 2, 18, 9, 1, 10, 15, 11, 13, 14, 12]
Run 11:
Best OCplx: 2.2990191679939382
Best Sequence: [20, 17, 16, 4, 2, 6, 19, 21, 5, 3, 8, 18, 9, 10, 7, 1, 13, 14, 11, 12, 15]
Run 12:
Best OCplx: 2.71259615397301
Best Sequence: [17, 21, 2, 9, 7, 18, 4, 16, 20, 6, 3, 8, 10, 1, 19, 5, 13, 12, 11, 15, 14]
Run 13:
Best OCplx: 4.179540156867637
Best Sequence: [20, 16, 2, 5, 3, 1, 21, 8, 9, 7, 19, 4, 13, 18, 6, 14, 15, 11, 17, 10, 12]
Run 14:
Best OCplx: 2.4494985321337612
Best Sequence: [7, 16, 6, 2, 17, 20, 3, 21, 9, 18, 19, 1, 5, 8, 4, 10, 13, 15, 14, 11, 12]
Run 15:
Best OCplx: 3.2473894465449877
Best Sequence: [4, 7, 6, 17, 18, 3, 16, 2, 19, 20, 21, 9, 8, 10, 12, 13, 14, 15, 1, 5, 11]
Run 16:
Best OCplx: 2.5665105432303976
Best Sequence: [7, 17, 20, 4, 8, 1, 5, 2, 16, 21, 19, 18, 3, 9, 10, 6, 15, 11, 13, 12, 14]
Run 17:
Best OCplx: 2.5368087224391864
Best Sequence: [16, 21, 17, 7, 8, 9, 18, 19, 10, 6, 4, 2, 20, 1, 5, 3, 12, 11, 14, 13, 15]
Run 18:
Best OCplx: 3.3945539207279953
Best Sequence: [20, 3, 19, 6, 5, 1, 4, 17, 18, 2, 16, 7, 21, 8, 9, 12, 10, 13, 14, 15, 11]
Run 19:
Best OCplx: 3.339093390247623
Best Sequence: [7, 5, 18, 21, 8, 6, 9, 10, 20, 4, 1, 13, 12, 15, 16, 14, 3, 19, 11, 17, 2]
Run 20:
Best OCplx: 3.071600555482877
Best Sequence: [21, 3, 20, 9, 17, 18, 19, 2, 7, 8, 4, 10, 14, 1, 6, 5, 15, 13, 12, 11, 16]
Run 21:
Best OCplx: 2.9054224123422507
Best Sequence: [16, 20, 3, 6, 17, 2, 8, 1, 21, 7, 18, 4, 5, 19, 9, 11, 10, 13, 14, 12, 15]
Run 22:
Best OCplx: 3.002239437126485
Best Sequence: [8, 21, 16, 20, 19, 3, 9, 2, 5, 10, 18, 1, 6, 4, 7, 15, 11, 17, 14, 13, 12]
Run 23:
Best OCplx: 3.132366544002362
Best Sequence: [19, 8, 16, 5, 4, 17, 21, 9, 10, 14, 20, 7, 11, 18, 6, 12, 13, 15, 2, 1, 3]
Run 24:
Best OCplx: 2.6934800311010028
Best Sequence: [8, 19, 20, 2, 21, 6, 1, 3, 9, 16, 7, 17, 18, 5, 4, 10, 12, 15, 13, 11, 14]
Run 25:
Best OCplx: 2.5441691774124404
Best Sequence: [17, 4, 16, 20, 21, 5, 19, 1, 2, 6, 9, 3, 8, 18, 7, 10, 15, 11, 14, 12, 13]
Run 26:
Best OCplx: 2.7805993039772003
Best Sequence: [8, 16, 20, 18, 3, 4, 21, 19, 9, 10, 2, 6, 11, 17, 1, 7, 5, 13, 14, 15, 12]
Run 27:
Best OCplx: 2.8796637026530902
Best Sequence: [20, 21, 8, 4, 17, 5, 18, 9, 10, 15, 19, 11, 12, 1, 3, 16, 13, 6, 2, 7, 14]
Run 28:
Best OCplx: 2.5603185987084034
Best Sequence: [18, 7, 6, 20, 21, 16, 17, 2, 3, 5, 4, 1, 9, 19, 8, 10, 12, 13, 11, 14, 15]
Run 29:
Best OCplx: 3.158343262080061
Best Sequence: [2, 3, 20, 5, 17, 18, 4, 1, 7, 16, 8, 21, 19, 9, 15, 6, 10, 11, 13, 12, 14]
Run 30:
Best OCplx: 2.204348522715259
Best Sequence: [21, 16, 20, 8, 17, 7, 19, 2, 6, 1, 3, 9, 18, 5, 4, 10, 12, 13, 14, 11, 15]
