Run 1:
Best OCplx: 0.7713892158398701
Best Sequence: [12, 17, 13, 8, 22, 18, 16, 19, 6, 23, 21, 14, 7, 11, 4, 10, 15, 20, 9, 5, 1, 2, 3]
Run 2:
Best OCplx: 0.6428243465332251
Best Sequence: [8, 11, 16, 12, 1, 21, 6, 17, 19, 10, 23, 4, 18, 13, 7, 5, 14, 9, 15, 2, 20, 22, 3]
Run 3:
Best OCplx: 0.44997704257325755
Best Sequence: [11, 8, 17, 12, 22, 9, 4, 10, 16, 1, 14, 7, 5, 6, 20, 2, 13, 19, 18, 23, 3, 21, 15]
Run 4:
Best OCplx: 0.6428243465332251
Best Sequence: [21, 12, 13, 19, 22, 23, 11, 9, 4, 7, 1, 10, 18, 8, 16, 6, 20, 5, 14, 15, 2, 3, 17]
Run 5:
Best OCplx: 0.4178358252465963
Best Sequence: [1, 7, 20, 11, 10, 9, 16, 13, 12, 8, 22, 6, 14, 5, 21, 17, 19, 23, 4, 2, 18, 3, 15]
Run 6:
Best OCplx: 0.4178358252465963
Best Sequence: [1, 12, 6, 9, 7, 19, 21, 17, 16, 13, 11, 23, 20, 8, 10, 5, 14, 18, 4, 2, 3, 22, 15]
Run 7:
Best OCplx: 0.4178358252465963
Best Sequence: [21, 8, 6, 11, 7, 1, 19, 10, 5, 23, 22, 9, 12, 13, 16, 4, 18, 20, 14, 17, 2, 3, 15]
Run 8:
Best OCplx: 0.781820818925338
Best Sequence: [9, 13, 21, 18, 17, 19, 12, 16, 20, 8, 4, 22, 15, 10, 7, 14, 23, 5, 6, 1, 2, 3, 11]
Run 9:
Best OCplx: 0.6106831292065639
Best Sequence: [12, 8, 13, 11, 6, 23, 10, 7, 21, 1, 9, 19, 5, 17, 3, 16, 20, 4, 14, 15, 22, 2, 18]
Run 10:
Best OCplx: 0.44997704257325755
Best Sequence: [11, 22, 17, 1, 8, 12, 14, 13, 7, 23, 9, 4, 6, 21, 19, 20, 18, 10, 5, 16, 2, 3, 15]
Run 11:
Best OCplx: 0.9963777371264989
Best Sequence: [9, 19, 8, 23, 12, 11, 1, 5, 10, 17, 6, 3, 22, 4, 16, 15, 21, 2, 20, 13, 7, 18, 14]
Run 12:
Best OCplx: 0.8999540851465151
Best Sequence: [7, 9, 11, 22, 8, 5, 6, 21, 1, 20, 2, 17, 12, 3, 19, 4, 13, 18, 16, 23, 10, 15, 14]
Run 13:
Best OCplx: 0.4178358252465963
Best Sequence: [16, 21, 17, 7, 11, 18, 23, 20, 1, 9, 19, 8, 12, 10, 4, 22, 14, 5, 6, 2, 3, 13, 15]
Run 14:
Best OCplx: 0.8782444709053217
Best Sequence: [13, 12, 10, 22, 8, 17, 5, 16, 1, 7, 14, 23, 18, 6, 21, 9, 2, 3, 20, 15, 11, 19, 4]
Run 15:
Best OCplx: 0.6749655638598863
Best Sequence: [11, 22, 23, 10, 5, 18, 12, 20, 8, 7, 6, 19, 21, 16, 17, 9, 13, 14, 1, 4, 15, 2, 3]
Run 16:
Best OCplx: 0.5785419118799024
Best Sequence: [21, 13, 7, 23, 1, 16, 6, 18, 11, 19, 22, 10, 12, 17, 5, 9, 4, 2, 8, 15, 3, 20, 14]
Run 17:
Best OCplx: 0.5785419118799026
Best Sequence: [8, 1, 7, 6, 12, 9, 13, 11, 17, 22, 18, 10, 16, 4, 20, 21, 19, 15, 14, 23, 5, 2, 3]
Run 18:
Best OCplx: 0.4821182598999188
Best Sequence: [6, 21, 13, 19, 11, 8, 22, 18, 9, 12, 14, 10, 20, 16, 17, 5, 4, 7, 23, 1, 2, 3, 15]
Run 19:
Best OCplx: 0.6428243465332251
Best Sequence: [11, 7, 12, 22, 9, 21, 16, 13, 17, 20, 23, 8, 6, 1, 3, 14, 19, 10, 5, 15, 4, 18, 2]
Run 20:
Best OCplx: 0.6749655638598863
Best Sequence: [1, 9, 12, 5, 22, 4, 11, 13, 21, 17, 14, 8, 16, 6, 18, 2, 3, 23, 10, 19, 7, 15, 20]
Run 21:
Best OCplx: 0.6749655638598863
Best Sequence: [23, 8, 12, 11, 16, 10, 22, 18, 5, 7, 20, 21, 1, 9, 13, 19, 4, 14, 15, 6, 17, 2, 3]
Run 22:
Best OCplx: 0.4178358252465963
Best Sequence: [17, 16, 20, 7, 23, 12, 11, 13, 22, 1, 18, 9, 8, 10, 21, 14, 6, 4, 19, 5, 2, 3, 15]
Run 23:
Best OCplx: 0.38569460791993504
Best Sequence: [9, 12, 18, 21, 22, 7, 19, 16, 6, 13, 8, 1, 11, 17, 10, 5, 14, 20, 23, 4, 2, 3, 15]
Run 24:
Best OCplx: 0.48211825989991874
Best Sequence: [22, 19, 16, 21, 1, 8, 11, 12, 9, 10, 5, 4, 13, 6, 18, 17, 23, 7, 14, 20, 15, 2, 3]
Run 25:
Best OCplx: 0.4821182598999188
Best Sequence: [20, 22, 11, 21, 9, 10, 1, 17, 12, 23, 5, 8, 16, 18, 19, 14, 6, 4, 13, 2, 3, 7, 15]
Run 26:
Best OCplx: 0.48211825989991874
Best Sequence: [11, 10, 5, 8, 22, 21, 9, 16, 18, 12, 4, 1, 6, 14, 7, 17, 23, 19, 20, 13, 15, 2, 3]
Run 27:
Best OCplx: 0.5785419118799026
Best Sequence: [16, 17, 12, 9, 8, 22, 19, 11, 21, 13, 10, 18, 7, 5, 23, 6, 14, 4, 1, 2, 20, 15, 3]
Run 28:
Best OCplx: 0.38569460791993504
Best Sequence: [21, 11, 17, 12, 16, 22, 6, 1, 20, 8, 7, 19, 23, 10, 13, 5, 18, 9, 4, 14, 2, 3, 15]
Run 29:
Best OCplx: 0.3535533905932738
Best Sequence: [9, 23, 21, 17, 22, 8, 1, 16, 11, 7, 18, 10, 14, 19, 12, 5, 13, 20, 4, 6, 2, 3, 15]
Run 30:
Best OCplx: 0.8782444709053217
Best Sequence: [22, 10, 12, 21, 4, 11, 16, 18, 5, 19, 17, 8, 9, 14, 6, 7, 13, 1, 3, 15, 23, 20, 2]
