Run 1:
Best OCplx: 2.7582490710886782
Best Sequence: [14, 3, 9, 8, 5, 12, 4, 6, 23, 15, 11, 16, 1, 10, 7, 22, 21, 17, 19, 20, 24, 2, 18, 25, 13]
Run 2:
Best OCplx: 2.6857696619008355
Best Sequence: [3, 16, 12, 23, 7, 2, 5, 25, 19, 10, 17, 6, 8, 4, 9, 14, 1, 15, 20, 11, 21, 22, 13, 24, 18]
Run 3:
Best OCplx: 2.631852624836767
Best Sequence: [9, 14, 12, 3, 4, 16, 22, 8, 23, 2, 5, 6, 17, 25, 15, 7, 19, 1, 20, 11, 10, 24, 21, 13, 18]
Run 4:
Best OCplx: 2.7912998567751677
Best Sequence: [12, 16, 20, 21, 3, 17, 11, 7, 5, 9, 10, 2, 6, 4, 1, 15, 14, 25, 22, 23, 19, 18, 24, 13, 8]
Run 5:
Best OCplx: 2.7657332605031875
Best Sequence: [4, 9, 5, 16, 14, 11, 12, 3, 6, 8, 23, 15, 7, 17, 10, 19, 20, 21, 18, 2, 24, 25, 1, 13, 22]
Run 6:
Best OCplx: 2.856375587444811
Best Sequence: [3, 5, 11, 8, 23, 4, 15, 6, 12, 9, 14, 16, 7, 10, 22, 1, 17, 24, 19, 21, 20, 2, 25, 13, 18]
Run 7:
Best OCplx: 2.9078527813494164
Best Sequence: [16, 2, 20, 1, 11, 15, 6, 8, 9, 23, 3, 14, 5, 12, 4, 10, 25, 22, 17, 7, 19, 21, 24, 18, 13]
Run 8:
Best OCplx: 2.5278738636567817
Best Sequence: [12, 16, 5, 20, 2, 1, 4, 14, 15, 19, 23, 3, 8, 6, 11, 7, 13, 17, 22, 10, 21, 25, 24, 9, 18]
Run 9:
Best OCplx: 2.6967832119496635
Best Sequence: [15, 16, 2, 7, 19, 21, 20, 3, 17, 8, 12, 9, 5, 14, 6, 10, 23, 4, 22, 1, 11, 25, 24, 13, 18]
Run 10:
Best OCplx: 2.7860052717914887
Best Sequence: [16, 20, 8, 19, 2, 7, 1, 11, 6, 14, 5, 3, 12, 4, 15, 23, 21, 10, 22, 25, 9, 17, 13, 24, 18]
Run 11:
Best OCplx: 2.782180109157358
Best Sequence: [9, 8, 4, 5, 3, 6, 15, 23, 12, 14, 11, 16, 1, 17, 19, 22, 10, 7, 20, 21, 13, 18, 2, 25, 24]
Run 12:
Best OCplx: 2.699632390039734
Best Sequence: [4, 12, 16, 3, 2, 9, 23, 1, 8, 14, 25, 17, 19, 11, 15, 7, 5, 6, 10, 22, 13, 20, 21, 24, 18]
Run 13:
Best OCplx: 2.9493282031582044
Best Sequence: [9, 3, 16, 19, 22, 23, 17, 12, 1, 15, 8, 2, 5, 25, 6, 4, 21, 7, 14, 10, 24, 11, 13, 20, 18]
Run 14:
Best OCplx: 2.620810068654455
Best Sequence: [16, 17, 19, 7, 15, 1, 2, 12, 5, 3, 23, 22, 8, 9, 14, 11, 6, 10, 20, 25, 4, 13, 21, 24, 18]
Run 15:
Best OCplx: 2.7170569444101615
Best Sequence: [23, 14, 8, 15, 9, 12, 11, 4, 6, 5, 16, 3, 22, 19, 7, 1, 20, 21, 10, 2, 25, 17, 24, 13, 18]
Run 16:
Best OCplx: 2.703672290735472
Best Sequence: [23, 16, 2, 20, 3, 8, 1, 19, 4, 15, 14, 11, 12, 5, 7, 22, 9, 6, 17, 10, 24, 21, 25, 13, 18]
Run 17:
Best OCplx: 2.809275099888829
Best Sequence: [3, 12, 9, 15, 16, 8, 14, 10, 23, 7, 5, 17, 2, 1, 19, 21, 22, 18, 24, 25, 11, 6, 4, 20, 13]
Run 18:
Best OCplx: 2.787964894522989
Best Sequence: [16, 15, 2, 3, 5, 20, 12, 1, 14, 23, 6, 8, 11, 4, 21, 25, 17, 9, 22, 19, 7, 10, 13, 24, 18]
Run 19:
Best OCplx: 2.492914838197714
Best Sequence: [4, 9, 8, 5, 15, 16, 12, 1, 19, 22, 6, 21, 20, 3, 13, 11, 7, 2, 14, 23, 10, 24, 17, 25, 18]
Run 20:
Best OCplx: 2.8541414291678495
Best Sequence: [12, 15, 9, 6, 4, 23, 14, 3, 8, 11, 5, 16, 22, 10, 7, 1, 19, 20, 17, 2, 25, 21, 13, 24, 18]
Run 21:
Best OCplx: 2.9497621568378825
Best Sequence: [23, 3, 16, 19, 15, 2, 6, 4, 17, 1, 12, 7, 25, 20, 8, 9, 24, 11, 14, 22, 21, 10, 5, 13, 18]
Run 22:
Best OCplx: 3.0300184458102875
Best Sequence: [16, 9, 10, 8, 19, 20, 5, 17, 15, 3, 1, 23, 11, 7, 4, 14, 2, 22, 12, 24, 21, 6, 25, 13, 18]
Run 23:
Best OCplx: 2.7408015831602257
Best Sequence: [15, 12, 3, 16, 7, 9, 1, 4, 21, 2, 22, 8, 20, 19, 14, 24, 6, 5, 11, 17, 10, 13, 18, 23, 25]
Run 24:
Best OCplx: 2.994480358302422
Best Sequence: [5, 14, 12, 16, 4, 17, 8, 3, 19, 7, 20, 22, 15, 10, 2, 21, 11, 6, 1, 25, 13, 24, 23, 9, 18]
Run 25:
Best OCplx: 3.1301652101677613
Best Sequence: [5, 15, 16, 21, 9, 2, 3, 14, 7, 6, 4, 17, 11, 25, 12, 8, 19, 10, 23, 20, 22, 24, 1, 13, 18]
Run 26:
Best OCplx: 2.7218873955941203
Best Sequence: [16, 9, 2, 19, 6, 10, 1, 12, 8, 17, 11, 4, 7, 5, 3, 20, 15, 23, 22, 21, 14, 24, 25, 13, 18]
Run 27:
Best OCplx: 2.6936927080092707
Best Sequence: [3, 11, 8, 14, 4, 12, 6, 5, 23, 9, 15, 16, 19, 10, 22, 24, 7, 20, 18, 1, 17, 21, 13, 2, 25]
Run 28:
Best OCplx: 2.4203934523221986
Best Sequence: [4, 9, 16, 23, 19, 3, 12, 2, 1, 8, 20, 21, 14, 7, 6, 10, 13, 11, 5, 15, 17, 25, 24, 22, 18]
Run 29:
Best OCplx: 2.952569065615935
Best Sequence: [11, 4, 5, 12, 3, 8, 6, 23, 9, 15, 14, 16, 10, 17, 24, 7, 1, 22, 20, 2, 19, 21, 25, 13, 18]
Run 30:
Best OCplx: 2.815795580357783
Best Sequence: [4, 16, 12, 20, 19, 7, 5, 8, 21, 22, 14, 6, 3, 10, 9, 2, 1, 15, 13, 23, 11, 24, 25, 17, 18]
Learning Rate: 1e-05
Epsilon: 0.1
Gamma: 0.99
Reward Version: v2.1
if_EWM: False
