Run 1:
Best OCplx: 0.9251056052030797
Best Sequence: [5, 32, 33, 26, 3, 2, 7, 15, 25, 1, 11, 21, 30, 27, 39, 13, 16, 10, 20, 17, 19, 9, 6, 22, 4, 31, 35, 36, 28, 29, 23, 37, 8, 34, 38, 24, 14, 12, 18]
Run 2:
Best OCplx: 0.8194218461870734
Best Sequence: [15, 1, 18, 36, 20, 38, 11, 32, 25, 23, 13, 21, 19, 3, 27, 2, 8, 12, 10, 26, 17, 16, 7, 9, 30, 28, 31, 5, 39, 33, 14, 35, 37, 24, 34, 6, 29, 22, 4]
Run 3:
Best OCplx: 0.7148611852946343
Best Sequence: [11, 27, 28, 3, 10, 35, 21, 34, 31, 36, 7, 39, 32, 24, 22, 12, 13, 30, 1, 9, 15, 25, 2, 33, 14, 8, 18, 26, 6, 23, 17, 16, 19, 29, 37, 5, 4, 20, 38]
Run 4:
Best OCplx: 0.7805718318138941
Best Sequence: [36, 29, 30, 11, 26, 22, 15, 5, 3, 21, 10, 27, 28, 16, 24, 32, 20, 34, 19, 37, 33, 12, 1, 35, 18, 25, 31, 14, 17, 39, 7, 9, 13, 6, 8, 2, 4, 23, 38]
Run 5:
Best OCplx: 0.8330437332405143
Best Sequence: [1, 7, 16, 29, 27, 11, 3, 36, 34, 10, 33, 18, 37, 15, 22, 2, 9, 38, 24, 21, 20, 6, 8, 28, 31, 13, 32, 30, 19, 39, 14, 17, 23, 35, 25, 5, 26, 12, 4]
Run 6:
Best OCplx: 0.8424678822847548
Best Sequence: [23, 32, 24, 11, 36, 34, 1, 26, 30, 17, 39, 7, 5, 29, 13, 18, 20, 21, 27, 15, 16, 19, 31, 3, 12, 10, 2, 22, 9, 37, 25, 28, 33, 6, 14, 35, 4, 8, 38]
Run 7:
Best OCplx: 0.8820972199740625
Best Sequence: [31, 22, 24, 15, 39, 3, 16, 38, 10, 7, 23, 11, 20, 30, 28, 36, 17, 35, 21, 18, 26, 13, 29, 27, 19, 9, 34, 2, 25, 37, 8, 12, 14, 32, 1, 6, 4, 33, 5]
Run 8:
Best OCplx: 0.9643239545448817
Best Sequence: [16, 23, 26, 27, 21, 29, 36, 22, 3, 35, 30, 19, 20, 32, 39, 37, 8, 11, 24, 15, 10, 34, 38, 9, 5, 1, 14, 18, 31, 7, 25, 6, 17, 33, 12, 4, 13, 2, 28]
Run 9:
Best OCplx: 0.9164066053294282
Best Sequence: [39, 27, 26, 38, 36, 15, 11, 35, 1, 33, 14, 31, 21, 24, 10, 23, 22, 18, 9, 6, 28, 16, 30, 25, 12, 29, 32, 7, 5, 13, 2, 34, 37, 8, 3, 4, 19, 17, 20]
Run 10:
Best OCplx: 0.7187241955771088
Best Sequence: [1, 27, 17, 36, 11, 23, 5, 31, 16, 39, 10, 21, 33, 26, 2, 3, 24, 7, 28, 22, 29, 20, 8, 12, 15, 14, 18, 38, 34, 9, 37, 13, 30, 19, 32, 25, 35, 6, 4]
Run 11:
Best OCplx: 0.8279419970603294
Best Sequence: [17, 24, 18, 32, 3, 15, 11, 2, 19, 27, 36, 30, 10, 37, 1, 25, 16, 8, 34, 31, 21, 12, 28, 7, 9, 39, 6, 38, 35, 22, 5, 13, 20, 23, 26, 29, 33, 4, 14]
Run 12:
Best OCplx: 0.8392537605520883
Best Sequence: [36, 38, 21, 1, 5, 32, 22, 39, 8, 11, 16, 34, 23, 12, 14, 28, 20, 35, 24, 7, 29, 19, 2, 10, 18, 15, 30, 31, 3, 27, 37, 26, 17, 33, 9, 6, 13, 4, 25]
Run 13:
Best OCplx: 0.7818983390990417
Best Sequence: [15, 27, 11, 1, 10, 21, 38, 23, 34, 19, 7, 30, 26, 2, 17, 16, 13, 9, 33, 24, 18, 25, 8, 36, 22, 29, 14, 37, 20, 12, 6, 32, 4, 3, 5, 28, 35, 31, 39]
Run 14:
Best OCplx: 0.7982495013435579
Best Sequence: [2, 5, 15, 27, 36, 11, 7, 39, 24, 17, 26, 16, 10, 32, 23, 18, 21, 33, 3, 22, 31, 34, 30, 1, 9, 37, 6, 25, 20, 29, 14, 12, 19, 8, 13, 28, 35, 4, 38]
Run 15:
Best OCplx: 0.6994394651811119
Best Sequence: [32, 19, 21, 20, 5, 24, 15, 18, 36, 22, 7, 12, 23, 17, 13, 27, 11, 34, 10, 35, 2, 9, 31, 3, 29, 1, 14, 39, 6, 37, 26, 33, 25, 28, 30, 38, 4, 8, 16]
Run 16:
Best OCplx: 0.957348527110531
Best Sequence: [17, 29, 28, 11, 26, 10, 15, 20, 2, 32, 14, 7, 27, 19, 33, 35, 36, 5, 16, 21, 22, 13, 39, 18, 9, 23, 38, 6, 24, 25, 1, 37, 31, 8, 4, 3, 12, 30, 34]
Run 17:
Best OCplx: 0.9293656806397081
Best Sequence: [13, 26, 22, 35, 36, 34, 7, 28, 3, 27, 16, 8, 2, 21, 15, 30, 11, 32, 37, 24, 25, 14, 10, 5, 18, 23, 20, 1, 17, 9, 33, 39, 12, 31, 19, 6, 29, 38, 4]
Run 18:
Best OCplx: 0.9523091283577737
Best Sequence: [8, 1, 20, 27, 10, 22, 26, 11, 2, 18, 21, 9, 23, 3, 36, 5, 15, 13, 31, 38, 32, 34, 17, 19, 35, 28, 14, 24, 39, 6, 25, 16, 30, 12, 7, 33, 4, 37, 29]
Run 19:
Best OCplx: 0.8579773837857141
Best Sequence: [20, 3, 11, 34, 29, 15, 17, 18, 25, 36, 2, 7, 28, 19, 21, 27, 16, 37, 1, 10, 38, 13, 23, 31, 33, 26, 39, 35, 12, 5, 14, 32, 9, 6, 22, 24, 4, 30, 8]
Run 20:
Best OCplx: 0.8929643878764184
Best Sequence: [15, 22, 28, 38, 11, 25, 10, 18, 7, 34, 36, 21, 29, 33, 16, 24, 19, 32, 14, 3, 2, 27, 39, 9, 5, 8, 13, 26, 35, 6, 23, 12, 31, 17, 4, 37, 1, 20, 30]
Run 21:
Best OCplx: 0.8094989274078892
Best Sequence: [27, 15, 8, 3, 36, 14, 38, 23, 11, 21, 34, 20, 10, 1, 2, 28, 5, 31, 33, 7, 32, 13, 37, 35, 24, 9, 26, 18, 30, 25, 6, 4, 19, 29, 16, 22, 12, 17, 39]
Run 22:
Best OCplx: 0.8475072810375117
Best Sequence: [15, 11, 3, 8, 28, 2, 32, 27, 34, 23, 37, 24, 10, 39, 20, 36, 18, 9, 30, 21, 7, 38, 19, 29, 14, 1, 17, 25, 6, 5, 22, 26, 31, 13, 35, 4, 12, 16, 33]
Run 23:
Best OCplx: 0.7964242243234667
Best Sequence: [11, 20, 2, 33, 38, 18, 10, 21, 15, 28, 34, 27, 35, 30, 7, 24, 36, 29, 14, 16, 32, 9, 17, 6, 22, 39, 8, 13, 5, 37, 4, 25, 19, 3, 1, 26, 12, 31, 23]
Run 24:
Best OCplx: 0.9073114241004478
Best Sequence: [26, 3, 35, 19, 36, 28, 20, 21, 7, 2, 29, 24, 22, 15, 10, 27, 38, 39, 11, 23, 13, 33, 17, 32, 8, 14, 31, 12, 9, 18, 34, 37, 1, 16, 6, 5, 4, 30, 25]
Run 25:
Best OCplx: 0.8730020387450828
Best Sequence: [7, 36, 10, 31, 34, 17, 20, 30, 27, 2, 13, 28, 1, 23, 3, 15, 24, 16, 18, 39, 26, 11, 9, 29, 6, 37, 33, 25, 4, 21, 38, 35, 19, 14, 32, 12, 22, 8, 5]
Run 26:
Best OCplx: 0.6602071926459574
Best Sequence: [3, 24, 8, 32, 22, 13, 16, 2, 20, 27, 15, 19, 25, 36, 7, 1, 34, 23, 11, 10, 26, 21, 31, 30, 9, 18, 33, 12, 37, 28, 6, 17, 5, 35, 39, 29, 4, 38, 14]
Run 27:
Best OCplx: 0.6573892522686193
Best Sequence: [11, 24, 10, 36, 39, 15, 21, 13, 32, 29, 27, 7, 19, 17, 9, 16, 12, 3, 35, 26, 33, 31, 34, 2, 30, 20, 18, 6, 8, 4, 1, 23, 22, 25, 14, 5, 37, 28, 38]
Run 28:
Best OCplx: 0.8955008908737455
Best Sequence: [23, 20, 18, 24, 2, 36, 33, 7, 32, 19, 27, 15, 22, 3, 14, 16, 10, 39, 11, 28, 8, 25, 34, 21, 30, 37, 26, 17, 35, 29, 9, 12, 1, 38, 13, 6, 31, 5, 4]
Run 29:
Best OCplx: 0.8417024821619781
Best Sequence: [28, 20, 34, 36, 33, 18, 39, 17, 31, 11, 26, 15, 3, 10, 27, 16, 29, 25, 30, 22, 24, 21, 7, 35, 12, 9, 32, 2, 5, 38, 37, 1, 23, 6, 8, 4, 14, 19, 13]
Run 30:
Best OCplx: 0.9023261994932315
Best Sequence: [1, 11, 27, 8, 10, 15, 26, 32, 36, 31, 7, 25, 22, 9, 3, 33, 35, 19, 13, 39, 6, 28, 24, 16, 21, 4, 30, 5, 37, 20, 17, 34, 2, 29, 14, 18, 23, 38, 12]
Learning Rate: 0.0008
Epsilon: 0.15
Gamma: 0.99
Target Update: 100
Memory Capacity: 20000
Batch Size: 128
if_EWM: False

