Run 1:
Best OCplx: 0.4602042063913772
Best Sequence: [11, 8, 10, 12, 9, 19, 22, 17, 4, 18, 23, 16, 1, 15, 14, 20, 7, 6, 5, 21, 2, 13, 3]
Run 2:
Best OCplx: 0.21656668536064808
Best Sequence: [18, 12, 11, 9, 10, 22, 21, 4, 17, 8, 20, 1, 5, 2, 7, 23, 13, 6, 16, 19, 3, 15, 14]
Run 3:
Best OCplx: 0.4487954910310764
Best Sequence: [22, 12, 8, 7, 17, 21, 9, 10, 6, 16, 11, 1, 13, 4, 5, 2, 19, 23, 3, 20, 18, 14, 15]
Run 4:
Best OCplx: 0.35192086371105313
Best Sequence: [16, 12, 11, 7, 1, 8, 13, 22, 10, 5, 9, 18, 15, 21, 17, 23, 20, 4, 2, 19, 6, 3, 14]
Run 5:
Best OCplx: 0.2707083567008101
Best Sequence: [1, 21, 18, 13, 17, 11, 9, 12, 19, 8, 20, 4, 10, 23, 16, 5, 7, 2, 14, 6, 22, 3, 15]
Run 6:
Best OCplx: 0.4790909010086377
Best Sequence: [22, 19, 1, 9, 12, 16, 11, 18, 21, 6, 13, 8, 10, 14, 17, 20, 15, 5, 7, 4, 2, 23, 3]
Run 7:
Best OCplx: 0.35192086371105313
Best Sequence: [11, 10, 22, 8, 12, 23, 14, 9, 16, 6, 13, 5, 4, 1, 7, 2, 21, 18, 17, 20, 19, 3, 15]
Run 8:
Best OCplx: 0.48727504206145816
Best Sequence: [9, 22, 11, 16, 12, 23, 21, 17, 7, 19, 18, 20, 10, 8, 15, 5, 6, 14, 4, 1, 13, 2, 3]
Run 9:
Best OCplx: 0.34373672265823263
Best Sequence: [13, 1, 12, 11, 19, 16, 6, 22, 20, 7, 21, 9, 10, 4, 17, 5, 2, 23, 18, 8, 3, 14, 15]
Run 10:
Best OCplx: 0.37899169938113414
Best Sequence: [1, 22, 9, 11, 21, 13, 23, 10, 5, 17, 12, 16, 19, 8, 18, 20, 6, 7, 15, 4, 2, 3, 14]
Run 11:
Best OCplx: 0.2165666853606481
Best Sequence: [22, 12, 16, 7, 18, 19, 8, 11, 10, 21, 13, 17, 23, 5, 1, 9, 6, 14, 4, 2, 3, 20, 15]
Run 12:
Best OCplx: 0.42494922966847565
Best Sequence: [19, 18, 1, 9, 6, 17, 13, 8, 11, 12, 7, 16, 22, 10, 21, 5, 4, 23, 14, 2, 3, 20, 15]
Run 13:
Best OCplx: 0.3248500280409721
Best Sequence: [22, 23, 12, 21, 7, 13, 8, 9, 1, 11, 6, 18, 14, 17, 4, 10, 5, 16, 2, 3, 15, 19, 20]
Run 14:
Best OCplx: 0.2977791923708911
Best Sequence: [11, 10, 8, 17, 16, 21, 9, 22, 5, 6, 18, 12, 7, 13, 19, 1, 4, 14, 2, 3, 23, 15, 20]
Run 15:
Best OCplx: 0.2895950513180706
Best Sequence: [9, 17, 22, 19, 12, 16, 7, 4, 1, 11, 10, 5, 2, 13, 6, 8, 23, 3, 14, 21, 15, 18, 20]
Run 16:
Best OCplx: 0.2895950513180706
Best Sequence: [1, 9, 11, 6, 22, 17, 13, 8, 10, 16, 5, 21, 12, 7, 4, 23, 18, 19, 2, 3, 14, 20, 15]
Run 17:
Best OCplx: 0.2707083567008101
Best Sequence: [17, 23, 16, 11, 9, 7, 22, 12, 21, 18, 19, 10, 4, 13, 1, 8, 6, 5, 20, 14, 2, 3, 15]
Run 18:
Best OCplx: 0.4872750420614582
Best Sequence: [21, 9, 7, 12, 13, 17, 22, 16, 11, 18, 8, 6, 10, 1, 23, 5, 14, 4, 3, 20, 15, 19, 2]
Run 19:
Best OCplx: 0.43313337072129615
Best Sequence: [17, 21, 11, 19, 7, 8, 12, 13, 9, 16, 4, 5, 18, 1, 2, 10, 6, 23, 20, 3, 22, 15, 14]
Run 20:
Best OCplx: 0.2977791923708911
Best Sequence: [11, 10, 22, 16, 12, 17, 8, 1, 18, 21, 20, 6, 9, 5, 19, 23, 7, 4, 2, 3, 13, 15, 14]
Run 21:
Best OCplx: 0.4487954910310764
Best Sequence: [1, 21, 10, 17, 12, 16, 23, 7, 9, 5, 4, 11, 22, 20, 13, 8, 18, 14, 6, 2, 3, 15, 19]
Run 22:
Best OCplx: 0.46020420639137716
Best Sequence: [7, 1, 22, 17, 11, 12, 16, 10, 18, 23, 8, 21, 9, 6, 4, 13, 15, 5, 19, 20, 14, 2, 3]
Run 23:
Best OCplx: 0.4520200653385567
Best Sequence: [6, 7, 9, 19, 16, 12, 1, 11, 8, 17, 10, 5, 22, 23, 21, 13, 4, 2, 15, 3, 18, 20, 14]
Run 24:
Best OCplx: 0.2625242156479896
Best Sequence: [19, 21, 11, 12, 17, 22, 10, 5, 9, 4, 23, 16, 1, 6, 18, 13, 7, 20, 8, 2, 14, 3, 15]
Run 25:
Best OCplx: 0.34373672265823263
Best Sequence: [21, 12, 17, 1, 22, 19, 16, 6, 8, 9, 11, 14, 10, 18, 5, 13, 23, 4, 2, 20, 3, 7, 15]
Run 26:
Best OCplx: 0.4790909010086377
Best Sequence: [22, 11, 6, 8, 19, 21, 10, 16, 13, 12, 18, 7, 17, 5, 9, 23, 14, 1, 4, 20, 15, 2, 3]
Run 27:
Best OCplx: 0.2707083567008101
Best Sequence: [21, 11, 18, 7, 22, 1, 9, 8, 17, 10, 19, 5, 16, 12, 6, 13, 4, 20, 14, 2, 23, 3, 15]
Run 28:
Best OCplx: 0.2707083567008101
Best Sequence: [11, 9, 21, 1, 7, 12, 19, 10, 17, 4, 13, 16, 18, 8, 5, 6, 22, 20, 23, 14, 2, 3, 15]
Run 29:
Best OCplx: 0.2165666853606481
Best Sequence: [11, 7, 21, 16, 10, 12, 9, 19, 8, 1, 5, 22, 13, 18, 17, 4, 20, 14, 6, 23, 2, 3, 15]
Run 30:
Best OCplx: 0.3978783939983947
Best Sequence: [11, 7, 6, 22, 21, 16, 1, 12, 8, 17, 5, 19, 13, 18, 20, 9, 4, 2, 23, 3, 14, 10, 15]
Actor Learning Rate: 1e-05
Critic Learning Rate: 0.0001
Hidden Dimension: 256
Gamma: 0.99
Lambda: 0.9
Epsilon: 0.2
if_EWM: True

