Run 1:
Best OCplx: 0.7369466610170998
Best Sequence: [11, 10, 3, 17, 36, 39, 21, 24, 20, 35, 15, 12, 31, 13, 38, 1, 33, 26, 27, 34, 19, 18, 9, 8, 37, 23, 16, 30, 7, 6, 14, 5, 29, 22, 2, 32, 25, 28, 4]
Run 2:
Best OCplx: 0.8485624771074732
Best Sequence: [11, 19, 17, 8, 27, 32, 21, 26, 1, 7, 22, 2, 30, 36, 10, 16, 3, 14, 20, 25, 28, 9, 18, 6, 34, 29, 4, 38, 15, 23, 33, 31, 12, 5, 13, 39, 35, 24, 37]
Run 3:
Best OCplx: 0.9001132750264216
Best Sequence: [21, 22, 36, 19, 16, 28, 24, 14, 18, 15, 27, 31, 11, 2, 34, 38, 8, 17, 35, 10, 12, 7, 9, 33, 32, 6, 37, 3, 20, 23, 13, 39, 29, 4, 5, 30, 25, 1, 26]
Run 4:
Best OCplx: 1.0002197856582473
Best Sequence: [27, 34, 11, 2, 10, 30, 29, 31, 1, 21, 16, 35, 32, 36, 12, 18, 8, 15, 38, 17, 7, 22, 13, 19, 5, 23, 25, 9, 6, 37, 14, 3, 33, 24, 20, 26, 28, 39, 4]
Run 5:
Best OCplx: 0.8053270502962642
Best Sequence: [3, 18, 27, 11, 13, 20, 1, 17, 22, 10, 24, 25, 15, 23, 39, 14, 9, 28, 6, 21, 8, 4, 35, 29, 30, 36, 16, 26, 31, 33, 12, 5, 38, 7, 2, 32, 19, 34, 37]
Run 6:
Best OCplx: 0.9132129823840935
Best Sequence: [16, 11, 23, 22, 3, 19, 25, 7, 24, 10, 20, 15, 9, 38, 33, 26, 21, 18, 27, 35, 17, 34, 29, 32, 37, 6, 1, 30, 2, 4, 8, 28, 31, 14, 13, 39, 5, 12, 36]
Run 7:
Best OCplx: 1.0046892546262847
Best Sequence: [8, 26, 33, 20, 11, 17, 10, 28, 18, 23, 27, 14, 36, 34, 29, 7, 5, 9, 38, 31, 3, 21, 15, 37, 25, 32, 12, 6, 39, 4, 24, 35, 22, 2, 19, 16, 13, 1, 30]
Run 8:
Best OCplx: 1.0862679970956115
Best Sequence: [7, 37, 26, 18, 20, 30, 11, 14, 16, 24, 27, 21, 36, 10, 19, 13, 5, 9, 17, 22, 39, 35, 6, 34, 33, 12, 29, 38, 2, 3, 4, 25, 8, 32, 15, 28, 1, 31, 23]
