Run 1:
Best OCplx: 0.7622304263552954
Best Sequence: [30, 36, 7, 39, 22, 21, 11, 32, 26, 17, 28, 23, 2, 13, 16, 38, 1, 3, 15, 34, 12, 20, 18, 25, 29, 19, 24, 14, 10, 27, 31, 37, 9, 6, 5, 33, 4, 35, 8]
Run 2:
Best OCplx: 0.7157617192407821
Best Sequence: [21, 23, 24, 17, 20, 7, 2, 36, 32, 11, 39, 1, 19, 30, 28, 35, 34, 22, 13, 16, 38, 15, 3, 18, 14, 5, 12, 31, 25, 29, 33, 8, 26, 27, 37, 10, 9, 6, 4]
Run 3:
Best OCplx: 0.7060406235312906
Best Sequence: [23, 7, 16, 34, 26, 21, 11, 22, 19, 20, 32, 3, 1, 36, 13, 38, 28, 15, 2, 30, 24, 17, 12, 18, 31, 25, 14, 35, 39, 29, 8, 27, 10, 37, 9, 6, 4, 5, 33]
Run 4:
Best OCplx: 0.6649664676454711
Best Sequence: [36, 16, 39, 3, 23, 17, 24, 1, 26, 21, 15, 22, 30, 28, 35, 34, 32, 2, 7, 13, 19, 20, 18, 12, 25, 29, 38, 14, 33, 27, 8, 11, 10, 31, 9, 37, 6, 4, 5]
Run 5:
Best OCplx: 0.7054818891464726
Best Sequence: [20, 2, 16, 22, 13, 29, 17, 38, 39, 21, 26, 3, 19, 11, 30, 14, 36, 15, 23, 7, 1, 24, 28, 18, 32, 34, 25, 27, 35, 37, 12, 10, 9, 31, 6, 4, 5, 33, 8]
Run 6:
Best OCplx: 0.73349649471237
Best Sequence: [39, 3, 20, 17, 36, 2, 28, 38, 21, 34, 22, 11, 30, 13, 7, 24, 19, 15, 14, 16, 18, 29, 26, 5, 35, 25, 12, 23, 33, 1, 32, 31, 27, 37, 8, 10, 9, 6, 4]
Run 7:
Best OCplx: 0.6431152014070354
Best Sequence: [22, 36, 34, 21, 23, 17, 13, 2, 39, 20, 3, 24, 19, 30, 29, 32, 28, 11, 7, 31, 12, 38, 16, 1, 15, 18, 14, 25, 5, 27, 26, 8, 37, 10, 9, 6, 4, 35, 33]
Run 8:
Best OCplx: 0.679472084430754
Best Sequence: [20, 2, 39, 11, 16, 17, 36, 22, 1, 24, 19, 28, 23, 34, 7, 15, 30, 32, 3, 14, 21, 13, 29, 12, 33, 31, 38, 25, 8, 26, 27, 37, 10, 9, 6, 4, 5, 35, 18]
Run 9:
Best OCplx: 0.5944785100666377
Best Sequence: [21, 24, 23, 13, 17, 16, 3, 19, 20, 15, 36, 14, 11, 38, 29, 10, 22, 2, 28, 35, 18, 25, 30, 26, 39, 31, 34, 12, 8, 33, 1, 32, 7, 37, 27, 9, 6, 5, 4]
Run 10:
Best OCplx: 0.6871571664971259
Best Sequence: [20, 7, 34, 16, 17, 3, 36, 22, 24, 11, 23, 1, 39, 21, 26, 13, 30, 15, 35, 28, 2, 12, 14, 32, 18, 38, 29, 33, 5, 19, 25, 8, 27, 10, 31, 37, 9, 6, 4]
Run 11:
Best OCplx: 0.6980269437691942
Best Sequence: [36, 1, 26, 22, 34, 21, 11, 17, 2, 30, 32, 24, 33, 38, 19, 23, 13, 28, 20, 18, 12, 39, 3, 15, 29, 25, 35, 16, 7, 14, 31, 27, 8, 37, 10, 9, 6, 4, 5]
Run 12:
Best OCplx: 0.6671385734883548
Best Sequence: [16, 2, 38, 1, 20, 13, 23, 36, 22, 30, 39, 17, 7, 11, 32, 35, 34, 28, 15, 21, 3, 24, 18, 14, 8, 25, 26, 12, 19, 29, 33, 27, 37, 10, 9, 6, 4, 31, 5]
Run 13:
Best OCplx: 0.73349649471237
Best Sequence: [17, 36, 16, 11, 38, 33, 3, 30, 21, 7, 13, 24, 35, 39, 1, 22, 19, 23, 32, 28, 20, 15, 2, 26, 18, 29, 34, 12, 14, 8, 25, 5, 31, 27, 37, 10, 9, 6, 4]
Run 14:
Best OCplx: 0.6945944446694342
Best Sequence: [3, 23, 36, 26, 39, 22, 28, 20, 1, 7, 13, 21, 32, 38, 2, 30, 24, 16, 17, 35, 29, 15, 18, 12, 19, 33, 31, 25, 14, 11, 34, 8, 27, 37, 10, 9, 6, 4, 5]
Run 15:
Best OCplx: 0.6831523874245774
Best Sequence: [16, 22, 36, 38, 28, 24, 34, 1, 17, 39, 26, 23, 8, 29, 7, 30, 21, 12, 3, 2, 20, 11, 13, 15, 32, 14, 18, 19, 25, 10, 31, 35, 33, 37, 5, 27, 9, 6, 4]
Run 16:
Best OCplx: 0.6923147487492506
Best Sequence: [23, 38, 20, 22, 19, 30, 2, 1, 17, 3, 39, 24, 7, 34, 21, 15, 12, 11, 18, 28, 33, 25, 26, 36, 14, 10, 32, 16, 29, 27, 9, 37, 6, 31, 13, 35, 8, 5, 4]
Run 17:
Best OCplx: 0.7512312701839581
Best Sequence: [22, 24, 21, 7, 11, 3, 1, 28, 2, 16, 39, 20, 38, 23, 26, 13, 17, 36, 29, 32, 15, 8, 19, 30, 5, 33, 35, 31, 18, 25, 14, 12, 34, 27, 37, 10, 9, 6, 4]
Run 18:
Best OCplx: 0.6734448373030564
Best Sequence: [7, 30, 17, 24, 38, 1, 36, 34, 16, 39, 23, 2, 20, 21, 3, 19, 11, 29, 32, 31, 28, 12, 22, 14, 27, 18, 15, 37, 25, 10, 33, 9, 6, 4, 8, 5, 26, 35, 13]
Run 19:
Best OCplx: 0.6762873892250577
Best Sequence: [11, 16, 2, 21, 13, 36, 30, 1, 29, 38, 23, 39, 22, 28, 20, 15, 24, 19, 35, 7, 18, 3, 14, 25, 17, 32, 26, 34, 10, 12, 8, 31, 5, 27, 33, 37, 9, 6, 4]
Run 20:
Best OCplx: 0.6785847523502112
Best Sequence: [17, 28, 30, 2, 16, 3, 21, 1, 38, 20, 36, 24, 22, 13, 19, 11, 34, 32, 15, 7, 23, 39, 5, 29, 26, 18, 14, 8, 35, 12, 25, 27, 10, 9, 37, 33, 6, 4, 31]
Run 21:
Best OCplx: 0.73349649471237
Best Sequence: [3, 17, 1, 39, 23, 7, 20, 21, 2, 36, 30, 13, 16, 29, 34, 31, 28, 24, 35, 11, 22, 32, 26, 15, 38, 12, 14, 33, 18, 19, 25, 8, 27, 37, 5, 10, 9, 6, 4]
Run 22:
Best OCplx: 0.6945944446694343
Best Sequence: [23, 24, 20, 2, 17, 11, 38, 19, 15, 8, 7, 13, 14, 36, 39, 35, 16, 18, 32, 21, 25, 26, 3, 29, 30, 12, 28, 34, 1, 31, 33, 22, 27, 37, 10, 9, 6, 4, 5]
Run 23:
Best OCplx: 0.73349649471237
Best Sequence: [36, 30, 29, 24, 34, 11, 20, 32, 8, 17, 28, 3, 22, 2, 38, 16, 15, 18, 23, 26, 19, 21, 14, 1, 39, 31, 13, 5, 7, 12, 35, 25, 33, 27, 37, 10, 9, 6, 4]
Run 24:
Best OCplx: 0.7066170251210787
Best Sequence: [1, 24, 38, 39, 11, 3, 17, 20, 18, 36, 16, 22, 21, 13, 23, 35, 19, 29, 34, 32, 7, 28, 15, 26, 14, 30, 12, 27, 25, 10, 5, 2, 9, 6, 4, 37, 8, 31, 33]
Run 25:
Best OCplx: 0.6501054568888248
Best Sequence: [36, 13, 16, 17, 7, 11, 38, 34, 3, 2, 14, 28, 39, 15, 23, 24, 22, 19, 26, 30, 32, 18, 1, 20, 25, 21, 12, 29, 27, 10, 9, 6, 4, 8, 5, 31, 33, 37, 35]
Run 26:
Best OCplx: 0.73349649471237
Best Sequence: [22, 21, 39, 7, 13, 36, 3, 17, 24, 11, 20, 26, 16, 28, 23, 12, 19, 29, 31, 34, 30, 32, 1, 15, 18, 25, 14, 2, 5, 35, 38, 33, 8, 27, 37, 10, 9, 6, 4]
Run 27:
Best OCplx: 0.6448267389714297
Best Sequence: [23, 17, 38, 24, 28, 39, 1, 20, 3, 21, 22, 13, 36, 11, 12, 2, 7, 30, 19, 26, 34, 5, 18, 15, 10, 25, 31, 33, 27, 9, 6, 4, 14, 32, 29, 16, 8, 37, 35]
Run 28:
Best OCplx: 0.715761719240782
Best Sequence: [38, 23, 22, 24, 36, 32, 11, 34, 29, 16, 3, 7, 20, 17, 15, 28, 39, 14, 19, 21, 2, 33, 12, 1, 30, 13, 31, 18, 25, 35, 26, 8, 27, 37, 5, 10, 9, 6, 4]
Run 29:
Best OCplx: 0.7157617192407821
Best Sequence: [39, 3, 22, 23, 11, 21, 2, 16, 36, 12, 20, 17, 1, 35, 30, 32, 15, 38, 13, 14, 24, 34, 8, 7, 18, 19, 25, 26, 33, 28, 29, 31, 5, 27, 37, 10, 9, 6, 4]
Run 30:
Best OCplx: 0.6614263784684113
Best Sequence: [39, 1, 23, 26, 16, 3, 24, 7, 2, 17, 30, 28, 21, 19, 38, 11, 34, 20, 13, 22, 36, 18, 32, 29, 15, 12, 25, 37, 27, 10, 9, 6, 4, 33, 5, 35, 31, 14, 8]
