Run 1:
Best OCplx: 6.462738363088117
Best Sequence: [9, 19, 18, 5, 33, 14, 42, 34, 20, 38, 22, 36, 11, 12, 15, 10, 43, 31, 13, 8, 39, 44, 17, 16, 1, 37, 7, 41, 28, 4, 6, 32, 25, 29, 21, 40, 2, 35, 26, 27, 30, 45, 3, 24, 23]
Run 2:
Best OCplx: 6.503908211775079
Best Sequence: [18, 17, 22, 43, 20, 25, 10, 42, 44, 15, 31, 1, 36, 41, 9, 13, 39, 5, 7, 11, 12, 8, 37, 19, 16, 38, 28, 6, 14, 32, 33, 40, 21, 34, 29, 4, 2, 26, 30, 35, 27, 3, 24, 23, 45]
Run 3:
Best OCplx: 6.09181127827048
Best Sequence: [25, 14, 17, 20, 8, 18, 39, 37, 11, 15, 10, 1, 7, 28, 22, 13, 43, 16, 33, 9, 5, 12, 31, 36, 44, 38, 19, 42, 41, 6, 32, 40, 4, 29, 34, 2, 21, 27, 26, 35, 30, 3, 45, 24, 23]
Run 4:
Best OCplx: 6.066403098749885
Best Sequence: [20, 1, 37, 38, 31, 43, 9, 11, 10, 15, 36, 16, 14, 12, 18, 17, 39, 28, 13, 42, 8, 33, 22, 25, 7, 44, 5, 19, 41, 32, 21, 29, 34, 4, 40, 26, 6, 2, 35, 27, 30, 3, 45, 24, 23]
Run 5:
Best OCplx: 6.411839672297151
Best Sequence: [20, 39, 18, 13, 42, 31, 1, 12, 5, 44, 38, 9, 25, 15, 16, 14, 8, 10, 22, 36, 17, 43, 37, 11, 28, 33, 32, 7, 41, 19, 34, 21, 4, 40, 29, 6, 2, 35, 30, 27, 26, 45, 3, 24, 23]
Run 6:
Best OCplx: 6.931197309244617
Best Sequence: [16, 18, 28, 17, 20, 44, 37, 42, 7, 15, 12, 11, 1, 13, 8, 36, 31, 14, 39, 5, 9, 25, 19, 33, 22, 10, 38, 29, 43, 32, 4, 6, 34, 41, 21, 40, 2, 30, 27, 45, 35, 26, 3, 24, 23]
Run 7:
Best OCplx: 6.2543883187852956
Best Sequence: [7, 13, 20, 18, 15, 10, 12, 43, 38, 16, 5, 17, 4, 42, 8, 11, 31, 14, 33, 25, 39, 36, 9, 22, 37, 28, 19, 1, 44, 29, 34, 6, 32, 41, 40, 2, 27, 21, 26, 35, 30, 3, 45, 23, 24]
Run 8:
Best OCplx: 6.444090803445924
Best Sequence: [10, 8, 20, 7, 9, 18, 44, 19, 16, 31, 1, 12, 22, 17, 21, 43, 28, 5, 15, 36, 13, 33, 25, 14, 11, 37, 39, 42, 38, 41, 34, 32, 4, 29, 40, 2, 27, 6, 26, 30, 3, 35, 45, 24, 23]
Run 9:
Best OCplx: 6.529136015594231
Best Sequence: [19, 20, 5, 18, 10, 1, 22, 36, 13, 25, 8, 7, 31, 15, 11, 17, 28, 37, 38, 14, 42, 9, 12, 43, 33, 34, 32, 44, 39, 16, 41, 29, 6, 4, 40, 21, 2, 26, 30, 27, 35, 45, 24, 3, 23]
Run 10:
Best OCplx: 6.586043195242634
Best Sequence: [36, 12, 18, 17, 31, 15, 20, 28, 43, 8, 42, 13, 10, 1, 37, 14, 11, 22, 9, 5, 33, 7, 16, 39, 25, 38, 44, 19, 32, 41, 6, 26, 29, 34, 21, 4, 2, 40, 27, 35, 30, 24, 45, 3, 23]
Run 11:
Best OCplx: 6.729972676115258
Best Sequence: [18, 15, 11, 31, 8, 14, 36, 25, 20, 12, 10, 22, 28, 7, 33, 39, 43, 19, 1, 38, 13, 41, 16, 37, 5, 17, 42, 9, 44, 32, 29, 21, 27, 34, 40, 6, 4, 2, 26, 35, 30, 45, 3, 23, 24]
Run 12:
Best OCplx: 6.141356086615207
Best Sequence: [22, 9, 18, 20, 38, 17, 33, 10, 43, 37, 14, 42, 5, 39, 13, 11, 15, 31, 44, 1, 12, 36, 19, 25, 28, 34, 8, 16, 6, 29, 41, 40, 32, 7, 21, 4, 2, 27, 35, 26, 30, 3, 45, 24, 23]
Run 13:
Best OCplx: 6.526536833448425
Best Sequence: [9, 10, 20, 18, 39, 19, 13, 16, 36, 28, 14, 25, 44, 15, 42, 11, 31, 8, 17, 1, 22, 5, 43, 12, 7, 41, 6, 37, 38, 33, 32, 29, 4, 26, 34, 21, 40, 35, 2, 30, 27, 3, 45, 24, 23]
Run 14:
Best OCplx: 6.946075587005951
Best Sequence: [38, 42, 31, 36, 7, 15, 18, 17, 5, 9, 13, 8, 43, 10, 1, 20, 39, 25, 28, 37, 44, 14, 32, 16, 19, 12, 33, 11, 41, 22, 29, 34, 40, 4, 6, 2, 21, 27, 35, 26, 30, 24, 45, 3, 23]
Run 15:
Best OCplx: 6.37259546137595
Best Sequence: [19, 36, 8, 42, 12, 14, 13, 15, 9, 44, 11, 22, 18, 43, 17, 20, 16, 38, 10, 31, 41, 1, 25, 39, 5, 37, 33, 32, 28, 7, 29, 6, 4, 34, 40, 21, 2, 35, 27, 26, 30, 3, 23, 24, 45]
Run 16:
Best OCplx: 6.571659746727433
Best Sequence: [10, 22, 8, 13, 20, 18, 28, 36, 7, 31, 5, 39, 17, 12, 1, 15, 14, 11, 42, 44, 37, 16, 38, 19, 33, 43, 29, 32, 9, 25, 41, 6, 40, 21, 4, 2, 27, 34, 30, 26, 35, 45, 24, 3, 23]
Run 17:
Best OCplx: 6.729972676115256
Best Sequence: [42, 39, 20, 15, 18, 43, 10, 1, 8, 14, 19, 38, 16, 13, 44, 12, 22, 25, 17, 31, 36, 11, 7, 21, 33, 9, 41, 37, 28, 5, 32, 34, 29, 40, 4, 6, 2, 26, 35, 30, 27, 45, 24, 3, 23]
Run 18:
Best OCplx: 6.607634343349205
Best Sequence: [43, 10, 15, 5, 9, 22, 36, 16, 18, 11, 31, 20, 17, 42, 28, 1, 7, 13, 44, 12, 8, 14, 37, 19, 33, 38, 25, 32, 34, 39, 41, 40, 6, 29, 27, 4, 2, 21, 26, 35, 30, 45, 24, 3, 23]
Run 19:
Best OCplx: 6.270537371009439
Best Sequence: [14, 15, 20, 1, 7, 18, 5, 39, 43, 31, 28, 10, 13, 8, 12, 17, 42, 22, 4, 36, 32, 11, 25, 9, 38, 19, 16, 44, 29, 33, 41, 37, 34, 21, 40, 6, 2, 27, 35, 30, 26, 3, 45, 23, 24]
Run 20:
Best OCplx: 6.72515803564724
Best Sequence: [12, 18, 20, 37, 38, 17, 43, 31, 15, 11, 1, 19, 25, 13, 36, 5, 22, 16, 28, 9, 42, 10, 39, 14, 8, 44, 41, 32, 33, 7, 21, 29, 34, 6, 40, 4, 2, 30, 26, 27, 35, 45, 3, 24, 23]
Run 21:
Best OCplx: 6.500997983094325
Best Sequence: [5, 36, 11, 22, 15, 18, 1, 42, 20, 43, 17, 41, 14, 13, 16, 31, 10, 37, 9, 44, 19, 39, 38, 8, 25, 28, 12, 32, 33, 29, 6, 7, 34, 21, 4, 26, 40, 2, 35, 27, 30, 45, 3, 24, 23]
Run 22:
Best OCplx: 5.933317088847332
Best Sequence: [22, 20, 13, 18, 39, 15, 33, 17, 12, 38, 43, 28, 37, 10, 1, 16, 31, 8, 11, 14, 36, 25, 19, 9, 7, 42, 5, 41, 44, 34, 6, 32, 29, 21, 4, 2, 40, 26, 35, 27, 30, 3, 45, 23, 24]
Run 23:
Best OCplx: 6.2231520261087105
Best Sequence: [18, 17, 20, 12, 36, 31, 1, 15, 25, 9, 39, 13, 14, 43, 37, 44, 28, 11, 32, 10, 42, 5, 38, 19, 8, 22, 16, 7, 29, 33, 4, 41, 40, 21, 34, 6, 2, 26, 35, 27, 30, 45, 3, 24, 23]
Run 24:
Best OCplx: 6.46242731655317
Best Sequence: [5, 20, 33, 17, 36, 43, 18, 31, 22, 32, 19, 15, 34, 14, 11, 10, 7, 1, 8, 39, 13, 42, 25, 9, 41, 16, 12, 37, 28, 38, 6, 44, 29, 21, 4, 40, 2, 26, 35, 30, 27, 3, 45, 24, 23]
Run 25:
Best OCplx: 6.593589100932588
Best Sequence: [9, 20, 25, 7, 15, 33, 14, 42, 18, 8, 38, 1, 22, 13, 11, 41, 31, 37, 36, 10, 28, 39, 32, 12, 17, 16, 5, 19, 43, 6, 34, 29, 40, 4, 44, 21, 2, 26, 27, 30, 45, 35, 3, 24, 23]
Run 26:
Best OCplx: 6.420918423892161
Best Sequence: [18, 15, 20, 16, 11, 8, 43, 36, 13, 10, 42, 22, 39, 17, 31, 1, 33, 19, 28, 38, 44, 14, 25, 5, 9, 7, 41, 12, 37, 27, 32, 34, 40, 29, 4, 6, 21, 2, 35, 26, 30, 3, 45, 24, 23]
Run 27:
Best OCplx: 6.557434082150958
Best Sequence: [10, 39, 20, 22, 18, 13, 12, 28, 36, 15, 17, 1, 25, 9, 8, 31, 38, 43, 19, 16, 33, 42, 37, 5, 32, 44, 7, 11, 14, 41, 34, 4, 29, 2, 6, 40, 21, 26, 27, 35, 30, 45, 23, 3, 24]
Run 28:
Best OCplx: 6.0978197671279135
Best Sequence: [36, 10, 20, 9, 8, 17, 1, 18, 13, 15, 12, 22, 19, 31, 25, 39, 28, 37, 14, 42, 43, 7, 16, 38, 29, 33, 11, 41, 5, 6, 44, 32, 34, 40, 4, 35, 2, 21, 26, 27, 30, 23, 3, 45, 24]
Run 29:
Best OCplx: 5.9928234506415405
Best Sequence: [18, 15, 20, 10, 44, 25, 13, 7, 1, 12, 8, 38, 39, 33, 22, 9, 11, 19, 16, 42, 17, 36, 5, 37, 31, 28, 43, 14, 29, 32, 6, 21, 34, 4, 41, 40, 2, 26, 35, 27, 30, 3, 24, 23, 45]
Run 30:
Best OCplx: 6.646356022368485
Best Sequence: [20, 16, 18, 28, 38, 8, 42, 37, 33, 13, 36, 15, 17, 10, 9, 14, 31, 1, 5, 12, 25, 7, 43, 22, 11, 39, 19, 41, 32, 44, 6, 34, 26, 40, 21, 4, 29, 2, 30, 45, 27, 3, 35, 24, 23]
