Run 1:
Best OCplx: 0.34373672265823263
Best Sequence: [17, 6, 13, 9, 18, 22, 16, 19, 20, 11, 23, 1, 10, 8, 12, 4, 21, 5, 7, 2, 3, 15, 14]
Run 2:
Best OCplx: 0.18949584969056707
Best Sequence: [8, 17, 23, 12, 21, 11, 7, 19, 6, 16, 22, 9, 10, 5, 18, 20, 4, 13, 1, 2, 3, 15, 14]
Run 3:
Best OCplx: 0.1894958496905671
Best Sequence: [9, 13, 12, 11, 21, 1, 17, 8, 10, 22, 23, 19, 5, 18, 4, 20, 7, 6, 16, 14, 2, 3, 15]
Run 4:
Best OCplx: 0.2977791923708911
Best Sequence: [11, 22, 16, 23, 12, 13, 7, 21, 8, 17, 18, 10, 20, 5, 14, 6, 1, 19, 9, 4, 2, 3, 15]
Run 5:
Best OCplx: 0.1894958496905671
Best Sequence: [21, 8, 16, 9, 11, 13, 22, 10, 17, 12, 18, 6, 4, 5, 20, 23, 1, 19, 7, 2, 3, 14, 15]
Run 6:
Best OCplx: 0.35192086371105313
Best Sequence: [8, 1, 12, 16, 19, 22, 21, 17, 6, 23, 13, 9, 14, 18, 11, 7, 4, 20, 5, 2, 10, 3, 15]
Run 7:
Best OCplx: 0.2625242156479896
Best Sequence: [1, 22, 21, 11, 17, 13, 12, 6, 8, 9, 16, 23, 18, 10, 7, 14, 19, 4, 5, 20, 2, 3, 15]
Run 8:
Best OCplx: 0.2165666853606481
Best Sequence: [9, 13, 7, 21, 19, 8, 17, 16, 11, 6, 1, 23, 10, 22, 18, 14, 12, 4, 20, 5, 2, 3, 15]
Run 9:
Best OCplx: 0.3355525816054122
Best Sequence: [21, 8, 7, 22, 17, 11, 18, 12, 23, 16, 6, 13, 20, 4, 10, 1, 9, 5, 19, 2, 3, 14, 15]
Run 10:
Best OCplx: 0.2707083567008101
Best Sequence: [21, 17, 7, 23, 8, 11, 9, 18, 22, 13, 20, 16, 19, 12, 4, 1, 14, 10, 5, 6, 2, 3, 15]
Run 11:
Best OCplx: 0.3248500280409721
Best Sequence: [21, 17, 11, 10, 8, 7, 9, 20, 19, 12, 1, 13, 6, 4, 5, 23, 18, 16, 22, 14, 2, 3, 15]
Run 12:
Best OCplx: 0.35192086371105313
Best Sequence: [8, 17, 11, 6, 13, 19, 16, 12, 10, 5, 9, 1, 18, 20, 22, 21, 23, 7, 14, 4, 2, 3, 15]
Run 13:
Best OCplx: 0.34373672265823263
Best Sequence: [7, 19, 22, 21, 6, 11, 17, 12, 9, 8, 18, 10, 5, 14, 23, 20, 1, 4, 2, 13, 16, 3, 15]
Run 14:
Best OCplx: 0.3355525816054122
Best Sequence: [11, 21, 10, 22, 19, 1, 12, 16, 8, 13, 17, 23, 5, 7, 6, 4, 18, 20, 14, 9, 2, 3, 15]
Run 15:
Best OCplx: 0.37080755832831364
Best Sequence: [9, 1, 21, 6, 23, 17, 11, 10, 19, 22, 7, 8, 18, 13, 16, 20, 14, 5, 12, 4, 2, 3, 15]
Run 16:
Best OCplx: 0.2625242156479896
Best Sequence: [21, 17, 6, 12, 19, 22, 16, 23, 7, 13, 9, 18, 8, 11, 10, 5, 1, 20, 4, 2, 14, 3, 15]
Run 17:
Best OCplx: 0.1894958496905671
Best Sequence: [12, 13, 11, 19, 10, 1, 22, 8, 9, 21, 17, 20, 16, 5, 18, 23, 4, 6, 7, 2, 3, 15, 14]
Run 18:
Best OCplx: 0.18949584969056707
Best Sequence: [13, 17, 1, 11, 8, 7, 9, 22, 23, 6, 12, 18, 19, 16, 4, 21, 10, 20, 5, 2, 3, 15, 14]
Run 19:
Best OCplx: 0.2436375210307291
Best Sequence: [8, 6, 22, 11, 13, 12, 21, 17, 9, 7, 1, 16, 19, 14, 10, 5, 4, 2, 20, 3, 23, 15, 18]
Run 20:
Best OCplx: 0.2436375210307291
Best Sequence: [8, 7, 11, 21, 22, 6, 10, 16, 17, 14, 19, 18, 9, 20, 1, 13, 5, 12, 4, 23, 2, 3, 15]
Run 21:
Best OCplx: 0.2165666853606481
Best Sequence: [12, 11, 13, 16, 7, 8, 19, 10, 21, 1, 17, 22, 18, 23, 5, 9, 4, 14, 2, 6, 3, 15, 20]
Run 22:
Best OCplx: 0.2625242156479896
Best Sequence: [11, 9, 12, 7, 23, 22, 13, 6, 10, 5, 8, 21, 18, 4, 1, 17, 16, 19, 2, 20, 3, 15, 14]
Run 23:
Best OCplx: 0.2895950513180706
Best Sequence: [16, 19, 22, 11, 18, 7, 12, 9, 10, 5, 21, 6, 8, 14, 17, 4, 13, 1, 2, 3, 20, 23, 15]
Run 24:
Best OCplx: 0.1894958496905671
Best Sequence: [21, 11, 8, 6, 13, 10, 19, 22, 5, 9, 12, 16, 1, 17, 4, 18, 2, 20, 23, 3, 15, 14, 7]
Run 25:
Best OCplx: 0.37899169938113414
Best Sequence: [11, 19, 21, 16, 12, 22, 8, 1, 5, 7, 14, 18, 6, 9, 4, 17, 23, 10, 20, 2, 13, 3, 15]
Run 26:
Best OCplx: 0.2436375210307291
Best Sequence: [8, 21, 9, 1, 16, 22, 17, 19, 7, 12, 6, 23, 20, 18, 13, 11, 14, 4, 10, 5, 2, 3, 15]
Run 27:
Best OCplx: 0.3248500280409721
Best Sequence: [8, 22, 21, 12, 16, 13, 6, 9, 19, 18, 11, 23, 20, 4, 10, 7, 17, 5, 1, 2, 3, 14, 15]
Run 28:
Best OCplx: 0.37899169938113414
Best Sequence: [22, 8, 19, 6, 12, 21, 14, 20, 13, 11, 7, 1, 9, 4, 10, 17, 5, 23, 2, 18, 3, 16, 15]
Run 29:
Best OCplx: 0.2977791923708911
Best Sequence: [7, 19, 1, 21, 13, 8, 17, 11, 6, 10, 12, 23, 14, 9, 18, 22, 5, 16, 4, 20, 2, 3, 15]
Run 30:
Best OCplx: 0.2895950513180706
Best Sequence: [6, 1, 23, 8, 11, 16, 9, 22, 18, 10, 12, 13, 4, 5, 2, 21, 7, 19, 17, 20, 3, 14, 15]
