Run 1:
Best OCplx: 2.3312555119451805
Best Sequence: [55, 17, 58, 6, 49, 16, 22, 43, 53, 52, 38, 31, 30, 65, 34, 50, 44, 19, 35, 27, 54, 60, 37, 41, 14, 39, 45, 59, 56, 40, 21, 51, 25, 26, 57, 2, 24, 9, 13, 3, 5, 33, 36, 20, 10, 8, 46, 48, 28, 18, 23, 63, 47, 32, 11, 62, 7, 29, 64, 1, 4, 61, 42, 12, 15]
Run 2:
Best OCplx: 1.8114587250572038
Best Sequence: [59, 58, 30, 24, 14, 10, 62, 54, 34, 28, 5, 13, 22, 17, 56, 8, 60, 32, 51, 37, 12, 63, 31, 38, 65, 27, 55, 45, 40, 16, 26, 21, 57, 64, 43, 1, 15, 20, 35, 46, 49, 6, 9, 25, 48, 23, 7, 47, 29, 39, 11, 61, 18, 33, 50, 2, 36, 41, 52, 4, 19, 53, 3, 42, 44]
Run 3:
Best OCplx: 1.5997719213481614
Best Sequence: [65, 58, 50, 27, 57, 23, 6, 35, 22, 30, 17, 9, 19, 33, 48, 61, 28, 20, 39, 14, 25, 40, 21, 13, 56, 47, 4, 1, 31, 45, 38, 8, 34, 44, 43, 24, 5, 10, 63, 3, 49, 59, 37, 16, 11, 55, 32, 41, 46, 36, 53, 18, 12, 64, 29, 60, 52, 2, 62, 7, 15, 51, 54, 26, 42]
Run 4:
Best OCplx: 2.3188230738385345
Best Sequence: [2, 58, 20, 27, 55, 36, 56, 13, 44, 16, 54, 45, 40, 65, 60, 53, 15, 41, 14, 35, 43, 12, 11, 49, 29, 1, 30, 22, 8, 62, 47, 37, 48, 64, 33, 5, 32, 17, 18, 24, 50, 23, 42, 28, 52, 31, 7, 57, 63, 39, 4, 6, 34, 46, 51, 3, 21, 38, 19, 9, 61, 25, 59, 10, 26]
Run 5:
Best OCplx: 1.7552927816993193
Best Sequence: [64, 10, 31, 13, 27, 65, 58, 59, 14, 63, 28, 15, 50, 22, 25, 38, 42, 33, 8, 2, 4, 61, 26, 24, 36, 60, 57, 18, 53, 54, 16, 45, 30, 46, 29, 49, 23, 6, 1, 62, 19, 11, 39, 20, 3, 48, 17, 52, 7, 55, 44, 9, 12, 37, 34, 5, 32, 40, 51, 35, 21, 47, 41, 43, 56]
Run 6:
Best OCplx: 1.963368875787316
Best Sequence: [65, 2, 58, 57, 27, 51, 34, 12, 1, 61, 47, 6, 13, 62, 56, 14, 28, 36, 22, 48, 38, 64, 19, 45, 63, 18, 8, 55, 10, 31, 4, 59, 20, 40, 35, 30, 9, 29, 41, 37, 60, 5, 3, 25, 54, 26, 24, 33, 42, 32, 11, 17, 46, 43, 44, 23, 16, 52, 49, 21, 39, 7, 50, 15, 53]
Run 7:
Best OCplx: 2.056769144253818
Best Sequence: [58, 65, 38, 51, 4, 13, 12, 15, 40, 41, 8, 17, 52, 50, 2, 24, 60, 6, 59, 29, 22, 32, 14, 33, 11, 45, 23, 28, 18, 27, 64, 31, 43, 47, 21, 36, 3, 25, 34, 9, 20, 5, 46, 37, 19, 56, 54, 53, 63, 39, 7, 42, 55, 49, 26, 16, 57, 30, 10, 1, 61, 35, 62, 48, 44]
Run 8:
Best OCplx: 2.1179020730748466
Best Sequence: [65, 58, 21, 6, 10, 64, 38, 22, 55, 42, 24, 1, 11, 48, 3, 29, 2, 28, 59, 43, 54, 32, 46, 60, 63, 56, 15, 40, 62, 51, 50, 61, 17, 41, 34, 23, 12, 27, 30, 4, 19, 33, 57, 13, 14, 36, 39, 18, 16, 5, 35, 20, 49, 47, 8, 26, 7, 52, 9, 37, 31, 53, 44, 45, 25]
Run 9:
Best OCplx: 1.7134254565919678
Best Sequence: [14, 6, 65, 60, 58, 1, 17, 4, 35, 45, 3, 50, 40, 59, 61, 13, 8, 7, 27, 33, 16, 46, 42, 51, 36, 64, 11, 54, 22, 21, 39, 19, 25, 15, 20, 47, 53, 48, 24, 31, 18, 2, 63, 49, 34, 52, 57, 62, 44, 41, 30, 56, 12, 43, 9, 28, 23, 37, 29, 32, 10, 38, 5, 55, 26]
Run 10:
Best OCplx: 1.9588760910054641
Best Sequence: [65, 4, 40, 58, 16, 24, 61, 13, 47, 27, 35, 10, 14, 37, 2, 28, 22, 41, 20, 59, 62, 64, 53, 39, 5, 3, 42, 34, 33, 54, 23, 43, 11, 18, 7, 25, 17, 36, 6, 26, 8, 55, 57, 49, 1, 38, 51, 50, 12, 21, 32, 44, 60, 19, 29, 56, 31, 30, 48, 46, 15, 9, 63, 45, 52]
Run 11:
Best OCplx: 2.1227983714335292
Best Sequence: [65, 12, 27, 16, 3, 58, 45, 41, 57, 19, 61, 14, 4, 51, 8, 24, 44, 5, 6, 25, 42, 49, 56, 52, 46, 28, 21, 31, 13, 11, 38, 1, 20, 18, 23, 22, 10, 50, 34, 15, 55, 48, 29, 26, 7, 63, 62, 33, 43, 37, 54, 40, 32, 59, 39, 60, 53, 64, 17, 9, 47, 36, 2, 35, 30]
Run 12:
Best OCplx: 1.9261246895739415
Best Sequence: [58, 27, 23, 15, 30, 39, 65, 24, 1, 16, 35, 52, 33, 22, 2, 13, 40, 26, 62, 28, 29, 53, 8, 49, 18, 43, 32, 47, 60, 20, 9, 59, 45, 42, 21, 55, 56, 36, 48, 3, 51, 14, 63, 61, 34, 5, 38, 10, 41, 11, 17, 6, 19, 54, 57, 46, 50, 37, 64, 4, 7, 12, 25, 31, 44]
Run 13:
Best OCplx: 1.9251370265103143
Best Sequence: [13, 65, 58, 53, 23, 17, 59, 11, 14, 4, 51, 55, 8, 50, 54, 9, 57, 46, 62, 38, 52, 15, 1, 63, 47, 7, 43, 60, 18, 33, 32, 27, 26, 40, 19, 31, 21, 48, 24, 30, 25, 39, 3, 29, 22, 28, 61, 41, 10, 20, 16, 5, 64, 37, 56, 2, 42, 6, 44, 45, 49, 12, 34, 36, 35]
Run 14:
Best OCplx: 2.025232032052714
Best Sequence: [14, 26, 30, 65, 58, 13, 54, 25, 4, 47, 6, 17, 8, 24, 63, 31, 52, 56, 7, 27, 55, 11, 34, 51, 46, 53, 15, 23, 57, 22, 2, 19, 45, 37, 33, 12, 61, 48, 18, 3, 39, 35, 1, 64, 43, 36, 21, 41, 29, 32, 16, 60, 42, 9, 5, 28, 40, 10, 59, 20, 62, 50, 49, 44, 38]
Run 15:
Best OCplx: 2.106688865595319
Best Sequence: [17, 58, 65, 24, 60, 13, 10, 62, 22, 52, 20, 53, 35, 25, 29, 56, 42, 44, 50, 14, 3, 34, 41, 51, 61, 40, 37, 28, 45, 32, 64, 8, 48, 39, 7, 59, 47, 38, 12, 36, 18, 11, 23, 30, 5, 49, 2, 27, 16, 33, 31, 46, 15, 6, 26, 19, 54, 4, 21, 63, 55, 57, 43, 1, 9]
Run 16:
Best OCplx: 2.1050462257299336
Best Sequence: [58, 24, 13, 1, 61, 60, 3, 64, 12, 27, 26, 29, 46, 49, 53, 9, 40, 20, 63, 6, 28, 19, 15, 50, 42, 55, 22, 65, 47, 2, 45, 14, 48, 31, 5, 23, 35, 34, 39, 59, 32, 51, 11, 36, 56, 37, 38, 33, 17, 44, 10, 16, 41, 54, 8, 18, 4, 21, 62, 30, 43, 25, 57, 52, 7]
Run 17:
Best OCplx: 1.9819918030706196
Best Sequence: [13, 15, 58, 42, 61, 63, 35, 27, 34, 48, 2, 49, 6, 22, 8, 30, 50, 9, 31, 7, 45, 56, 40, 32, 11, 65, 20, 25, 59, 23, 17, 38, 47, 36, 18, 28, 64, 60, 53, 14, 43, 29, 24, 57, 1, 5, 37, 55, 21, 26, 44, 46, 54, 33, 52, 41, 10, 12, 3, 4, 51, 62, 39, 16, 19]
Run 18:
Best OCplx: 1.878347204358634
Best Sequence: [1, 15, 32, 40, 64, 65, 58, 9, 24, 47, 44, 61, 39, 31, 28, 27, 59, 52, 19, 30, 53, 10, 22, 33, 13, 51, 16, 29, 23, 8, 14, 42, 37, 48, 25, 60, 63, 46, 50, 38, 56, 21, 18, 17, 41, 2, 7, 57, 6, 35, 5, 20, 36, 55, 26, 12, 34, 11, 3, 43, 54, 49, 45, 62, 4]
Run 19:
Best OCplx: 1.9230011103757851
Best Sequence: [2, 58, 24, 25, 59, 61, 27, 22, 16, 20, 13, 32, 8, 17, 56, 34, 29, 6, 53, 65, 62, 28, 52, 47, 9, 7, 42, 37, 33, 14, 3, 48, 41, 4, 23, 46, 60, 51, 11, 19, 38, 12, 30, 5, 45, 36, 44, 15, 31, 26, 54, 39, 40, 35, 18, 50, 43, 64, 57, 21, 63, 1, 49, 55, 10]
Run 20:
Best OCplx: 2.0264574085260865
Best Sequence: [58, 53, 24, 20, 27, 25, 14, 19, 59, 57, 5, 35, 28, 60, 2, 50, 39, 42, 22, 38, 63, 6, 46, 51, 10, 4, 32, 56, 17, 29, 43, 49, 48, 30, 26, 41, 44, 55, 3, 62, 13, 31, 40, 64, 21, 23, 34, 65, 8, 33, 18, 47, 37, 61, 45, 15, 7, 36, 52, 54, 9, 16, 1, 11, 12]
Run 21:
Best OCplx: 2.149200535486276
Best Sequence: [59, 2, 13, 14, 3, 65, 58, 5, 40, 36, 54, 57, 15, 10, 12, 9, 38, 47, 34, 48, 8, 35, 49, 25, 43, 55, 28, 50, 23, 32, 42, 27, 1, 52, 51, 24, 62, 11, 53, 4, 20, 56, 26, 22, 44, 63, 64, 6, 16, 46, 41, 31, 60, 30, 18, 29, 39, 19, 37, 17, 7, 61, 21, 33, 45]
Run 22:
Best OCplx: 1.7639252732433064
Best Sequence: [14, 65, 19, 58, 15, 60, 3, 36, 16, 45, 4, 24, 30, 57, 18, 37, 43, 27, 33, 22, 64, 56, 61, 50, 2, 31, 53, 48, 52, 49, 12, 62, 1, 44, 59, 38, 29, 54, 13, 5, 51, 21, 55, 39, 46, 8, 10, 26, 63, 41, 34, 35, 11, 32, 25, 17, 28, 42, 7, 20, 40, 23, 47, 9, 6]
Run 23:
Best OCplx: 2.010521281177558
Best Sequence: [58, 64, 15, 61, 8, 59, 17, 1, 24, 2, 56, 30, 49, 7, 29, 35, 27, 62, 50, 65, 54, 14, 19, 22, 38, 32, 48, 43, 28, 39, 11, 55, 44, 21, 13, 18, 9, 34, 46, 57, 5, 63, 4, 41, 47, 23, 45, 52, 40, 42, 37, 10, 60, 12, 53, 26, 3, 16, 51, 36, 31, 25, 6, 33, 20]
Run 24:
Best OCplx: 2.085935231643811
Best Sequence: [9, 58, 27, 28, 24, 11, 20, 60, 40, 2, 22, 62, 13, 57, 14, 54, 19, 38, 51, 61, 26, 1, 39, 10, 37, 44, 65, 42, 30, 25, 32, 50, 15, 12, 53, 8, 7, 21, 47, 34, 52, 48, 36, 56, 35, 33, 64, 49, 23, 18, 29, 45, 43, 5, 17, 6, 16, 59, 4, 41, 3, 31, 55, 63, 46]
Run 25:
Best OCplx: 2.051864243814797
Best Sequence: [56, 8, 14, 24, 16, 63, 65, 58, 2, 19, 42, 10, 22, 29, 32, 21, 50, 7, 1, 36, 46, 62, 55, 54, 27, 39, 13, 20, 4, 45, 23, 37, 26, 64, 35, 57, 6, 18, 47, 17, 41, 11, 30, 28, 38, 52, 44, 59, 60, 51, 43, 15, 9, 31, 34, 61, 33, 5, 3, 53, 40, 12, 48, 25, 49]
Run 26:
Best OCplx: 1.9070136954878185
Best Sequence: [58, 51, 17, 24, 56, 48, 2, 14, 36, 62, 5, 49, 27, 44, 43, 22, 60, 33, 52, 20, 26, 53, 31, 28, 13, 16, 54, 8, 57, 3, 6, 40, 30, 55, 59, 25, 47, 4, 64, 35, 29, 7, 61, 41, 18, 32, 46, 19, 39, 10, 65, 42, 11, 45, 63, 34, 1, 21, 15, 37, 23, 12, 38, 9, 50]
Run 27:
Best OCplx: 1.759377692001658
Best Sequence: [65, 14, 58, 17, 22, 13, 1, 64, 6, 2, 63, 40, 59, 27, 3, 16, 11, 7, 50, 12, 34, 9, 35, 55, 47, 46, 15, 42, 62, 20, 32, 54, 4, 44, 10, 31, 60, 41, 21, 29, 23, 39, 30, 49, 36, 8, 28, 19, 43, 38, 26, 57, 24, 18, 45, 56, 61, 52, 25, 33, 48, 53, 51, 5, 37]
Run 28:
Best OCplx: 1.945278046474675
Best Sequence: [24, 58, 3, 23, 8, 27, 54, 59, 14, 65, 37, 1, 17, 53, 45, 62, 22, 43, 2, 32, 51, 36, 49, 61, 10, 44, 12, 13, 16, 60, 25, 52, 39, 26, 40, 41, 28, 64, 56, 19, 11, 31, 48, 21, 15, 9, 42, 5, 38, 30, 34, 6, 55, 4, 50, 7, 46, 57, 20, 33, 63, 18, 29, 47, 35]
Run 29:
Best OCplx: 1.9572322788832577
Best Sequence: [8, 65, 18, 16, 58, 35, 32, 22, 62, 53, 24, 27, 14, 29, 3, 60, 36, 48, 54, 10, 13, 4, 49, 56, 59, 46, 34, 11, 40, 5, 28, 52, 17, 64, 19, 39, 50, 31, 44, 7, 26, 41, 20, 43, 45, 30, 23, 51, 25, 55, 38, 33, 12, 63, 15, 37, 2, 42, 21, 61, 1, 6, 47, 57, 9]
Run 30:
Best OCplx: 2.190555963961434
Best Sequence: [58, 22, 1, 40, 12, 13, 39, 46, 36, 62, 18, 42, 56, 27, 8, 45, 17, 20, 28, 64, 49, 11, 52, 4, 9, 54, 37, 63, 61, 7, 24, 32, 14, 35, 2, 60, 19, 15, 6, 38, 57, 53, 23, 21, 16, 65, 3, 51, 25, 26, 5, 30, 44, 33, 55, 50, 47, 31, 48, 43, 41, 59, 10, 29, 34]
