UPDATE_GLOBAL_ITER: 15
GAMMA: 0.99
MAX_EP: 3000
thread_count: 3
RL: 8e-05
if_EWM: True

Run 1:
Best OCplx: 4.077876751174807
Best Sequence: [9, 15, 4, 64, 16, 17, 2, 24, 14, 13, 1, 6, 59, 10, 5, 12, 8, 11, 7, 3, 21, 18, 62, 65, 61, 19, 54, 34, 28, 45, 41, 40, 48, 36, 60, 57, 33, 52, 30, 51, 35, 58, 23, 27, 25, 22, 32, 49, 63, 50, 42, 37, 47, 55, 31, 56, 43, 26, 53, 20, 46, 39, 44, 38, 29]
Run 2:
Best OCplx: 3.420081642213445
Best Sequence: [3, 16, 4, 10, 1, 17, 59, 14, 64, 24, 9, 13, 6, 2, 5, 8, 12, 21, 15, 25, 7, 27, 26, 11, 44, 52, 23, 19, 65, 39, 28, 55, 18, 47, 54, 34, 42, 37, 58, 30, 22, 43, 35, 56, 48, 46, 63, 32, 49, 51, 45, 33, 57, 29, 50, 20, 61, 36, 60, 41, 31, 62, 38, 40, 53]
Run 3:
Best OCplx: 2.9300246715274283
Best Sequence: [1, 9, 13, 64, 10, 24, 2, 17, 59, 15, 3, 14, 6, 5, 4, 16, 7, 19, 8, 11, 23, 62, 12, 43, 27, 30, 63, 60, 65, 48, 53, 50, 61, 58, 29, 20, 39, 31, 34, 33, 18, 22, 40, 49, 51, 26, 38, 57, 47, 56, 37, 36, 45, 55, 25, 44, 54, 35, 46, 32, 52, 28, 21, 41, 42]
Run 4:
Best OCplx: 3.979568890768521
Best Sequence: [14, 15, 16, 10, 17, 4, 9, 24, 64, 3, 12, 2, 1, 6, 13, 8, 19, 11, 5, 21, 62, 18, 33, 65, 27, 52, 35, 7, 26, 44, 32, 56, 28, 41, 23, 38, 50, 20, 47, 45, 43, 58, 39, 22, 48, 57, 25, 40, 55, 54, 36, 37, 42, 60, 31, 53, 61, 51, 63, 34, 59, 49, 29, 30, 46]
Run 5:
Best OCplx: 2.561321209536114
Best Sequence: [4, 17, 24, 15, 10, 64, 14, 13, 3, 16, 59, 8, 11, 5, 12, 44, 9, 62, 7, 18, 27, 55, 65, 19, 21, 6, 53, 56, 46, 31, 58, 35, 33, 42, 50, 23, 51, 39, 60, 22, 20, 61, 37, 57, 54, 47, 48, 49, 32, 2, 26, 40, 30, 1, 41, 52, 45, 25, 34, 29, 43, 63, 28, 38, 36]
Run 6:
Best OCplx: 1.8813936601543186
Best Sequence: [14, 64, 13, 1, 16, 2, 3, 59, 15, 17, 6, 10, 4, 24, 8, 7, 21, 19, 5, 9, 11, 12, 18, 23, 62, 27, 25, 26, 65, 53, 44, 58, 22, 40, 43, 60, 55, 36, 46, 32, 50, 57, 28, 47, 31, 54, 30, 29, 49, 51, 39, 48, 38, 20, 34, 42, 52, 37, 41, 63, 45, 35, 56, 33, 61]
Run 7:
Best OCplx: 3.839899368663012
Best Sequence: [64, 24, 16, 10, 3, 59, 17, 4, 15, 14, 12, 27, 23, 2, 56, 1, 47, 65, 36, 52, 9, 62, 33, 48, 20, 8, 63, 55, 40, 35, 11, 50, 31, 26, 58, 22, 60, 25, 42, 44, 39, 41, 51, 5, 53, 18, 43, 57, 30, 32, 49, 13, 21, 19, 45, 7, 6, 46, 61, 37, 34, 54, 29, 28, 38]
Run 8:
Best OCplx: 2.563886854900577
Best Sequence: [9, 16, 10, 59, 2, 64, 1, 15, 3, 13, 17, 6, 12, 4, 14, 62, 36, 31, 35, 65, 44, 8, 58, 30, 22, 37, 32, 5, 23, 25, 20, 29, 11, 40, 18, 52, 7, 51, 27, 38, 56, 63, 50, 33, 42, 57, 41, 21, 24, 49, 55, 28, 48, 60, 34, 43, 19, 39, 53, 47, 46, 61, 45, 54, 26]
Run 9:
Best OCplx: 2.054565965821575
Best Sequence: [10, 1, 2, 3, 59, 9, 14, 15, 17, 16, 13, 4, 6, 12, 5, 8, 65, 58, 64, 11, 21, 22, 61, 43, 18, 54, 26, 37, 29, 35, 60, 44, 20, 57, 42, 28, 34, 7, 33, 49, 48, 45, 50, 19, 25, 51, 23, 47, 39, 55, 63, 36, 52, 56, 46, 38, 24, 31, 62, 40, 32, 53, 41, 30, 27]
Run 10:
Best OCplx: 4.072710220729067
Best Sequence: [17, 59, 10, 1, 13, 2, 15, 24, 3, 9, 4, 14, 8, 16, 12, 6, 42, 11, 60, 49, 44, 21, 35, 40, 7, 20, 19, 33, 56, 39, 41, 5, 38, 27, 65, 63, 37, 32, 31, 58, 22, 18, 30, 28, 57, 26, 48, 52, 50, 47, 54, 53, 51, 46, 25, 62, 45, 61, 43, 36, 34, 64, 23, 29, 55]
Run 11:
Best OCplx: 3.209338949529142
Best Sequence: [13, 10, 9, 15, 4, 64, 1, 16, 24, 6, 62, 17, 12, 8, 14, 59, 11, 5, 7, 27, 18, 19, 32, 61, 52, 57, 43, 65, 23, 54, 50, 48, 58, 45, 29, 34, 44, 28, 60, 36, 38, 40, 63, 21, 53, 31, 39, 20, 22, 26, 42, 37, 47, 41, 46, 35, 55, 56, 30, 2, 51, 49, 25, 3, 33]
Run 12:
Best OCplx: 2.861626528173356
Best Sequence: [3, 24, 10, 16, 64, 15, 9, 17, 59, 1, 14, 13, 6, 4, 12, 11, 21, 7, 8, 62, 18, 27, 50, 42, 5, 33, 31, 65, 40, 43, 32, 58, 19, 57, 52, 37, 26, 63, 22, 20, 36, 30, 49, 2, 23, 48, 25, 34, 35, 46, 54, 61, 39, 28, 55, 41, 51, 53, 44, 38, 29, 47, 45, 60, 56]
Run 13:
Best OCplx: 3.9393728354934385
Best Sequence: [3, 64, 2, 16, 10, 15, 14, 59, 4, 13, 17, 1, 9, 24, 6, 11, 12, 37, 62, 19, 50, 46, 53, 32, 21, 61, 34, 60, 55, 29, 33, 65, 20, 54, 30, 27, 58, 43, 63, 7, 8, 38, 22, 28, 44, 36, 57, 26, 47, 5, 31, 52, 40, 56, 39, 48, 42, 23, 18, 35, 45, 41, 49, 25, 51]
Run 14:
Best OCplx: 2.341544777545703
Best Sequence: [1, 16, 64, 9, 17, 15, 3, 2, 10, 19, 24, 14, 6, 39, 65, 32, 43, 12, 59, 48, 58, 31, 4, 13, 30, 62, 27, 8, 50, 35, 23, 7, 26, 47, 41, 21, 61, 34, 40, 28, 44, 53, 29, 22, 5, 42, 51, 33, 57, 11, 46, 36, 49, 37, 56, 38, 60, 52, 18, 45, 63, 54, 25, 20, 55]
Run 15:
Best OCplx: 3.684225331160642
Best Sequence: [4, 10, 1, 16, 59, 24, 15, 2, 17, 64, 9, 13, 8, 3, 12, 11, 21, 18, 7, 50, 23, 62, 44, 55, 49, 57, 65, 19, 27, 35, 52, 63, 53, 46, 61, 48, 45, 58, 14, 42, 5, 29, 22, 6, 60, 33, 28, 54, 38, 31, 51, 40, 34, 30, 20, 25, 39, 47, 32, 56, 43, 26, 37, 41, 36]
Run 16:
Best OCplx: 2.564611698733209
Best Sequence: [3, 64, 13, 24, 14, 15, 10, 1, 4, 2, 17, 59, 5, 6, 8, 12, 11, 16, 9, 7, 56, 18, 62, 23, 21, 27, 42, 25, 19, 65, 45, 49, 28, 58, 33, 40, 34, 48, 38, 53, 51, 22, 39, 41, 55, 63, 60, 43, 47, 29, 50, 32, 26, 44, 30, 37, 35, 57, 31, 54, 52, 46, 36, 61, 20]
Run 17:
Best OCplx: 3.8713259193718614
Best Sequence: [59, 15, 4, 6, 3, 16, 24, 14, 10, 1, 62, 2, 17, 9, 13, 21, 11, 8, 56, 52, 64, 7, 43, 65, 35, 38, 51, 40, 41, 53, 23, 31, 27, 18, 55, 58, 33, 20, 22, 57, 29, 26, 42, 37, 32, 36, 5, 54, 25, 45, 30, 63, 28, 34, 49, 44, 39, 60, 46, 61, 50, 48, 19, 47, 12]
Run 18:
Best OCplx: 3.163950338574601
Best Sequence: [17, 4, 2, 1, 3, 64, 14, 24, 9, 16, 15, 13, 8, 6, 5, 7, 59, 11, 12, 27, 30, 18, 51, 34, 20, 41, 60, 55, 33, 65, 57, 23, 49, 26, 58, 21, 10, 28, 22, 44, 48, 36, 37, 52, 63, 32, 47, 42, 38, 53, 29, 50, 19, 39, 61, 46, 45, 40, 31, 25, 56, 35, 62, 54, 43]
Run 19:
Best OCplx: 2.9437851246599807
Best Sequence: [15, 59, 3, 64, 13, 17, 24, 16, 4, 9, 2, 14, 6, 10, 8, 11, 62, 1, 18, 7, 12, 5, 53, 19, 38, 65, 39, 21, 30, 28, 32, 33, 50, 58, 22, 54, 63, 31, 60, 51, 45, 57, 43, 27, 55, 61, 41, 47, 25, 52, 46, 37, 26, 48, 36, 20, 42, 56, 23, 29, 44, 34, 49, 40, 35]
Run 20:
Best OCplx: 4.283832770612753
Best Sequence: [16, 6, 17, 10, 4, 15, 14, 24, 64, 1, 13, 21, 3, 12, 8, 19, 11, 62, 7, 60, 5, 18, 23, 2, 36, 49, 51, 31, 56, 63, 65, 42, 50, 46, 37, 27, 59, 20, 48, 33, 41, 43, 58, 29, 22, 57, 30, 34, 25, 52, 32, 55, 61, 38, 44, 26, 40, 47, 28, 54, 35, 39, 53, 9, 45]
Run 21:
Best OCplx: 3.031161043035368
Best Sequence: [2, 3, 14, 10, 59, 4, 1, 17, 15, 13, 9, 6, 19, 62, 64, 5, 27, 24, 12, 8, 43, 11, 36, 38, 63, 51, 42, 65, 25, 40, 35, 34, 61, 49, 58, 41, 28, 22, 55, 60, 46, 7, 37, 20, 47, 32, 53, 31, 16, 29, 39, 48, 26, 23, 56, 21, 44, 50, 52, 57, 33, 30, 45, 54, 18]
Run 22:
Best OCplx: 1.629160651576818
Best Sequence: [64, 4, 16, 2, 15, 13, 1, 10, 24, 59, 17, 14, 9, 6, 8, 12, 40, 11, 5, 7, 65, 58, 18, 35, 19, 23, 62, 51, 22, 29, 33, 41, 50, 39, 45, 27, 21, 42, 38, 48, 53, 52, 49, 54, 46, 63, 55, 30, 60, 28, 57, 36, 43, 47, 37, 61, 3, 44, 31, 32, 34, 20, 56, 25, 26]
Run 23:
Best OCplx: 1.9575909983642386
Best Sequence: [4, 15, 14, 13, 16, 10, 9, 17, 2, 12, 24, 6, 59, 8, 1, 5, 64, 11, 18, 62, 23, 7, 21, 65, 54, 58, 22, 37, 57, 29, 3, 60, 43, 47, 19, 34, 55, 52, 40, 56, 32, 61, 44, 50, 28, 51, 45, 30, 35, 48, 31, 41, 38, 33, 26, 46, 27, 20, 63, 25, 39, 42, 36, 49, 53]
Run 24:
Best OCplx: 3.7748093111113414
Best Sequence: [9, 64, 3, 14, 2, 1, 10, 24, 17, 16, 4, 13, 7, 6, 12, 55, 5, 21, 35, 62, 44, 65, 41, 47, 53, 36, 27, 61, 23, 38, 26, 42, 59, 30, 46, 58, 19, 45, 40, 48, 60, 51, 25, 22, 11, 56, 20, 34, 32, 33, 52, 39, 43, 8, 50, 28, 57, 31, 37, 54, 49, 63, 29, 18, 15]
Run 25:
Best OCplx: 2.5502847731602847
Best Sequence: [2, 1, 4, 17, 9, 10, 14, 59, 24, 6, 19, 3, 64, 13, 21, 12, 8, 7, 45, 41, 65, 58, 15, 30, 32, 26, 20, 29, 61, 62, 11, 54, 18, 50, 16, 22, 44, 42, 39, 31, 36, 40, 25, 28, 5, 56, 52, 60, 38, 23, 34, 48, 33, 63, 51, 57, 47, 49, 37, 46, 55, 35, 27, 53, 43]
Run 26:
Best OCplx: 3.182071064863933
Best Sequence: [13, 16, 2, 15, 17, 10, 4, 64, 9, 14, 1, 3, 24, 8, 6, 21, 7, 23, 38, 57, 25, 63, 27, 26, 61, 45, 11, 65, 42, 50, 20, 12, 30, 58, 48, 62, 22, 54, 40, 19, 35, 46, 59, 39, 44, 34, 5, 60, 31, 52, 37, 47, 53, 29, 49, 55, 51, 41, 36, 32, 28, 33, 43, 56, 18]
Run 27:
Best OCplx: 2.6093427281528316
Best Sequence: [4, 17, 16, 15, 24, 9, 2, 1, 3, 10, 59, 13, 64, 35, 57, 34, 14, 8, 27, 65, 12, 5, 38, 37, 32, 7, 48, 62, 58, 63, 40, 28, 19, 22, 33, 30, 50, 25, 60, 51, 23, 21, 44, 31, 20, 36, 26, 47, 29, 6, 42, 18, 52, 54, 39, 61, 53, 46, 41, 45, 55, 43, 56, 49, 11]
Run 28:
Best OCplx: 2.6083524603560444
Best Sequence: [3, 14, 4, 6, 2, 64, 10, 24, 59, 13, 48, 62, 32, 56, 19, 30, 37, 65, 15, 9, 5, 58, 17, 54, 22, 57, 23, 40, 60, 34, 42, 63, 26, 31, 41, 28, 39, 43, 38, 49, 21, 50, 12, 8, 27, 25, 47, 35, 45, 18, 20, 11, 51, 61, 29, 33, 16, 46, 7, 53, 36, 44, 52, 55, 1]
Run 29:
Best OCplx: 2.5784073450763763
Best Sequence: [15, 2, 14, 9, 1, 16, 4, 3, 13, 10, 24, 59, 64, 6, 17, 12, 8, 7, 21, 11, 65, 39, 19, 32, 60, 61, 53, 38, 58, 62, 29, 20, 42, 27, 35, 63, 37, 49, 30, 22, 26, 54, 45, 33, 51, 48, 41, 23, 43, 55, 56, 34, 28, 18, 47, 31, 36, 25, 52, 50, 44, 40, 5, 57, 46]
Run 30:
Best OCplx: 4.070017290173318
Best Sequence: [64, 3, 14, 9, 17, 15, 10, 59, 16, 24, 2, 62, 40, 65, 21, 20, 4, 45, 1, 46, 6, 7, 31, 19, 60, 5, 11, 53, 55, 27, 12, 57, 23, 13, 61, 34, 33, 32, 38, 58, 22, 39, 49, 63, 37, 35, 47, 44, 52, 54, 30, 28, 42, 8, 26, 41, 36, 43, 50, 29, 18, 56, 51, 48, 25]
