Run 1:
Best OCplx: 5.845331803288306
Best Sequence: [10, 42, 15, 8, 22, 13, 19, 14, 20, 5, 39, 11, 31, 16, 12, 7, 28, 6, 18, 21, 44, 25, 37, 33, 38, 9, 17, 32, 43, 34, 27, 41, 29, 40, 36, 4, 2, 26, 35, 30, 45, 1, 24, 3, 23]
Run 2:
Best OCplx: 6.969179659565926
Best Sequence: [10, 36, 1, 22, 37, 8, 13, 31, 15, 43, 16, 11, 32, 17, 12, 5, 38, 9, 14, 42, 20, 39, 28, 41, 6, 25, 19, 44, 29, 7, 18, 40, 33, 34, 21, 4, 2, 27, 26, 35, 30, 23, 24, 3, 45]
Run 3:
Best OCplx: 6.5173188717931545
Best Sequence: [36, 1, 31, 20, 10, 13, 15, 7, 37, 38, 9, 16, 43, 22, 17, 11, 32, 28, 39, 25, 19, 42, 14, 33, 8, 29, 6, 12, 21, 18, 5, 34, 41, 44, 27, 4, 40, 2, 35, 26, 30, 3, 24, 45, 23]
Run 4:
Best OCplx: 6.476629180425574
Best Sequence: [1, 13, 31, 15, 17, 42, 10, 22, 16, 14, 12, 43, 11, 20, 44, 9, 7, 6, 18, 38, 39, 5, 19, 33, 41, 37, 28, 25, 8, 32, 29, 40, 21, 36, 34, 26, 4, 35, 45, 30, 3, 2, 24, 27, 23]
Run 5:
Best OCplx: 7.4709626596049405
Best Sequence: [13, 36, 17, 10, 15, 25, 14, 1, 12, 20, 31, 11, 37, 43, 42, 7, 32, 33, 19, 28, 41, 39, 6, 44, 34, 16, 38, 9, 40, 5, 21, 26, 29, 22, 8, 4, 18, 2, 27, 35, 30, 45, 24, 3, 23]
Run 6:
Best OCplx: 7.542341311830845
Best Sequence: [36, 31, 42, 22, 16, 8, 11, 13, 12, 17, 10, 9, 20, 33, 1, 15, 19, 14, 37, 6, 38, 39, 43, 41, 28, 32, 7, 21, 40, 44, 29, 25, 34, 5, 18, 27, 4, 2, 35, 30, 26, 3, 24, 23, 45]
Run 7:
Best OCplx: 7.671482649548495
Best Sequence: [36, 1, 10, 31, 15, 9, 22, 17, 11, 20, 13, 38, 12, 8, 14, 19, 7, 43, 44, 37, 28, 33, 34, 5, 42, 25, 39, 6, 32, 29, 16, 21, 18, 2, 27, 41, 4, 35, 30, 45, 40, 23, 26, 3, 24]
Run 8:
Best OCplx: 6.580811423329162
Best Sequence: [10, 13, 31, 36, 1, 15, 11, 20, 37, 43, 12, 19, 9, 17, 16, 33, 25, 38, 14, 42, 22, 6, 8, 32, 44, 18, 39, 27, 21, 34, 5, 28, 29, 7, 41, 4, 40, 35, 2, 30, 45, 26, 3, 23, 24]
Run 9:
Best OCplx: 7.102406529215109
Best Sequence: [13, 15, 10, 31, 9, 36, 17, 11, 25, 32, 28, 20, 22, 42, 7, 43, 8, 12, 14, 39, 19, 38, 29, 6, 18, 5, 41, 37, 33, 16, 34, 40, 21, 26, 1, 44, 35, 4, 30, 2, 3, 23, 27, 24, 45]
Run 10:
Best OCplx: 6.91406493678029
Best Sequence: [15, 1, 13, 10, 36, 8, 31, 42, 17, 20, 37, 38, 14, 5, 12, 11, 39, 9, 19, 6, 44, 21, 32, 16, 33, 18, 22, 7, 43, 25, 29, 41, 28, 40, 34, 35, 4, 2, 26, 27, 30, 45, 3, 23, 24]
Run 11:
Best OCplx: 6.955543311123598
Best Sequence: [1, 31, 36, 15, 12, 13, 25, 17, 43, 42, 39, 37, 22, 11, 14, 20, 9, 8, 19, 16, 38, 10, 6, 5, 7, 18, 33, 28, 41, 44, 29, 21, 40, 4, 32, 2, 26, 30, 35, 34, 3, 23, 24, 45, 27]
Run 12:
Best OCplx: 6.680096398131238
Best Sequence: [13, 10, 1, 14, 12, 20, 31, 8, 22, 36, 43, 17, 16, 37, 15, 7, 32, 25, 11, 39, 18, 28, 44, 9, 33, 38, 34, 5, 29, 6, 19, 21, 42, 41, 40, 27, 26, 4, 2, 30, 35, 24, 23, 3, 45]
Run 13:
Best OCplx: 6.319899706788429
Best Sequence: [20, 10, 15, 5, 1, 37, 11, 31, 13, 39, 9, 36, 38, 7, 42, 14, 25, 17, 8, 44, 22, 12, 43, 32, 6, 28, 16, 19, 18, 41, 29, 21, 33, 34, 4, 2, 40, 27, 35, 26, 30, 3, 45, 23, 24]
Run 14:
Best OCplx: 7.150568148755552
Best Sequence: [36, 15, 17, 31, 13, 1, 20, 9, 37, 10, 11, 8, 16, 12, 19, 39, 44, 5, 22, 7, 38, 25, 43, 42, 28, 6, 14, 41, 29, 33, 34, 18, 40, 32, 27, 21, 4, 35, 2, 26, 30, 24, 23, 3, 45]
Run 15:
Best OCplx: 6.688470638126101
Best Sequence: [36, 10, 13, 31, 42, 15, 17, 20, 1, 25, 43, 44, 7, 19, 14, 39, 8, 41, 38, 12, 33, 16, 11, 9, 37, 6, 18, 34, 22, 40, 28, 2, 21, 32, 29, 5, 26, 27, 30, 4, 35, 24, 3, 45, 23]
Run 16:
Best OCplx: 7.11334623917552
Best Sequence: [10, 1, 31, 36, 13, 15, 42, 14, 20, 43, 11, 7, 16, 38, 32, 17, 9, 8, 44, 12, 6, 39, 28, 19, 21, 33, 37, 41, 25, 40, 22, 34, 29, 5, 18, 26, 4, 2, 27, 35, 30, 24, 45, 23, 3]
Run 17:
Best OCplx: 7.40362617932686
Best Sequence: [10, 13, 36, 15, 31, 5, 11, 42, 1, 9, 20, 43, 14, 7, 28, 33, 8, 16, 38, 17, 39, 25, 32, 6, 19, 21, 44, 37, 41, 22, 12, 29, 40, 18, 34, 4, 2, 26, 27, 30, 3, 45, 35, 23, 24]
Run 18:
Best OCplx: 6.723577954713902
Best Sequence: [15, 36, 10, 1, 20, 13, 42, 7, 12, 22, 16, 17, 31, 14, 37, 11, 32, 39, 19, 28, 5, 8, 25, 21, 38, 6, 9, 43, 44, 18, 33, 41, 40, 29, 34, 4, 26, 2, 35, 30, 45, 27, 23, 24, 3]
Run 19:
Best OCplx: 6.558448558670904
Best Sequence: [1, 31, 20, 15, 36, 37, 42, 13, 17, 10, 39, 38, 8, 19, 14, 16, 44, 9, 12, 6, 7, 18, 25, 11, 21, 43, 5, 34, 28, 4, 29, 27, 22, 32, 33, 41, 40, 35, 2, 26, 30, 23, 3, 45, 24]
Run 20:
Best OCplx: 6.29613340894675
Best Sequence: [31, 13, 36, 17, 9, 22, 32, 10, 42, 20, 7, 37, 38, 15, 25, 8, 43, 41, 11, 39, 14, 19, 12, 21, 6, 18, 1, 40, 28, 29, 5, 16, 44, 33, 34, 4, 2, 27, 26, 30, 35, 3, 23, 24, 45]
Run 21:
Best OCplx: 6.776225709720212
Best Sequence: [13, 1, 10, 42, 15, 36, 17, 20, 37, 19, 12, 7, 8, 31, 25, 44, 38, 43, 14, 39, 22, 9, 5, 11, 16, 33, 34, 32, 6, 28, 21, 29, 4, 18, 41, 2, 40, 26, 27, 35, 30, 24, 45, 23, 3]
Run 22:
Best OCplx: 6.994140765699047
Best Sequence: [1, 15, 13, 36, 17, 10, 11, 31, 16, 12, 25, 42, 5, 20, 44, 9, 39, 37, 22, 38, 8, 33, 19, 32, 14, 34, 6, 43, 41, 40, 21, 28, 7, 4, 29, 18, 2, 27, 26, 35, 30, 3, 24, 23, 45]
Run 23:
Best OCplx: 7.205220782375535
Best Sequence: [10, 13, 36, 31, 8, 1, 15, 25, 32, 20, 38, 42, 28, 11, 14, 7, 16, 12, 37, 19, 17, 39, 22, 33, 5, 29, 43, 44, 9, 41, 6, 40, 18, 34, 21, 27, 4, 2, 35, 30, 3, 26, 23, 45, 24]
Run 24:
Best OCplx: 7.060698484169212
Best Sequence: [10, 36, 1, 31, 9, 15, 42, 32, 14, 13, 19, 17, 8, 22, 43, 20, 25, 44, 11, 16, 33, 39, 38, 41, 37, 7, 6, 5, 34, 40, 12, 21, 4, 28, 18, 29, 2, 27, 26, 35, 30, 23, 45, 24, 3]
Run 25:
Best OCplx: 6.578463849656081
Best Sequence: [36, 31, 10, 13, 8, 20, 15, 42, 25, 12, 19, 11, 22, 9, 43, 14, 18, 33, 44, 41, 21, 28, 40, 38, 27, 6, 5, 39, 32, 17, 34, 7, 16, 37, 29, 4, 2, 35, 3, 1, 26, 30, 45, 24, 23]
Run 26:
Best OCplx: 6.539657913526148
Best Sequence: [36, 15, 20, 1, 13, 39, 37, 42, 11, 10, 22, 8, 16, 12, 14, 18, 19, 7, 44, 33, 25, 17, 28, 6, 34, 38, 9, 43, 29, 41, 40, 4, 5, 27, 31, 21, 26, 32, 2, 35, 30, 45, 3, 24, 23]
Run 27:
Best OCplx: 6.776225709720211
Best Sequence: [13, 25, 31, 15, 32, 1, 10, 20, 42, 14, 22, 8, 9, 43, 17, 5, 33, 19, 16, 28, 7, 36, 39, 29, 6, 11, 34, 44, 12, 38, 21, 18, 37, 26, 41, 40, 4, 2, 35, 30, 3, 45, 27, 24, 23]
Run 28:
Best OCplx: 7.426577382743688
Best Sequence: [31, 1, 15, 36, 11, 17, 10, 14, 42, 13, 25, 22, 8, 16, 20, 38, 29, 37, 43, 33, 12, 28, 44, 5, 39, 32, 9, 4, 34, 41, 40, 7, 6, 19, 21, 18, 2, 35, 26, 30, 45, 3, 27, 24, 23]
Run 29:
Best OCplx: 6.236409623572778
Best Sequence: [10, 36, 31, 1, 13, 11, 16, 15, 17, 9, 43, 25, 39, 37, 20, 42, 22, 32, 12, 6, 18, 7, 14, 8, 19, 44, 41, 33, 38, 21, 40, 28, 5, 29, 34, 4, 2, 35, 26, 27, 30, 23, 45, 24, 3]
Run 30:
Best OCplx: 8.062511116918131
Best Sequence: [20, 15, 13, 1, 10, 19, 37, 8, 31, 17, 39, 22, 11, 38, 7, 42, 9, 25, 36, 16, 28, 41, 5, 32, 33, 4, 12, 34, 44, 29, 40, 14, 6, 21, 2, 43, 18, 30, 45, 3, 26, 27, 35, 23, 24]
