总体测试桩复杂度OCplx为: 4.06577499516004
属性复杂度ACplx为: 86
方法复杂度MCplx为: 239
传递复杂度TCplx为: 72.01128198673817
总体测试桩数目为: 96


2025-03-18 16:40:58 INFO -   输出全部的测试桩列表
156-->625--(2,3,1.5)
156-->723--(1,13,10.298828125)
156-->128--(3,0,0.0)
156-->52--(2,7,1.5)
156-->161--(8,5,6.50048828125)
156-->50--(1,13,6.5)
156-->626--(1,1,1.0)
156-->51--(1,19,2.60302734375)
156-->160--(8,6,8.38671875)
156-->162--(0,3,0.015625)
156-->623--(0,1,2.0)
156-->49--(0,2,1.9073486328125E-6)
156-->155--(0,3,0.0)
156-->727--(0,4,3.0)
156-->127--(0,1,0.0)
156-->158--(0,1,0.5)
156-->157--(0,2,6.0)
156-->381--(0,0,0.5)
610-->608--(2,4,3.0)
610-->609--(1,1,0.0)
633-->615--(1,0,0.0)
633-->620--(1,2,0.0092926025390625)
633-->621--(1,3,0.0)
633-->632--(1,5,3.0587158203125)
633-->606--(0,10,0.057586669921875)
633-->155--(0,3,0.0)
633-->727--(0,1,0.0)
633-->60--(0,2,0.0242156982421875)
633-->723--(0,0,1.625)
633-->635--(0,0,0.8125)
161-->159--(3,3,0.8125)
161-->160--(3,1,0.5)
161-->50--(0,0,0.75)
50-->160--(3,1,0.0)
723-->626--(10,2,3.637978807091713E-12)
723-->727--(0,2,0.03125000000045475)
723-->104--(0,6,1.0913936638115573E-11)
723-->49--(0,0,4.3368086899420177E-19)
723-->622--(0,0,4.547473508864641E-13)
723-->83--(0,0,2.1684043449710089E-19)
723-->625--(0,0,1.3642420526593924E-12)
147-->134--(0,1,5.9604644775390625E-8)
147-->133--(0,1,5.9604644775390625E-8)
147-->132--(0,1,1.52587890625E-5)
147-->136--(0,1,1.52587890625E-5)
147-->135--(0,1,5.9604644775390625E-8)
147-->139--(0,1,2.9802322387695312E-8)
147-->140--(0,1,5.9604644775390625E-8)
147-->137--(0,1,1.52587890625E-5)
147-->138--(0,1,9.5367431640625E-7)
147-->143--(0,1,5.9604644775390625E-8)
147-->141--(0,1,5.9604644775390625E-8)
147-->142--(0,1,5.9604644775390625E-8)
121-->118--(0,1,0.0)
606-->679--(1,0,0.0)
606-->674--(1,0,0.0)
606-->634--(4,0,1.25)
606-->686--(1,0,0.0)
606-->671--(1,0,0.0)
606-->682--(1,0,0.0)
606-->635--(2,17,5.328125)
441-->437--(0,1,0.0)
49-->48--(0,1,1.0)
530-->529--(1,1,0.0)
530-->626--(0,1,0.007812507450580597)
530-->526--(0,1,0.03125)
530-->528--(0,0,0.0625)
634-->635--(2,0,0.0)
466-->465--(1,1,0.0)
466-->344--(0,1,0.064483642578125)
466-->350--(0,0,0.5)
466-->349--(0,0,0.25)
452-->453--(2,2,0.0)
625-->624--(1,1,0.0)
523-->522--(0,1,0.0)
512-->514--(2,0,0.0)
762-->761--(0,1,0.5078125)
430-->429--(0,2,4.57763671875E-5)
120-->116--(0,2,0.0)
479-->478--(1,2,0.0)
479-->469--(2,5,0.0)
479-->475--(1,14,1.0)
479-->472--(1,3,0.0)
479-->470--(0,4,0.0)
479-->467--(0,1,3.552713678800501E-15)
479-->474--(0,6,0.0)
499-->498--(0,2,0.0)
679-->667--(0,2,0.0)
453-->454--(2,2,0.5)
503-->501--(1,2,4.547473508864641E-13)
551-->549--(1,2,0.0)
667-->686--(1,0,0.0)
566-->565--(1,3,1.71661376953125E-5)
538-->537--(1,5,2.1316282072803006E-14)
514-->513--(1,8,4.991888999938965E-7)
153-->59--(0,2,0.5234375195577741)