
Learning Rate: 6e-05
Epsilon: 0.99
Gamma: 0.93
Memory Capacity: 20000
Batch Size: 64
if_EWM: False
seed: 41
Run 1:
Best OCplx: 1.0298035095541749
Best Sequence: [53, 44, 46, 59, 8, 34, 49, 60, 13, 28, 27, 58, 40, 9, 5, 61, 43, 47, 31, 15, 21, 25, 41, 54, 22, 6, 24, 36, 4, 48, 56, 16, 18, 45, 23, 14, 7, 29, 26, 55, 10, 39, 32, 11, 30, 17, 57, 19, 2, 42, 38, 35, 52, 1, 37, 20, 51, 12, 3, 50, 33]
Run 2:
Best OCplx: 1.924536121794071
Best Sequence: [59, 49, 17, 61, 10, 31, 40, 60, 44, 36, 13, 46, 8, 27, 58, 9, 43, 53, 39, 5, 34, 28, 15, 47, 22, 21, 19, 11, 30, 4, 16, 2, 56, 57, 41, 18, 29, 25, 26, 48, 6, 45, 24, 35, 1, 37, 54, 7, 23, 14, 55, 51, 32, 20, 42, 52, 12, 3, 38, 50, 33]
Run 3:
Best OCplx: 0.9687530781527389
Best Sequence: [31, 36, 17, 10, 15, 28, 61, 5, 13, 60, 44, 53, 49, 46, 8, 47, 34, 9, 27, 21, 18, 48, 2, 43, 58, 30, 40, 54, 24, 32, 6, 59, 16, 4, 39, 14, 26, 57, 56, 22, 20, 23, 7, 29, 25, 35, 19, 1, 55, 41, 42, 37, 11, 50, 45, 51, 38, 12, 33, 3, 52]
Run 4:
Best OCplx: 1.1444826677170035
Best Sequence: [5, 27, 44, 46, 28, 36, 31, 9, 15, 59, 17, 40, 13, 61, 8, 34, 58, 43, 39, 53, 41, 60, 47, 49, 21, 7, 25, 16, 23, 19, 57, 29, 6, 18, 48, 4, 54, 1, 10, 32, 35, 2, 56, 11, 37, 22, 20, 55, 30, 14, 24, 26, 45, 38, 51, 42, 52, 50, 3, 12, 33]
Run 5:
Best OCplx: 2.1153244173496164
Best Sequence: [46, 27, 34, 8, 49, 39, 44, 17, 10, 60, 47, 15, 13, 31, 61, 36, 59, 5, 19, 22, 21, 6, 29, 4, 56, 26, 2, 11, 23, 9, 1, 43, 45, 35, 40, 48, 7, 25, 37, 53, 18, 58, 32, 14, 55, 16, 20, 24, 30, 54, 38, 51, 57, 41, 28, 50, 12, 52, 33, 3, 42]
Run 6:
Best OCplx: 0.8273317219154293
Best Sequence: [40, 61, 15, 49, 28, 13, 36, 46, 44, 8, 34, 31, 43, 39, 59, 9, 58, 27, 53, 60, 47, 5, 17, 10, 22, 21, 54, 11, 6, 16, 48, 7, 29, 24, 26, 23, 4, 56, 14, 32, 30, 25, 18, 35, 20, 1, 41, 19, 55, 57, 42, 37, 2, 45, 51, 12, 3, 38, 50, 33, 52]
Run 7:
Best OCplx: 1.9146506857716155
Best Sequence: [47, 13, 59, 44, 27, 9, 8, 39, 60, 10, 61, 31, 15, 17, 5, 46, 28, 43, 58, 49, 36, 40, 34, 14, 21, 19, 53, 18, 56, 25, 7, 30, 29, 54, 41, 24, 22, 16, 23, 35, 37, 11, 26, 1, 48, 45, 2, 55, 32, 6, 57, 20, 4, 51, 42, 38, 52, 3, 12, 33, 50]
Run 8:
Best OCplx: 1.6284665807283139
Best Sequence: [8, 60, 28, 61, 36, 40, 5, 9, 27, 49, 13, 59, 39, 31, 44, 21, 30, 10, 23, 11, 54, 15, 14, 25, 34, 17, 16, 35, 46, 56, 18, 37, 43, 26, 4, 58, 29, 1, 6, 7, 53, 19, 45, 2, 47, 48, 24, 57, 22, 32, 55, 42, 41, 20, 12, 3, 50, 38, 51, 52, 33]
Run 9:
Best OCplx: 1.937866039651174
Best Sequence: [9, 46, 39, 8, 36, 43, 17, 34, 13, 61, 15, 47, 40, 58, 27, 59, 28, 31, 49, 10, 5, 53, 22, 44, 60, 37, 21, 41, 6, 14, 56, 11, 19, 18, 54, 48, 32, 20, 24, 4, 1, 45, 2, 25, 23, 57, 30, 16, 29, 55, 7, 26, 35, 3, 42, 51, 50, 38, 33, 12, 52]
Run 10:
Best OCplx: 1.9879531917731752
Best Sequence: [10, 36, 44, 46, 27, 61, 9, 28, 47, 40, 53, 58, 5, 60, 8, 39, 34, 13, 17, 22, 21, 43, 6, 57, 18, 15, 45, 48, 49, 59, 14, 26, 41, 31, 32, 56, 19, 20, 30, 35, 2, 29, 1, 4, 24, 23, 11, 37, 55, 16, 50, 54, 7, 38, 51, 33, 25, 12, 42, 52, 3]
Run 11:
Best OCplx: 1.5663819495204776
Best Sequence: [60, 8, 9, 13, 31, 15, 59, 17, 36, 49, 46, 47, 44, 40, 10, 39, 34, 28, 22, 27, 43, 61, 58, 41, 53, 5, 21, 54, 45, 14, 56, 25, 48, 4, 6, 11, 29, 26, 57, 30, 35, 24, 2, 37, 32, 7, 19, 16, 23, 1, 20, 55, 42, 51, 3, 18, 50, 52, 12, 38, 33]
Run 12:
Best OCplx: 2.1662822124346617
Best Sequence: [39, 27, 46, 17, 8, 49, 40, 10, 36, 13, 5, 47, 15, 58, 44, 43, 21, 19, 29, 16, 11, 57, 56, 59, 9, 25, 7, 22, 28, 55, 31, 24, 4, 6, 53, 18, 48, 23, 45, 32, 14, 37, 60, 2, 38, 20, 54, 30, 42, 61, 12, 3, 52, 26, 33, 41, 35, 51, 34, 1, 50]
Run 13:
Best OCplx: 1.7633255733695163
Best Sequence: [61, 27, 8, 34, 9, 13, 46, 28, 44, 40, 17, 49, 31, 5, 47, 36, 10, 43, 22, 60, 59, 58, 53, 41, 39, 15, 21, 26, 24, 29, 6, 55, 2, 25, 1, 56, 57, 45, 37, 48, 23, 18, 19, 35, 11, 16, 4, 32, 20, 7, 51, 50, 30, 14, 3, 38, 54, 42, 33, 12, 52]
Run 14:
Best OCplx: 0.6549161219363286
Best Sequence: [17, 28, 46, 59, 44, 27, 60, 36, 39, 61, 15, 49, 9, 8, 47, 5, 22, 31, 10, 40, 53, 58, 34, 21, 43, 1, 57, 11, 48, 26, 30, 25, 45, 41, 24, 54, 19, 13, 32, 18, 35, 7, 14, 29, 55, 2, 16, 42, 4, 56, 20, 38, 52, 6, 23, 37, 51, 50, 12, 3, 33]
Run 15:
Best OCplx: 1.1064154553481789
Best Sequence: [59, 44, 49, 31, 36, 10, 9, 13, 17, 46, 8, 39, 34, 43, 40, 15, 28, 61, 58, 5, 47, 21, 26, 23, 27, 1, 60, 24, 45, 2, 18, 6, 14, 16, 19, 25, 57, 4, 35, 54, 29, 22, 30, 41, 53, 55, 48, 7, 37, 56, 32, 11, 51, 38, 52, 20, 42, 33, 12, 50, 3]
Run 16:
Best OCplx: 0.9817273144551216
Best Sequence: [44, 49, 39, 59, 28, 8, 40, 5, 10, 46, 47, 13, 36, 34, 31, 61, 17, 15, 9, 58, 41, 27, 22, 60, 43, 53, 21, 4, 25, 35, 30, 29, 6, 18, 23, 24, 11, 2, 48, 19, 26, 57, 16, 45, 56, 7, 1, 14, 32, 55, 54, 37, 20, 42, 51, 3, 12, 50, 38, 52, 33]
Run 17:
Best OCplx: 1.4428563320841823
Best Sequence: [36, 46, 31, 34, 60, 61, 8, 59, 10, 28, 44, 13, 58, 40, 15, 41, 49, 43, 47, 9, 53, 27, 5, 22, 17, 21, 56, 24, 23, 2, 7, 29, 16, 35, 26, 19, 48, 32, 6, 54, 25, 39, 4, 14, 30, 11, 37, 55, 18, 45, 57, 42, 12, 3, 1, 20, 50, 51, 38, 33, 52]
Run 18:
Best OCplx: 1.4956712714018225
Best Sequence: [8, 13, 59, 49, 17, 61, 28, 60, 27, 10, 44, 31, 39, 46, 15, 34, 36, 53, 5, 47, 21, 9, 40, 43, 19, 16, 7, 14, 26, 48, 25, 18, 58, 45, 24, 1, 23, 22, 11, 30, 35, 6, 41, 57, 2, 37, 56, 29, 4, 54, 32, 55, 42, 52, 20, 38, 3, 51, 33, 12, 50]
Run 19:
Best OCplx: 0.6925076900106352
Best Sequence: [13, 59, 61, 15, 17, 47, 46, 31, 60, 8, 9, 49, 44, 27, 28, 5, 43, 10, 53, 21, 23, 1, 26, 48, 7, 18, 24, 11, 25, 29, 16, 39, 35, 19, 56, 37, 58, 4, 30, 40, 57, 36, 2, 22, 6, 32, 55, 20, 34, 42, 50, 54, 45, 14, 51, 12, 41, 38, 3, 52, 33]
Run 20:
Best OCplx: 2.029319309551061
Best Sequence: [44, 15, 8, 9, 61, 28, 5, 27, 36, 39, 40, 17, 34, 47, 58, 43, 46, 21, 6, 26, 54, 60, 29, 56, 13, 11, 53, 14, 4, 30, 2, 45, 7, 25, 35, 19, 1, 10, 24, 18, 23, 49, 22, 57, 41, 37, 31, 55, 16, 59, 48, 51, 32, 50, 20, 42, 38, 12, 52, 3, 33]
Run 21:
Best OCplx: 1.8574951148153005
Best Sequence: [15, 53, 17, 59, 46, 28, 36, 49, 47, 31, 5, 10, 8, 61, 27, 39, 43, 40, 58, 34, 41, 9, 21, 2, 26, 30, 16, 45, 24, 44, 60, 54, 56, 22, 29, 6, 23, 11, 55, 14, 7, 37, 1, 48, 32, 20, 13, 42, 25, 35, 50, 51, 38, 52, 18, 3, 33, 4, 57, 12, 19]
Run 22:
Best OCplx: 1.8896435211032903
Best Sequence: [34, 27, 59, 46, 10, 49, 60, 36, 5, 31, 13, 47, 61, 9, 28, 17, 15, 40, 8, 43, 22, 39, 53, 58, 41, 21, 44, 16, 1, 11, 35, 6, 54, 18, 57, 24, 19, 56, 7, 26, 25, 14, 45, 4, 30, 23, 48, 29, 2, 32, 55, 42, 37, 3, 12, 38, 20, 51, 52, 33, 50]
Run 23:
Best OCplx: 1.8896435211032903
Best Sequence: [34, 27, 59, 46, 10, 49, 60, 36, 5, 31, 13, 47, 61, 9, 28, 17, 15, 40, 8, 43, 22, 39, 53, 58, 41, 21, 44, 16, 1, 11, 35, 6, 54, 18, 57, 24, 19, 56, 7, 26, 25, 14, 45, 4, 30, 23, 48, 29, 2, 32, 55, 42, 37, 3, 12, 38, 20, 51, 52, 33, 50]
Run 24:
Best OCplx: 0.7256268000549835
Best Sequence: [61, 46, 59, 10, 15, 47, 31, 44, 43, 8, 5, 40, 60, 34, 39, 28, 27, 49, 13, 58, 22, 41, 9, 17, 36, 53, 21, 23, 56, 4, 7, 54, 57, 29, 45, 14, 26, 2, 25, 16, 48, 19, 30, 11, 18, 35, 24, 6, 1, 32, 55, 37, 20, 42, 51, 12, 50, 3, 38, 52, 33]
Run 25:
Best OCplx: 1.9605839699133212
Best Sequence: [5, 27, 8, 59, 44, 17, 31, 53, 39, 36, 49, 10, 47, 28, 46, 61, 60, 15, 13, 58, 40, 9, 21, 16, 4, 19, 48, 26, 43, 22, 41, 35, 11, 37, 25, 1, 14, 54, 32, 55, 20, 34, 7, 24, 2, 50, 51, 12, 18, 45, 56, 3, 23, 33, 42, 57, 30, 38, 52, 29, 6]
Run 26:
Best OCplx: 1.3692290550296544
Best Sequence: [46, 31, 43, 13, 59, 9, 10, 44, 36, 47, 15, 5, 8, 40, 61, 28, 27, 17, 39, 58, 34, 22, 41, 53, 21, 30, 49, 57, 1, 29, 60, 11, 23, 26, 48, 18, 54, 7, 2, 37, 25, 16, 32, 35, 45, 56, 24, 55, 6, 14, 42, 4, 3, 19, 20, 38, 51, 50, 52, 12, 33]
Run 27:
Best OCplx: 1.2704407321050817
Best Sequence: [17, 15, 49, 27, 13, 9, 28, 5, 8, 60, 46, 39, 10, 59, 34, 61, 40, 31, 36, 43, 44, 58, 21, 14, 47, 48, 29, 7, 2, 26, 41, 53, 32, 54, 23, 57, 56, 24, 22, 35, 25, 11, 37, 1, 55, 20, 50, 45, 16, 19, 6, 30, 12, 51, 42, 3, 18, 38, 4, 52, 33]
Run 28:
Best OCplx: 1.6399294334029857
Best Sequence: [60, 13, 15, 59, 27, 28, 10, 9, 44, 46, 47, 22, 31, 61, 8, 40, 5, 36, 49, 39, 53, 21, 25, 29, 34, 48, 45, 43, 57, 6, 56, 54, 23, 26, 11, 7, 58, 1, 41, 35, 16, 24, 19, 4, 2, 30, 55, 32, 17, 20, 42, 3, 37, 18, 50, 14, 51, 12, 38, 33, 52]
Run 29:
Best OCplx: 1.8597042277658213
Best Sequence: [13, 27, 44, 15, 46, 61, 47, 28, 36, 9, 31, 60, 17, 22, 5, 34, 10, 39, 8, 43, 58, 59, 53, 49, 40, 21, 7, 37, 54, 24, 30, 48, 4, 35, 29, 1, 57, 18, 55, 25, 2, 16, 23, 14, 45, 11, 26, 32, 20, 51, 33, 19, 12, 38, 50, 41, 56, 42, 6, 3, 52]
Run 30:
Best OCplx: 1.4847341071567892
Best Sequence: [44, 28, 60, 8, 46, 34, 39, 9, 13, 47, 40, 15, 59, 10, 36, 5, 49, 43, 53, 21, 4, 24, 45, 22, 6, 56, 26, 54, 18, 27, 58, 30, 11, 61, 48, 32, 16, 25, 35, 17, 1, 19, 37, 57, 14, 55, 23, 29, 20, 3, 41, 2, 31, 7, 50, 51, 12, 42, 38, 52, 33]
Mean: 1.5109
Min: 0.6549
Max: 2.1663
Std: 0.4586
