Run 1:
Best OCplx: 0.51425947722658
Best Sequence: [5, 7, 30, 10, 35, 9, 12, 43, 26, 32, 34, 27, 3, 37, 25, 42, 8, 40, 23, 33, 31, 24, 41, 15, 19, 6, 38, 21, 18, 39, 13, 2, 45, 16, 1, 11, 36, 22, 20, 28, 4, 17, 29, 14, 44]
Run 2:
Best OCplx: 0.6106831292065639
Best Sequence: [25, 14, 36, 35, 37, 5, 42, 21, 26, 15, 23, 34, 30, 24, 45, 7, 32, 9, 4, 31, 2, 1, 38, 27, 39, 33, 20, 41, 6, 18, 3, 12, 22, 43, 13, 44, 40, 19, 8, 10, 11, 16, 17, 28, 29]
Run 3:
Best OCplx: 0.6428243465332251
Best Sequence: [41, 11, 20, 21, 12, 32, 1, 39, 13, 33, 3, 10, 15, 4, 9, 27, 23, 5, 44, 26, 6, 25, 2, 45, 40, 22, 14, 7, 19, 18, 42, 28, 38, 31, 30, 34, 37, 16, 17, 29, 35, 43, 8, 36, 24]
Run 4:
Best OCplx: 0.6106831292065638
Best Sequence: [44, 21, 6, 36, 14, 4, 5, 9, 33, 32, 27, 25, 22, 12, 30, 13, 10, 15, 39, 11, 19, 45, 23, 26, 38, 42, 31, 2, 1, 3, 24, 8, 37, 35, 40, 20, 18, 28, 41, 34, 16, 17, 29, 43, 7]
Run 5:
Best OCplx: 0.5464006945532414
Best Sequence: [43, 39, 41, 13, 11, 26, 20, 7, 22, 31, 23, 37, 6, 12, 9, 15, 27, 25, 36, 18, 21, 29, 33, 28, 30, 45, 24, 34, 38, 8, 44, 32, 1, 42, 19, 4, 16, 2, 10, 17, 35, 5, 3, 40, 14]
Run 6:
Best OCplx: 0.25712973861329
Best Sequence: [44, 2, 26, 43, 31, 14, 21, 11, 39, 23, 25, 15, 9, 40, 20, 36, 24, 1, 10, 22, 6, 41, 34, 32, 18, 19, 12, 16, 5, 27, 33, 7, 4, 35, 42, 30, 8, 17, 28, 29, 3, 13, 38, 45, 37]
Run 7:
Best OCplx: 0.4821182598999188
Best Sequence: [37, 36, 21, 15, 23, 20, 26, 7, 25, 32, 14, 30, 11, 8, 44, 9, 39, 31, 45, 22, 1, 2, 6, 13, 27, 33, 43, 3, 5, 4, 12, 10, 42, 38, 35, 18, 24, 19, 41, 28, 40, 16, 34, 17, 29]
Run 8:
Best OCplx: 0.6428243465332251
Best Sequence: [13, 2, 36, 23, 25, 32, 12, 31, 4, 20, 11, 30, 27, 15, 43, 21, 22, 39, 38, 8, 7, 28, 40, 33, 41, 6, 26, 37, 1, 3, 45, 14, 35, 44, 34, 24, 18, 19, 29, 16, 17, 9, 10, 5, 42]
Run 9:
Best OCplx: 0.32141217326661253
Best Sequence: [25, 43, 14, 37, 26, 36, 41, 23, 45, 22, 27, 24, 31, 9, 18, 1, 4, 28, 39, 19, 34, 30, 13, 2, 33, 15, 20, 44, 5, 7, 12, 40, 21, 10, 8, 6, 42, 38, 35, 32, 16, 17, 29, 11, 3]
Run 10:
Best OCplx: 0.32141217326661253
Best Sequence: [25, 44, 24, 33, 14, 30, 41, 37, 1, 6, 38, 20, 13, 40, 10, 43, 15, 4, 35, 2, 21, 39, 42, 8, 27, 36, 23, 34, 45, 3, 5, 22, 19, 32, 31, 9, 12, 11, 26, 18, 7, 28, 16, 17, 29]
Run 11:
Best OCplx: 0.51425947722658
Best Sequence: [31, 4, 11, 14, 2, 1, 21, 26, 34, 15, 35, 36, 20, 30, 40, 5, 39, 8, 22, 25, 12, 13, 42, 10, 9, 41, 44, 3, 32, 23, 7, 43, 33, 18, 37, 24, 19, 16, 28, 27, 17, 38, 6, 45, 29]
Run 12:
Best OCplx: 0.51425947722658
Best Sequence: [2, 30, 15, 43, 27, 21, 40, 41, 34, 13, 23, 25, 24, 8, 22, 3, 5, 7, 44, 1, 6, 19, 4, 11, 10, 26, 31, 20, 36, 33, 42, 18, 35, 9, 28, 45, 37, 39, 16, 32, 12, 14, 38, 17, 29]
Run 13:
Best OCplx: 0.3535533905932738
Best Sequence: [43, 14, 23, 21, 3, 45, 22, 25, 37, 2, 9, 13, 5, 7, 30, 34, 31, 6, 20, 1, 33, 35, 24, 15, 26, 44, 39, 40, 32, 19, 4, 18, 10, 27, 12, 42, 38, 28, 41, 16, 17, 8, 29, 36, 11]
Run 14:
Best OCplx: 0.5785419118799026
Best Sequence: [44, 31, 15, 39, 26, 7, 37, 40, 4, 42, 6, 34, 3, 10, 36, 8, 9, 35, 2, 30, 45, 11, 14, 38, 21, 41, 33, 25, 22, 1, 32, 13, 24, 20, 28, 19, 18, 23, 16, 43, 17, 12, 29, 27, 5]
Run 15:
Best OCplx: 0.32141217326661253
Best Sequence: [9, 8, 12, 23, 3, 34, 11, 25, 27, 15, 1, 22, 10, 38, 7, 30, 36, 43, 31, 21, 13, 4, 37, 14, 20, 6, 35, 44, 41, 26, 45, 32, 2, 18, 39, 40, 33, 5, 42, 28, 24, 19, 16, 17, 29]
Run 16:
Best OCplx: 0.6106831292065638
Best Sequence: [41, 15, 9, 40, 5, 21, 36, 25, 7, 27, 38, 2, 6, 31, 39, 34, 42, 37, 23, 22, 12, 3, 45, 33, 43, 20, 13, 26, 11, 10, 18, 35, 19, 8, 32, 4, 24, 28, 16, 17, 29, 30, 14, 44, 1]
Run 17:
Best OCplx: 0.6106831292065638
Best Sequence: [35, 43, 1, 10, 6, 9, 33, 32, 26, 4, 14, 2, 11, 3, 36, 44, 5, 15, 25, 31, 41, 30, 37, 23, 34, 8, 40, 24, 45, 19, 27, 7, 13, 20, 39, 18, 21, 22, 42, 38, 17, 29, 28, 16, 12]
Run 18:
Best OCplx: 0.4178358252465963
Best Sequence: [40, 33, 7, 37, 2, 27, 10, 1, 13, 22, 43, 38, 5, 15, 28, 23, 32, 30, 3, 20, 26, 36, 12, 34, 4, 25, 11, 8, 39, 6, 41, 14, 42, 24, 18, 31, 35, 19, 16, 21, 45, 17, 44, 9, 29]
Run 19:
Best OCplx: 0.51425947722658
Best Sequence: [43, 23, 39, 15, 2, 1, 25, 38, 24, 22, 34, 33, 3, 45, 26, 12, 5, 21, 4, 20, 10, 14, 41, 8, 36, 31, 18, 13, 9, 19, 7, 6, 40, 32, 35, 37, 27, 42, 44, 16, 30, 28, 29, 11, 17]
Run 20:
Best OCplx: 0.4178358252465963
Best Sequence: [31, 9, 10, 40, 23, 27, 6, 39, 25, 21, 15, 38, 7, 24, 32, 8, 1, 14, 36, 34, 30, 20, 33, 35, 12, 4, 37, 41, 19, 26, 22, 3, 18, 43, 16, 45, 13, 17, 2, 28, 5, 42, 44, 11, 29]
Run 21:
Best OCplx: 0.5675127897381169
Best Sequence: [44, 25, 9, 14, 37, 31, 34, 15, 39, 40, 1, 7, 24, 27, 32, 13, 23, 38, 35, 22, 5, 28, 3, 6, 41, 45, 26, 10, 43, 4, 42, 8, 21, 19, 30, 18, 12, 16, 17, 29, 2, 33, 36, 11, 20]
Run 22:
Best OCplx: 0.4178358252465963
Best Sequence: [8, 9, 32, 40, 15, 39, 10, 22, 41, 2, 45, 33, 38, 36, 4, 7, 13, 3, 44, 35, 21, 25, 26, 1, 11, 23, 30, 24, 42, 27, 6, 19, 37, 12, 14, 5, 18, 16, 20, 17, 28, 31, 43, 29, 34]
Run 23:
Best OCplx: 0.38569460791993504
Best Sequence: [22, 3, 25, 39, 11, 31, 33, 34, 5, 14, 38, 10, 45, 32, 4, 24, 23, 41, 43, 13, 21, 35, 1, 27, 15, 26, 40, 18, 19, 7, 37, 36, 20, 2, 9, 30, 8, 42, 28, 16, 44, 17, 29, 12, 6]
Run 24:
Best OCplx: 0.32141217326661253
Best Sequence: [11, 27, 6, 38, 23, 36, 3, 26, 4, 1, 8, 2, 20, 25, 41, 44, 10, 14, 22, 35, 24, 30, 12, 7, 21, 5, 33, 45, 9, 37, 18, 34, 15, 31, 43, 19, 40, 16, 39, 17, 28, 13, 29, 32, 42]
Run 25:
Best OCplx: 0.25712973861329
Best Sequence: [25, 41, 26, 2, 30, 10, 11, 44, 9, 40, 24, 23, 21, 37, 35, 3, 43, 12, 33, 5, 39, 18, 27, 31, 15, 36, 19, 45, 1, 22, 42, 4, 8, 13, 16, 6, 38, 28, 34, 20, 7, 14, 17, 29, 32]
Run 26:
Best OCplx: 0.5246910803120479
Best Sequence: [38, 7, 27, 41, 39, 24, 45, 4, 22, 30, 14, 10, 23, 35, 13, 43, 11, 32, 19, 21, 3, 9, 1, 44, 12, 33, 37, 2, 31, 26, 40, 8, 34, 42, 18, 28, 36, 6, 20, 15, 16, 25, 17, 29, 5]
Run 27:
Best OCplx: 0.5889735149653704
Best Sequence: [41, 15, 6, 22, 23, 14, 39, 1, 3, 10, 12, 5, 24, 11, 38, 26, 30, 42, 21, 7, 9, 32, 19, 34, 4, 45, 27, 31, 20, 18, 13, 25, 33, 43, 2, 8, 16, 40, 17, 28, 29, 36, 35, 44, 37]
Run 28:
Best OCplx: 0.32141217326661253
Best Sequence: [25, 37, 11, 9, 38, 20, 6, 21, 30, 36, 43, 23, 22, 8, 15, 24, 7, 10, 41, 31, 13, 1, 12, 32, 19, 44, 3, 27, 2, 26, 35, 40, 39, 5, 34, 42, 28, 18, 16, 17, 14, 45, 29, 33, 4]
Run 29:
Best OCplx: 0.49254986298538667
Best Sequence: [4, 24, 9, 14, 25, 35, 31, 2, 3, 43, 7, 39, 13, 11, 34, 30, 12, 5, 32, 1, 6, 44, 26, 40, 10, 8, 45, 42, 15, 36, 19, 37, 23, 21, 20, 41, 18, 33, 16, 22, 27, 17, 28, 29, 38]
Run 30:
Best OCplx: 0.4178358252465963
Best Sequence: [2, 22, 31, 21, 32, 13, 8, 36, 43, 30, 39, 44, 42, 11, 33, 35, 7, 5, 3, 6, 4, 15, 25, 23, 34, 12, 1, 37, 27, 10, 41, 38, 26, 18, 20, 19, 9, 45, 16, 24, 17, 40, 29, 28, 14]
