Run 1:
Best OCplx: 9.149226714636452
Best Sequence: [11, 18, 20, 31, 42, 12, 13, 41, 17, 10, 5, 15, 22, 29, 32, 9, 16, 43, 34, 1, 14, 8, 33, 36, 6, 25, 21, 19, 4, 2, 40, 44, 30, 35, 7, 28, 26, 27, 3, 23, 24, 37, 45, 38, 39]
Run 2:
Best OCplx: 10.53834443413048
Best Sequence: [39, 5, 36, 43, 28, 31, 18, 16, 8, 25, 29, 9, 14, 41, 38, 22, 15, 33, 11, 17, 10, 13, 37, 1, 42, 34, 6, 4, 44, 20, 19, 2, 27, 40, 35, 12, 30, 32, 21, 23, 45, 7, 3, 26, 24]
Run 3:
Best OCplx: 9.939305490571678
Best Sequence: [9, 20, 33, 13, 31, 12, 28, 5, 27, 39, 16, 1, 8, 25, 42, 36, 17, 38, 44, 18, 29, 43, 34, 10, 4, 7, 6, 22, 15, 21, 14, 26, 40, 41, 32, 35, 37, 2, 30, 3, 19, 24, 11, 23, 45]
Run 4:
Best OCplx: 9.300219587760742
Best Sequence: [19, 18, 42, 36, 28, 20, 29, 34, 33, 11, 4, 14, 1, 17, 38, 44, 8, 40, 7, 39, 13, 10, 25, 5, 22, 31, 16, 12, 15, 32, 26, 6, 43, 21, 37, 2, 27, 30, 45, 35, 41, 3, 24, 9, 23]
Run 5:
Best OCplx: 8.480230519649723
Best Sequence: [14, 25, 13, 11, 37, 16, 42, 10, 31, 36, 43, 17, 20, 39, 38, 28, 32, 8, 19, 9, 12, 6, 33, 18, 5, 41, 4, 2, 34, 44, 27, 21, 35, 30, 29, 45, 26, 22, 15, 23, 3, 7, 40, 1, 24]
Run 6:
Best OCplx: 8.506195453254755
Best Sequence: [19, 1, 31, 14, 11, 17, 15, 20, 7, 6, 43, 28, 36, 29, 32, 12, 10, 18, 42, 8, 22, 16, 9, 5, 44, 38, 37, 41, 13, 25, 26, 4, 27, 30, 33, 3, 21, 39, 2, 40, 34, 45, 35, 23, 24]
Run 7:
Best OCplx: 9.735709024297465
Best Sequence: [42, 12, 40, 43, 31, 8, 20, 15, 10, 38, 32, 37, 39, 33, 9, 18, 11, 1, 17, 5, 28, 36, 25, 29, 14, 16, 19, 4, 22, 26, 27, 44, 2, 41, 35, 21, 30, 6, 13, 23, 34, 3, 45, 24, 7]
Run 8:
Best OCplx: 9.76085428982407
Best Sequence: [32, 20, 18, 1, 27, 25, 42, 12, 13, 10, 37, 36, 33, 8, 38, 29, 16, 19, 17, 7, 11, 34, 28, 31, 22, 43, 26, 9, 14, 6, 44, 39, 4, 30, 21, 5, 40, 41, 15, 2, 45, 24, 35, 23, 3]
Run 9:
Best OCplx: 9.422395852592706
Best Sequence: [20, 22, 5, 1, 15, 43, 44, 8, 12, 10, 31, 18, 39, 14, 37, 19, 2, 33, 27, 13, 21, 38, 29, 9, 16, 32, 36, 25, 4, 35, 6, 30, 26, 3, 11, 41, 34, 17, 28, 42, 45, 7, 24, 40, 23]
Run 10:
Best OCplx: 8.965919639643957
Best Sequence: [11, 36, 18, 41, 13, 1, 20, 7, 29, 8, 16, 10, 25, 5, 26, 15, 33, 34, 9, 30, 44, 22, 3, 39, 6, 17, 38, 12, 37, 31, 40, 21, 32, 4, 19, 2, 42, 27, 43, 45, 14, 28, 35, 23, 24]
Run 11:
Best OCplx: 8.275955384962476
Best Sequence: [25, 9, 31, 36, 17, 12, 42, 15, 8, 7, 10, 19, 20, 33, 16, 44, 13, 1, 38, 39, 43, 22, 37, 14, 11, 28, 41, 34, 18, 29, 6, 40, 21, 32, 27, 5, 4, 2, 35, 30, 26, 3, 23, 45, 24]
Run 12:
Best OCplx: 7.606012185555366
Best Sequence: [43, 17, 10, 9, 8, 12, 15, 18, 13, 20, 1, 25, 31, 38, 14, 36, 7, 22, 29, 37, 32, 33, 28, 44, 42, 16, 11, 39, 6, 5, 34, 19, 4, 21, 41, 27, 26, 40, 2, 30, 23, 3, 35, 45, 24]
Run 13:
Best OCplx: 8.808297569366662
Best Sequence: [19, 11, 38, 20, 18, 7, 33, 5, 37, 8, 1, 29, 10, 15, 31, 44, 4, 42, 13, 6, 39, 41, 43, 22, 12, 36, 9, 21, 34, 32, 17, 27, 25, 28, 35, 2, 30, 26, 3, 14, 40, 45, 16, 23, 24]
Run 14:
Best OCplx: 10.61444293130149
Best Sequence: [26, 31, 18, 32, 39, 5, 38, 25, 37, 36, 11, 14, 12, 15, 44, 42, 43, 28, 1, 8, 41, 7, 16, 33, 9, 6, 17, 13, 10, 22, 40, 34, 4, 20, 21, 27, 19, 2, 30, 45, 23, 29, 3, 35, 24]
Run 15:
Best OCplx: 8.662198480873531
Best Sequence: [22, 20, 39, 28, 31, 10, 25, 18, 11, 15, 14, 42, 17, 9, 8, 41, 32, 36, 43, 38, 13, 12, 16, 1, 19, 44, 37, 40, 7, 29, 5, 21, 4, 6, 27, 26, 2, 30, 33, 24, 34, 23, 3, 45, 35]
Run 16:
Best OCplx: 9.103760398741635
Best Sequence: [20, 31, 16, 15, 18, 38, 39, 42, 10, 36, 1, 13, 9, 12, 5, 8, 25, 32, 17, 28, 43, 34, 37, 33, 44, 7, 19, 4, 29, 26, 22, 21, 30, 40, 2, 27, 11, 6, 3, 35, 45, 24, 41, 23, 14]
Run 17:
Best OCplx: 11.221542528112444
Best Sequence: [32, 18, 16, 40, 36, 5, 8, 39, 34, 41, 19, 11, 25, 7, 10, 28, 29, 12, 20, 44, 42, 27, 4, 17, 14, 9, 33, 37, 22, 6, 1, 30, 21, 3, 45, 43, 15, 26, 2, 31, 24, 13, 35, 23, 38]
Run 18:
Best OCplx: 8.195947917397916
Best Sequence: [31, 18, 32, 44, 20, 41, 22, 28, 12, 39, 16, 1, 19, 15, 36, 14, 38, 25, 7, 17, 33, 11, 8, 10, 5, 6, 43, 9, 34, 13, 4, 29, 2, 27, 35, 21, 30, 42, 37, 23, 26, 24, 40, 45, 3]
Run 19:
Best OCplx: 10.146053744936305
Best Sequence: [29, 9, 36, 18, 14, 33, 37, 43, 26, 20, 34, 27, 7, 16, 31, 12, 8, 1, 5, 44, 38, 6, 17, 32, 11, 4, 13, 35, 10, 41, 40, 25, 15, 30, 21, 19, 3, 39, 42, 22, 2, 23, 28, 45, 24]
Run 20:
Best OCplx: 9.7638624317713
Best Sequence: [14, 18, 28, 22, 20, 10, 30, 11, 29, 37, 5, 1, 38, 36, 42, 12, 8, 17, 16, 41, 39, 40, 3, 43, 25, 13, 33, 44, 15, 31, 32, 4, 26, 27, 2, 35, 34, 6, 21, 7, 9, 19, 23, 24, 45]
Run 21:
Best OCplx: 9.434595252092793
Best Sequence: [19, 18, 9, 41, 20, 10, 8, 38, 17, 15, 33, 25, 12, 22, 5, 14, 42, 4, 6, 31, 1, 36, 32, 28, 30, 7, 44, 40, 34, 39, 27, 16, 29, 37, 3, 43, 11, 21, 26, 13, 24, 2, 23, 35, 45]
Run 22:
Best OCplx: 10.547769122952179
Best Sequence: [18, 31, 17, 14, 20, 7, 25, 22, 36, 19, 15, 10, 27, 39, 13, 38, 37, 11, 12, 8, 32, 29, 1, 5, 28, 44, 42, 43, 16, 41, 4, 3, 6, 34, 21, 30, 26, 33, 2, 35, 45, 24, 23, 9, 40]
Run 23:
Best OCplx: 8.757803282806604
Best Sequence: [16, 18, 4, 20, 15, 5, 43, 39, 38, 28, 12, 36, 33, 9, 7, 13, 8, 6, 25, 29, 37, 44, 34, 14, 41, 11, 27, 42, 31, 40, 32, 2, 17, 19, 21, 30, 35, 3, 26, 24, 45, 22, 10, 23, 1]
Run 24:
Best OCplx: 10.575532179004615
Best Sequence: [18, 12, 22, 29, 38, 19, 1, 17, 43, 11, 7, 31, 28, 39, 36, 20, 8, 14, 13, 16, 34, 33, 41, 6, 10, 15, 37, 32, 9, 25, 27, 40, 4, 21, 26, 2, 44, 30, 5, 42, 23, 24, 3, 35, 45]
Run 25:
Best OCplx: 9.747968725987208
Best Sequence: [18, 33, 31, 13, 19, 20, 7, 22, 10, 28, 17, 15, 1, 44, 9, 37, 39, 41, 11, 43, 34, 5, 29, 27, 36, 21, 14, 8, 40, 16, 12, 6, 26, 30, 25, 38, 4, 2, 3, 23, 35, 45, 32, 24, 42]
Run 26:
Best OCplx: 8.082874088808735
Best Sequence: [1, 9, 10, 15, 36, 13, 19, 22, 20, 16, 7, 43, 17, 39, 33, 34, 18, 14, 11, 31, 6, 38, 21, 5, 25, 44, 12, 42, 41, 40, 32, 8, 30, 26, 28, 4, 37, 2, 3, 29, 27, 35, 45, 23, 24]
Run 27:
Best OCplx: 7.420954298576046
Best Sequence: [11, 20, 10, 18, 40, 42, 5, 19, 7, 37, 15, 9, 38, 16, 28, 31, 8, 22, 36, 29, 43, 33, 6, 34, 32, 12, 41, 1, 4, 27, 14, 21, 17, 44, 39, 26, 35, 13, 25, 2, 30, 45, 23, 3, 24]
Run 28:
Best OCplx: 7.171947846881872
Best Sequence: [20, 8, 43, 36, 15, 10, 28, 31, 19, 39, 42, 1, 12, 25, 29, 33, 11, 9, 13, 7, 16, 5, 17, 14, 22, 34, 41, 6, 38, 21, 18, 32, 4, 40, 44, 2, 35, 30, 24, 27, 45, 26, 23, 3, 37]
Run 29:
Best OCplx: 7.93125137636162
Best Sequence: [5, 1, 31, 41, 20, 10, 38, 15, 18, 19, 36, 32, 16, 14, 42, 28, 37, 4, 13, 12, 27, 22, 39, 8, 25, 29, 33, 11, 9, 34, 43, 7, 21, 17, 6, 40, 44, 26, 35, 30, 2, 3, 23, 24, 45]
Run 30:
Best OCplx: 9.512230002178612
Best Sequence: [10, 17, 19, 42, 18, 44, 20, 11, 9, 43, 41, 13, 38, 25, 4, 14, 15, 28, 26, 37, 33, 39, 29, 31, 16, 5, 1, 40, 32, 34, 8, 36, 30, 7, 35, 6, 2, 12, 3, 27, 21, 24, 23, 45, 22]
