Run 1:
Best OCplx: 1.6464384549077253
Best Sequence: [65, 58, 20, 33, 46, 14, 59, 24, 22, 51, 10, 54, 34, 48, 49, 28, 37, 1, 41, 9, 12, 5, 36, 56, 4, 60, 55, 43, 27, 23, 13, 39, 42, 19, 53, 50, 30, 17, 3, 15, 21, 2, 8, 26, 47, 25, 61, 29, 7, 64, 35, 11, 44, 52, 57, 38, 63, 62, 6, 45, 40, 16, 18, 32, 31]
Run 2:
Best OCplx: 1.888963882346381
Best Sequence: [60, 65, 1, 30, 61, 58, 14, 10, 24, 63, 15, 28, 19, 22, 50, 32, 40, 8, 17, 2, 13, 38, 51, 27, 20, 4, 3, 18, 36, 39, 46, 33, 42, 35, 57, 45, 53, 59, 6, 29, 7, 62, 43, 47, 41, 11, 56, 55, 34, 9, 52, 16, 37, 48, 23, 64, 44, 26, 21, 12, 49, 31, 54, 25, 5]
Run 3:
Best OCplx: 2.0316626237574034
Best Sequence: [38, 1, 17, 44, 14, 65, 58, 8, 34, 54, 36, 52, 62, 22, 41, 60, 47, 4, 46, 13, 32, 59, 15, 63, 27, 33, 19, 55, 35, 11, 12, 23, 29, 9, 61, 50, 39, 24, 16, 10, 31, 18, 53, 42, 40, 6, 37, 28, 57, 30, 21, 51, 43, 48, 64, 45, 2, 26, 49, 7, 25, 3, 5, 56, 20]
Run 4:
Best OCplx: 1.8646434954106195
Best Sequence: [65, 58, 30, 19, 61, 9, 32, 13, 62, 63, 45, 11, 59, 14, 51, 53, 52, 6, 46, 8, 27, 50, 49, 22, 64, 60, 4, 42, 21, 55, 1, 20, 5, 3, 23, 36, 29, 12, 7, 10, 28, 34, 54, 47, 15, 40, 44, 35, 24, 48, 2, 38, 18, 37, 33, 39, 56, 31, 26, 43, 57, 17, 41, 16, 25]
Run 5:
Best OCplx: 2.3032935689918035
Best Sequence: [7, 17, 13, 27, 4, 24, 15, 35, 50, 65, 63, 58, 3, 42, 36, 55, 64, 14, 49, 60, 8, 53, 23, 21, 16, 26, 29, 12, 52, 40, 2, 6, 33, 10, 25, 61, 1, 47, 45, 18, 62, 32, 41, 37, 57, 22, 51, 43, 34, 19, 48, 28, 54, 5, 31, 9, 59, 39, 46, 44, 11, 20, 38, 30, 56]
Run 6:
Best OCplx: 2.237153079699113
Best Sequence: [24, 8, 65, 19, 9, 29, 40, 58, 34, 52, 22, 35, 7, 39, 64, 23, 25, 56, 17, 45, 31, 20, 26, 27, 51, 53, 14, 46, 30, 60, 48, 11, 63, 13, 2, 28, 33, 44, 16, 50, 15, 21, 10, 62, 5, 38, 61, 54, 37, 47, 43, 59, 6, 36, 3, 49, 55, 32, 12, 57, 4, 1, 42, 18, 41]
Run 7:
Best OCplx: 2.093229693086326
Best Sequence: [17, 65, 8, 53, 2, 25, 54, 27, 58, 10, 22, 3, 60, 33, 43, 48, 19, 38, 36, 62, 9, 52, 44, 24, 63, 51, 41, 55, 14, 31, 49, 64, 28, 34, 37, 39, 16, 32, 13, 23, 40, 6, 7, 15, 18, 1, 21, 61, 56, 42, 35, 45, 50, 30, 26, 29, 11, 47, 46, 5, 20, 12, 4, 59, 57]
Run 8:
Best OCplx: 2.232729483137506
Best Sequence: [31, 27, 65, 56, 21, 13, 28, 10, 26, 19, 24, 48, 58, 53, 37, 63, 17, 16, 38, 23, 7, 61, 46, 42, 4, 44, 9, 60, 8, 11, 22, 1, 52, 32, 25, 43, 35, 40, 15, 51, 39, 50, 2, 41, 6, 54, 18, 49, 62, 57, 47, 55, 29, 14, 5, 45, 33, 64, 20, 12, 34, 36, 30, 3, 59]
Run 9:
Best OCplx: 1.895426704467108
Best Sequence: [64, 65, 44, 59, 27, 58, 53, 19, 29, 61, 17, 14, 33, 15, 56, 62, 49, 22, 36, 16, 1, 30, 52, 13, 2, 28, 24, 47, 43, 3, 4, 51, 10, 18, 39, 12, 25, 38, 32, 54, 26, 50, 40, 48, 31, 8, 21, 34, 9, 20, 46, 35, 23, 7, 60, 57, 5, 63, 45, 37, 6, 41, 11, 55, 42]
Run 10:
Best OCplx: 1.8405187286872118
Best Sequence: [14, 65, 27, 58, 55, 16, 62, 46, 48, 54, 5, 63, 13, 15, 32, 35, 42, 22, 6, 26, 53, 40, 4, 10, 45, 28, 61, 41, 38, 25, 24, 9, 8, 51, 37, 30, 21, 31, 19, 2, 3, 50, 33, 47, 1, 49, 34, 44, 36, 39, 52, 29, 23, 56, 20, 43, 57, 11, 7, 64, 60, 18, 59, 12, 17]
Run 11:
Best OCplx: 2.2516304099593922
Best Sequence: [50, 14, 31, 65, 36, 58, 13, 53, 33, 37, 21, 60, 8, 49, 16, 10, 17, 22, 4, 44, 28, 15, 19, 46, 7, 57, 54, 11, 30, 51, 47, 5, 6, 40, 61, 25, 55, 42, 62, 29, 18, 24, 52, 56, 27, 3, 1, 34, 9, 2, 23, 48, 45, 12, 41, 64, 32, 43, 26, 39, 35, 63, 38, 20, 59]
Run 12:
Best OCplx: 2.0478582804304946
Best Sequence: [61, 27, 26, 63, 59, 65, 14, 49, 58, 5, 22, 57, 1, 39, 13, 7, 36, 53, 50, 43, 45, 34, 23, 51, 38, 44, 32, 28, 15, 55, 64, 56, 37, 12, 46, 52, 30, 8, 29, 47, 41, 62, 6, 20, 21, 40, 18, 33, 11, 2, 10, 35, 54, 42, 17, 31, 25, 19, 4, 9, 24, 60, 48, 3, 16]
Run 13:
Best OCplx: 2.3084628356624703
Best Sequence: [58, 60, 61, 27, 59, 55, 17, 40, 12, 28, 11, 15, 18, 36, 47, 54, 24, 45, 64, 39, 32, 42, 22, 51, 50, 2, 26, 14, 62, 8, 48, 43, 7, 20, 5, 1, 56, 49, 30, 41, 29, 3, 9, 6, 63, 52, 44, 65, 25, 34, 35, 19, 33, 53, 23, 13, 31, 57, 38, 21, 46, 4, 37, 10, 16]
Run 14:
Best OCplx: 2.2025732585702746
Best Sequence: [27, 32, 58, 13, 6, 9, 22, 45, 8, 11, 38, 37, 36, 60, 41, 12, 46, 19, 52, 20, 61, 53, 16, 21, 64, 18, 15, 34, 62, 44, 40, 24, 29, 63, 43, 26, 55, 47, 28, 59, 50, 2, 4, 14, 56, 25, 65, 7, 49, 54, 35, 42, 57, 3, 23, 31, 1, 30, 17, 33, 51, 5, 39, 48, 10]
Run 15:
Best OCplx: 2.116333981647288
Best Sequence: [54, 59, 13, 27, 16, 29, 65, 53, 58, 7, 55, 60, 23, 3, 45, 25, 22, 8, 37, 36, 42, 46, 44, 1, 64, 11, 24, 40, 21, 26, 6, 15, 62, 61, 33, 28, 12, 43, 38, 52, 20, 14, 49, 41, 4, 17, 5, 39, 18, 47, 56, 63, 35, 19, 10, 30, 50, 31, 2, 48, 57, 9, 34, 51, 32]
Run 16:
Best OCplx: 2.360450068158954
Best Sequence: [58, 65, 14, 21, 51, 40, 4, 63, 15, 29, 50, 37, 44, 13, 32, 28, 23, 10, 2, 55, 47, 48, 1, 31, 19, 24, 45, 62, 53, 3, 49, 22, 6, 57, 16, 27, 8, 35, 43, 54, 64, 59, 61, 5, 60, 11, 17, 20, 42, 30, 9, 52, 25, 39, 36, 12, 38, 33, 18, 41, 34, 56, 46, 7, 26]
Run 17:
Best OCplx: 2.1158731797583337
Best Sequence: [65, 58, 13, 59, 42, 43, 30, 23, 6, 52, 60, 15, 56, 49, 61, 38, 53, 24, 54, 37, 36, 41, 57, 27, 34, 63, 19, 50, 33, 48, 2, 62, 28, 16, 4, 29, 35, 17, 47, 14, 11, 45, 44, 32, 39, 5, 31, 26, 3, 55, 51, 64, 9, 22, 25, 8, 12, 40, 20, 18, 10, 7, 1, 46, 21]
Run 18:
Best OCplx: 1.8285301223290733
Best Sequence: [61, 54, 11, 65, 58, 52, 24, 15, 30, 27, 2, 60, 4, 22, 31, 21, 51, 29, 36, 43, 35, 56, 14, 28, 9, 63, 20, 64, 50, 34, 17, 23, 39, 16, 48, 47, 53, 44, 33, 40, 59, 6, 46, 41, 37, 42, 25, 3, 10, 5, 45, 38, 8, 32, 19, 13, 12, 7, 62, 18, 57, 49, 55, 1, 26]
Run 19:
Best OCplx: 1.9943053634635541
Best Sequence: [65, 11, 60, 58, 12, 9, 32, 10, 28, 14, 36, 27, 61, 33, 23, 6, 17, 46, 57, 59, 13, 56, 37, 22, 15, 45, 44, 21, 26, 40, 16, 34, 41, 54, 35, 25, 53, 1, 3, 2, 18, 8, 50, 31, 52, 63, 48, 29, 19, 24, 7, 49, 64, 43, 38, 5, 51, 4, 20, 55, 39, 62, 42, 47, 30]
Run 20:
Best OCplx: 2.3909918358080913
Best Sequence: [64, 25, 65, 21, 16, 58, 34, 2, 49, 61, 50, 53, 42, 56, 60, 35, 38, 22, 17, 24, 3, 23, 19, 11, 1, 39, 27, 7, 43, 51, 9, 31, 59, 47, 8, 4, 52, 45, 54, 18, 14, 41, 40, 46, 26, 12, 36, 10, 55, 13, 32, 30, 28, 48, 44, 20, 57, 63, 15, 33, 62, 29, 37, 6, 5]
Run 21:
Best OCplx: 2.0401753048075553
Best Sequence: [65, 62, 58, 16, 50, 56, 54, 38, 22, 20, 42, 11, 39, 64, 37, 27, 44, 34, 24, 30, 9, 17, 33, 25, 45, 47, 61, 10, 1, 29, 60, 55, 13, 36, 12, 51, 21, 32, 3, 48, 26, 40, 57, 2, 4, 18, 19, 63, 49, 31, 6, 28, 23, 8, 14, 7, 52, 59, 53, 43, 35, 46, 15, 41, 5]
Run 22:
Best OCplx: 2.2141840655497984
Best Sequence: [49, 11, 14, 58, 52, 27, 16, 24, 15, 45, 63, 32, 56, 26, 40, 13, 48, 22, 23, 55, 6, 2, 17, 21, 61, 8, 3, 9, 54, 39, 10, 19, 38, 28, 35, 47, 7, 31, 59, 34, 37, 50, 57, 36, 30, 53, 4, 18, 42, 29, 41, 5, 64, 33, 65, 62, 46, 25, 44, 20, 60, 1, 43, 51, 12]
Run 23:
Best OCplx: 1.9954323751732386
Best Sequence: [13, 62, 24, 65, 27, 29, 4, 12, 16, 1, 23, 9, 39, 58, 46, 42, 28, 60, 14, 25, 51, 57, 26, 37, 11, 22, 35, 63, 61, 41, 8, 43, 7, 21, 18, 5, 3, 19, 15, 34, 30, 64, 17, 50, 36, 48, 52, 53, 2, 6, 47, 55, 33, 38, 32, 31, 44, 10, 45, 56, 54, 49, 59, 40, 20]
Run 24:
Best OCplx: 2.207630346646771
Best Sequence: [65, 58, 54, 50, 33, 2, 34, 19, 17, 51, 53, 57, 59, 1, 61, 45, 8, 13, 64, 4, 26, 15, 21, 40, 6, 16, 23, 18, 47, 52, 30, 24, 27, 38, 36, 14, 12, 60, 7, 56, 22, 48, 42, 39, 3, 49, 55, 25, 43, 46, 20, 5, 62, 44, 35, 41, 31, 28, 37, 32, 11, 29, 9, 63, 10]
Run 25:
Best OCplx: 2.1533195241679297
Best Sequence: [65, 13, 33, 54, 17, 58, 21, 23, 22, 64, 40, 28, 20, 12, 50, 59, 24, 63, 45, 44, 4, 11, 14, 52, 48, 49, 36, 9, 56, 8, 55, 18, 3, 25, 31, 61, 47, 53, 39, 41, 42, 46, 16, 19, 27, 1, 6, 35, 57, 32, 10, 7, 26, 43, 51, 30, 62, 5, 34, 2, 37, 60, 29, 38, 15]
Run 26:
Best OCplx: 2.1572428638249628
Best Sequence: [19, 14, 27, 25, 37, 52, 12, 64, 8, 65, 2, 62, 28, 58, 5, 31, 7, 59, 40, 47, 55, 22, 63, 60, 29, 38, 11, 23, 24, 9, 45, 44, 32, 54, 48, 36, 43, 13, 21, 49, 34, 10, 57, 6, 51, 53, 61, 26, 42, 35, 17, 4, 39, 33, 46, 30, 1, 3, 18, 41, 56, 16, 20, 15, 50]
Run 27:
Best OCplx: 1.9064443999496545
Best Sequence: [4, 10, 64, 11, 6, 24, 16, 12, 3, 65, 58, 47, 2, 62, 22, 45, 60, 42, 27, 36, 50, 59, 48, 8, 21, 41, 54, 18, 39, 1, 38, 44, 14, 46, 40, 23, 51, 7, 35, 52, 31, 17, 30, 43, 26, 56, 37, 19, 9, 34, 57, 55, 32, 28, 13, 25, 53, 49, 63, 29, 61, 5, 33, 15, 20]
Run 28:
Best OCplx: 2.0276597404817647
Best Sequence: [41, 65, 11, 13, 58, 57, 20, 42, 3, 45, 43, 59, 9, 49, 30, 37, 23, 48, 10, 24, 2, 17, 39, 12, 27, 14, 29, 4, 34, 22, 60, 32, 47, 25, 40, 62, 21, 15, 26, 8, 36, 50, 18, 46, 55, 51, 63, 44, 33, 54, 7, 28, 61, 53, 5, 16, 64, 31, 35, 56, 1, 19, 38, 52, 6]
Run 29:
Best OCplx: 2.2167411879914924
Best Sequence: [65, 32, 53, 58, 60, 42, 33, 4, 2, 15, 19, 28, 54, 22, 11, 55, 59, 29, 41, 61, 9, 10, 3, 47, 45, 27, 62, 8, 1, 56, 21, 37, 12, 48, 6, 38, 17, 35, 30, 46, 40, 13, 7, 51, 20, 23, 49, 50, 43, 34, 57, 24, 31, 14, 25, 18, 36, 16, 5, 63, 64, 44, 26, 39, 52]
Run 30:
Best OCplx: 1.8703088951905564
Best Sequence: [24, 65, 58, 33, 48, 52, 27, 37, 46, 62, 1, 34, 56, 61, 53, 63, 35, 17, 9, 42, 55, 21, 14, 22, 47, 29, 32, 44, 30, 43, 20, 51, 45, 10, 13, 54, 28, 12, 16, 3, 50, 11, 25, 7, 38, 64, 60, 19, 31, 2, 57, 8, 26, 5, 40, 4, 59, 49, 15, 6, 39, 36, 41, 23, 18]
