UPDATE_GLOBAL_ITER: 10
GAMMA: 0.99
MAX_EP: 3000
thread_count: 2
RL: 0.001
if_EWM: True

Run 1:
Best OCplx: 2.381387244107193
Best Sequence: [59, 9, 1, 10, 4, 13, 24, 14, 2, 62, 60, 48, 57, 3, 21, 30, 15, 39, 65, 58, 17, 42, 12, 47, 56, 51, 63, 5, 27, 22, 55, 25, 52, 23, 8, 50, 20, 45, 64, 54, 38, 53, 61, 29, 28, 26, 33, 34, 16, 6, 40, 18, 41, 31, 44, 37, 7, 32, 36, 19, 11, 49, 35, 43, 46]
Run 2:
Best OCplx: 2.107230328574325
Best Sequence: [4, 14, 13, 3, 59, 17, 16, 64, 18, 47, 65, 62, 38, 58, 33, 56, 19, 7, 15, 29, 49, 45, 27, 24, 48, 51, 34, 60, 22, 46, 52, 53, 10, 6, 8, 32, 21, 23, 37, 42, 41, 35, 50, 1, 9, 63, 25, 57, 36, 20, 12, 54, 39, 43, 28, 5, 61, 30, 31, 55, 26, 44, 40, 11, 2]
Run 3:
Best OCplx: 2.880737522259479
Best Sequence: [9, 13, 14, 1, 10, 24, 16, 51, 27, 44, 65, 37, 28, 50, 7, 64, 52, 45, 58, 48, 4, 43, 23, 17, 12, 2, 33, 41, 20, 31, 62, 19, 3, 59, 22, 57, 47, 5, 56, 40, 8, 60, 36, 61, 54, 35, 38, 25, 15, 11, 26, 34, 55, 21, 18, 46, 6, 53, 30, 49, 39, 32, 29, 42, 63]
Run 4:
Best OCplx: 3.296209834150613
Best Sequence: [3, 10, 15, 64, 17, 59, 9, 27, 16, 1, 52, 65, 57, 55, 36, 58, 30, 33, 5, 41, 50, 45, 22, 12, 24, 7, 14, 56, 8, 29, 20, 26, 19, 54, 62, 11, 2, 53, 40, 38, 61, 23, 63, 13, 43, 44, 51, 4, 21, 31, 25, 32, 28, 35, 60, 34, 18, 47, 6, 39, 37, 46, 49, 48, 42]
Run 5:
Best OCplx: 3.0524168779808467
Best Sequence: [52, 60, 17, 64, 13, 9, 59, 3, 24, 42, 15, 6, 1, 2, 33, 65, 53, 31, 27, 12, 37, 57, 54, 55, 58, 34, 16, 47, 22, 20, 56, 51, 49, 44, 36, 19, 63, 40, 43, 14, 46, 4, 8, 41, 10, 38, 50, 11, 32, 26, 7, 62, 5, 29, 21, 23, 45, 61, 30, 39, 18, 48, 25, 35, 28]
Run 6:
Best OCplx: 3.9515528115702603
Best Sequence: [8, 23, 24, 53, 17, 6, 59, 15, 45, 55, 4, 14, 64, 10, 1, 9, 16, 19, 31, 65, 56, 40, 41, 42, 7, 52, 13, 20, 61, 46, 12, 57, 60, 2, 11, 58, 18, 27, 22, 54, 29, 34, 51, 25, 33, 48, 50, 49, 35, 28, 47, 36, 21, 43, 26, 62, 39, 37, 63, 44, 5, 32, 3, 38, 30]
Run 7:
Best OCplx: 2.529253414873233
Best Sequence: [21, 57, 45, 41, 24, 62, 1, 43, 27, 60, 10, 2, 59, 64, 13, 3, 16, 14, 5, 15, 8, 19, 47, 65, 58, 36, 49, 32, 17, 35, 48, 46, 51, 44, 22, 20, 63, 25, 34, 29, 42, 37, 23, 26, 4, 50, 40, 56, 53, 6, 31, 54, 55, 39, 30, 38, 33, 52, 28, 7, 11, 12, 9, 61, 18]
Run 8:
Best OCplx: 2.9762592978523736
Best Sequence: [64, 17, 4, 24, 15, 10, 3, 59, 1, 49, 6, 27, 21, 60, 65, 23, 5, 31, 58, 61, 55, 36, 46, 62, 25, 22, 45, 40, 19, 35, 20, 39, 26, 14, 32, 28, 30, 48, 63, 41, 44, 8, 16, 51, 13, 29, 42, 11, 34, 54, 2, 38, 43, 18, 33, 52, 37, 47, 57, 9, 12, 50, 56, 53, 7]
Run 9:
Best OCplx: 1.7828098305333269
Best Sequence: [3, 15, 9, 1, 10, 24, 14, 6, 16, 61, 8, 65, 58, 43, 5, 47, 22, 35, 48, 40, 20, 54, 52, 17, 27, 46, 12, 49, 38, 36, 11, 23, 45, 53, 18, 25, 55, 19, 60, 7, 31, 13, 51, 30, 59, 2, 39, 41, 62, 42, 56, 34, 29, 33, 32, 44, 50, 64, 21, 57, 63, 4, 28, 26, 37]
Run 10:
Best OCplx: 3.9735987077669894
Best Sequence: [23, 17, 13, 9, 16, 14, 10, 6, 15, 2, 19, 34, 47, 27, 49, 24, 26, 44, 28, 46, 54, 30, 51, 53, 32, 5, 65, 56, 21, 12, 58, 59, 4, 11, 22, 52, 3, 57, 18, 45, 61, 62, 40, 50, 7, 20, 48, 60, 25, 33, 39, 41, 31, 35, 8, 55, 63, 1, 36, 38, 42, 64, 29, 43, 37]
Run 11:
Best OCplx: 2.8816743938800813
Best Sequence: [24, 34, 52, 42, 27, 19, 35, 1, 10, 16, 3, 14, 13, 9, 6, 21, 2, 63, 65, 54, 50, 58, 37, 20, 45, 56, 22, 48, 12, 49, 57, 38, 5, 4, 62, 64, 59, 29, 33, 39, 8, 44, 28, 17, 25, 60, 11, 31, 26, 47, 61, 40, 55, 46, 53, 41, 43, 15, 51, 18, 30, 36, 32, 7, 23]
Run 12:
Best OCplx: 2.1229353844557752
Best Sequence: [1, 21, 9, 15, 14, 17, 13, 16, 10, 49, 27, 62, 65, 42, 37, 2, 58, 5, 8, 3, 22, 38, 6, 57, 4, 11, 19, 41, 61, 64, 29, 44, 48, 35, 34, 45, 53, 47, 33, 54, 51, 59, 50, 36, 31, 55, 40, 25, 18, 28, 43, 7, 12, 60, 26, 23, 30, 20, 24, 56, 39, 46, 32, 63, 52]
Run 13:
Best OCplx: 2.4831433357326165
Best Sequence: [9, 24, 59, 13, 2, 42, 49, 8, 52, 23, 40, 65, 16, 58, 22, 11, 10, 60, 19, 56, 47, 48, 32, 63, 7, 44, 14, 15, 50, 30, 61, 5, 62, 43, 25, 21, 57, 17, 28, 1, 39, 36, 53, 29, 20, 45, 34, 18, 27, 55, 46, 3, 12, 35, 4, 37, 64, 6, 54, 26, 41, 31, 33, 51, 38]
Run 14:
Best OCplx: 3.238518273670449
Best Sequence: [23, 17, 2, 59, 10, 1, 15, 9, 16, 14, 13, 65, 24, 56, 27, 42, 31, 25, 53, 8, 18, 11, 57, 28, 46, 4, 19, 39, 37, 64, 58, 3, 55, 43, 48, 50, 52, 22, 5, 32, 44, 34, 40, 61, 35, 51, 54, 38, 12, 29, 49, 41, 7, 45, 6, 36, 47, 20, 21, 62, 33, 26, 30, 60, 63]
Run 15:
Best OCplx: 3.094941784623117
Best Sequence: [4, 16, 9, 15, 3, 24, 59, 13, 1, 34, 2, 65, 14, 20, 42, 36, 48, 23, 27, 38, 45, 57, 32, 58, 43, 63, 8, 10, 6, 49, 61, 25, 22, 44, 35, 64, 11, 39, 60, 54, 33, 26, 30, 17, 56, 5, 46, 31, 37, 51, 62, 50, 12, 21, 40, 18, 52, 41, 28, 7, 53, 19, 29, 47, 55]
Run 16:
Best OCplx: 2.3523743338684118
Best Sequence: [16, 15, 14, 17, 10, 2, 24, 9, 64, 3, 19, 27, 65, 5, 38, 8, 37, 21, 42, 6, 58, 23, 29, 47, 40, 43, 53, 39, 30, 22, 36, 54, 49, 44, 48, 26, 25, 7, 12, 20, 46, 13, 4, 61, 45, 55, 51, 34, 41, 18, 50, 11, 57, 62, 1, 56, 33, 35, 63, 31, 60, 28, 52, 59, 32]
Run 17:
Best OCplx: 3.1748130897350286
Best Sequence: [49, 24, 65, 41, 62, 21, 55, 13, 10, 2, 9, 6, 17, 3, 1, 16, 12, 7, 8, 14, 5, 4, 15, 59, 57, 40, 56, 31, 51, 58, 11, 61, 22, 19, 32, 52, 45, 37, 18, 60, 64, 38, 54, 27, 47, 26, 53, 28, 25, 36, 33, 50, 63, 46, 48, 30, 35, 39, 34, 23, 44, 42, 20, 29, 43]
Run 18:
Best OCplx: 2.025020940644676
Best Sequence: [9, 4, 24, 16, 14, 59, 2, 6, 64, 15, 3, 10, 65, 49, 51, 58, 5, 35, 44, 54, 23, 27, 17, 53, 22, 1, 20, 13, 32, 61, 45, 52, 25, 37, 43, 34, 31, 50, 26, 38, 19, 28, 57, 11, 33, 12, 21, 60, 47, 55, 40, 39, 42, 7, 41, 29, 56, 18, 62, 30, 48, 36, 46, 8, 63]
Run 19:
Best OCplx: 3.282650421950651
Best Sequence: [30, 3, 13, 15, 9, 14, 6, 24, 64, 2, 16, 4, 49, 61, 46, 5, 32, 23, 54, 27, 65, 56, 10, 41, 38, 53, 8, 43, 58, 59, 1, 7, 63, 50, 22, 48, 51, 55, 40, 21, 47, 17, 11, 52, 35, 29, 37, 36, 42, 34, 60, 45, 25, 28, 20, 19, 31, 33, 44, 39, 18, 57, 12, 26, 62]
