Run 1:
Best OCplx: 0.648574624620825
Best Sequence: [16, 20, 15, 23, 38, 13, 21, 17, 39, 34, 22, 8, 14, 18, 7, 3, 24, 5, 30, 27, 36, 32, 26, 1, 11, 10, 29, 33, 31, 19, 25, 35, 37, 28, 12, 2, 9, 6, 4]
Run 2:
Best OCplx: 0.6499011319059727
Best Sequence: [36, 5, 39, 14, 22, 8, 27, 24, 11, 26, 28, 34, 2, 30, 7, 32, 29, 17, 10, 21, 1, 38, 20, 19, 23, 13, 3, 33, 16, 35, 15, 31, 18, 12, 37, 25, 9, 6, 4]
Run 3:
Best OCplx: 0.8470224344959207
Best Sequence: [15, 26, 35, 2, 27, 13, 11, 24, 14, 19, 5, 16, 23, 22, 28, 36, 20, 29, 7, 10, 21, 31, 34, 32, 1, 39, 18, 33, 17, 25, 37, 8, 38, 30, 12, 9, 6, 4, 3]
Run 4:
Best OCplx: 0.8084529737039274
Best Sequence: [15, 7, 16, 23, 38, 30, 36, 2, 14, 11, 20, 18, 39, 5, 24, 17, 35, 1, 3, 22, 8, 19, 25, 28, 21, 27, 31, 26, 34, 32, 29, 10, 13, 37, 33, 12, 9, 6, 4]
Run 5:
Best OCplx: 0.7948171634571337
Best Sequence: [21, 30, 13, 11, 36, 31, 33, 27, 29, 1, 5, 34, 22, 17, 10, 7, 3, 20, 19, 38, 15, 26, 39, 2, 28, 8, 16, 14, 24, 35, 37, 18, 25, 12, 23, 9, 6, 4, 32]
Run 6:
Best OCplx: 0.7405741591559631
Best Sequence: [8, 39, 5, 19, 3, 2, 36, 11, 7, 27, 10, 17, 28, 32, 23, 24, 33, 34, 38, 1, 22, 30, 29, 35, 31, 16, 15, 25, 21, 12, 13, 9, 37, 18, 26, 20, 6, 4, 14]
Run 7:
Best OCplx: 0.7292082215186636
Best Sequence: [20, 36, 1, 21, 16, 26, 29, 38, 30, 17, 11, 7, 12, 18, 24, 27, 33, 22, 13, 8, 15, 34, 14, 2, 10, 23, 19, 5, 35, 32, 39, 28, 31, 25, 37, 3, 9, 6, 4]
Run 8:
Best OCplx: 0.714183566559295
Best Sequence: [36, 14, 5, 39, 27, 3, 29, 30, 24, 28, 8, 38, 35, 17, 26, 34, 2, 32, 20, 11, 10, 33, 19, 21, 22, 16, 13, 31, 15, 37, 23, 12, 18, 25, 7, 1, 9, 6, 4]
Run 9:
Best OCplx: 0.7340294041176629
Best Sequence: [7, 3, 22, 36, 16, 24, 32, 5, 38, 26, 28, 17, 20, 34, 30, 15, 31, 11, 19, 1, 33, 29, 14, 18, 39, 23, 2, 21, 25, 35, 27, 8, 37, 10, 13, 9, 6, 12, 4]
Run 10:
Best OCplx: 0.7107028144387959
Best Sequence: [16, 11, 15, 24, 5, 26, 22, 2, 23, 3, 38, 19, 35, 21, 34, 17, 36, 39, 8, 28, 13, 14, 27, 7, 30, 20, 10, 29, 1, 33, 18, 32, 25, 12, 31, 37, 9, 6, 4]
Run 11:
Best OCplx: 0.7524863969634557
Best Sequence: [15, 32, 3, 11, 21, 20, 10, 2, 17, 33, 1, 30, 38, 19, 7, 26, 12, 22, 23, 28, 13, 36, 35, 16, 24, 34, 8, 31, 18, 5, 14, 25, 29, 39, 27, 37, 9, 6, 4]
Run 12:
Best OCplx: 0.7372435258503289
Best Sequence: [30, 36, 20, 33, 31, 11, 3, 28, 21, 16, 34, 38, 1, 23, 7, 13, 15, 26, 35, 17, 8, 39, 22, 32, 27, 2, 24, 5, 10, 19, 18, 14, 25, 29, 12, 37, 9, 6, 4]
Run 13:
Best OCplx: 0.7428301085721045
Best Sequence: [38, 5, 34, 24, 16, 2, 7, 20, 15, 39, 21, 8, 11, 27, 23, 10, 33, 31, 36, 19, 17, 14, 1, 30, 26, 18, 12, 35, 9, 37, 3, 25, 28, 32, 13, 22, 6, 4, 29]
Run 14:
Best OCplx: 0.6930251449091323
Best Sequence: [17, 22, 21, 11, 24, 5, 36, 18, 38, 13, 29, 34, 15, 19, 20, 23, 39, 1, 14, 25, 30, 27, 8, 10, 33, 12, 3, 16, 26, 7, 2, 28, 35, 32, 31, 37, 9, 6, 4]
Run 15:
Best OCplx: 0.8116670954365932
Best Sequence: [3, 13, 7, 24, 8, 32, 35, 27, 21, 11, 15, 36, 30, 14, 16, 34, 39, 10, 29, 5, 19, 2, 18, 28, 1, 33, 37, 26, 20, 12, 38, 17, 22, 25, 23, 9, 6, 4, 31]
Run 16:
Best OCplx: 0.8474679138841492
Best Sequence: [1, 27, 35, 21, 32, 24, 7, 11, 34, 38, 3, 28, 5, 19, 10, 23, 20, 22, 33, 39, 15, 31, 13, 25, 26, 14, 18, 8, 30, 17, 29, 2, 16, 37, 12, 9, 6, 4, 36]
Run 17:
Best OCplx: 0.6231422043406816
Best Sequence: [36, 24, 38, 8, 30, 29, 3, 2, 32, 23, 20, 21, 28, 13, 17, 11, 19, 26, 34, 39, 27, 15, 16, 22, 31, 5, 18, 10, 1, 33, 14, 7, 35, 25, 37, 12, 9, 6, 4]
Run 18:
Best OCplx: 0.6804352883663007
Best Sequence: [16, 19, 2, 24, 7, 22, 38, 11, 34, 21, 3, 20, 14, 32, 13, 39, 28, 27, 1, 26, 10, 30, 33, 17, 36, 23, 29, 5, 15, 18, 35, 31, 37, 25, 9, 12, 6, 4, 8]
Run 19:
Best OCplx: 0.7916030417244675
Best Sequence: [24, 13, 17, 2, 36, 20, 23, 16, 29, 33, 38, 26, 19, 21, 22, 32, 18, 39, 8, 3, 7, 35, 28, 15, 27, 1, 25, 30, 34, 14, 5, 37, 11, 10, 12, 31, 9, 6, 4]
Run 20:
Best OCplx: 0.7350753578216249
Best Sequence: [7, 5, 20, 39, 38, 24, 16, 14, 21, 34, 36, 31, 3, 32, 28, 2, 13, 11, 10, 35, 17, 33, 8, 30, 1, 29, 15, 27, 26, 19, 22, 23, 18, 25, 37, 12, 9, 6, 4]
Run 21:
Best OCplx: 0.6884705926979661
Best Sequence: [24, 27, 1, 38, 19, 26, 34, 11, 20, 5, 15, 28, 3, 36, 18, 8, 7, 10, 29, 17, 14, 21, 31, 13, 35, 32, 12, 23, 22, 25, 2, 39, 9, 37, 30, 6, 16, 33, 4]
Run 22:
Best OCplx: 0.7677776823106571
Best Sequence: [34, 11, 1, 27, 20, 36, 39, 15, 24, 33, 28, 19, 21, 22, 14, 10, 30, 13, 35, 29, 16, 12, 18, 26, 3, 25, 23, 17, 32, 5, 8, 2, 31, 38, 37, 9, 6, 4, 7]
Run 23:
Best OCplx: 0.8450191922742597
Best Sequence: [3, 17, 24, 36, 18, 27, 19, 1, 28, 7, 11, 16, 39, 34, 13, 8, 38, 20, 31, 10, 35, 23, 2, 25, 33, 29, 21, 26, 32, 12, 14, 22, 37, 30, 5, 9, 6, 4, 15]
Run 24:
Best OCplx: 0.6871440854128185
Best Sequence: [23, 11, 10, 24, 20, 27, 21, 22, 19, 36, 16, 32, 5, 29, 15, 18, 17, 3, 30, 2, 39, 7, 26, 8, 34, 35, 1, 13, 28, 12, 31, 14, 37, 33, 25, 9, 6, 4, 38]
Run 25:
Best OCplx: 0.8084390505105746
Best Sequence: [20, 15, 11, 21, 7, 18, 34, 14, 24, 32, 17, 2, 19, 25, 8, 31, 16, 3, 27, 10, 23, 33, 37, 36, 13, 35, 26, 12, 39, 28, 5, 29, 1, 30, 22, 9, 6, 4, 38]
Run 26:
Best OCplx: 0.7305347288038111
Best Sequence: [38, 27, 26, 24, 20, 11, 36, 28, 22, 21, 17, 23, 1, 30, 8, 34, 35, 12, 29, 18, 19, 2, 15, 7, 14, 32, 25, 39, 3, 5, 10, 33, 37, 31, 16, 13, 9, 6, 4]
Run 27:
Best OCplx: 0.7151278156824672
Best Sequence: [30, 36, 20, 24, 26, 1, 32, 11, 17, 27, 10, 15, 31, 21, 5, 19, 33, 16, 39, 13, 14, 7, 29, 2, 38, 22, 25, 35, 37, 18, 23, 12, 3, 34, 28, 8, 9, 6, 4]
Run 28:
Best OCplx: 0.7736448186136186
Best Sequence: [34, 30, 14, 38, 5, 39, 11, 7, 8, 20, 22, 23, 3, 28, 32, 27, 26, 10, 17, 35, 33, 15, 24, 18, 31, 13, 19, 1, 2, 29, 37, 16, 21, 12, 36, 25, 9, 6, 4]
Run 29:
Best OCplx: 0.8356573806574465
Best Sequence: [28, 7, 27, 1, 30, 14, 36, 17, 11, 10, 35, 16, 22, 21, 32, 19, 18, 33, 23, 38, 29, 24, 34, 31, 39, 3, 13, 20, 26, 25, 2, 8, 12, 37, 5, 15, 9, 6, 4]
Run 30:
Best OCplx: 0.7936071677449541
Best Sequence: [7, 24, 38, 15, 28, 39, 36, 8, 21, 3, 25, 1, 16, 34, 17, 5, 2, 22, 13, 11, 10, 26, 19, 23, 18, 32, 31, 14, 33, 35, 29, 27, 12, 30, 20, 37, 9, 6, 4]
Learning Rate: 0.0001
Epsilon: 0.1
Gamma: 0.99
Reward Version: v2
