Run 3:
Best OCplx: 0.6106831292065638
Best Sequence: [16, 13, 21, 8, 14, 5, 17, 22, 7, 12, 11, 18, 19, 23, 20, 4, 6, 10, 1, 9, 2, 3, 15]
Run 4:
Best OCplx: 0.4821182598999188
Best Sequence: [22, 11, 16, 1, 10, 21, 18, 23, 20, 13, 8, 7, 19, 6, 5, 12, 14, 9, 4, 17, 2, 3, 15]
Run 5:
Best OCplx: 0.38569460791993504
Best Sequence: [8, 11, 10, 1, 19, 16, 13, 14, 22, 9, 5, 6, 17, 7, 21, 12, 4, 2, 18, 23, 3, 15, 20]
Run 6:
Best OCplx: 0.2892709559399513
Best Sequence: [21, 11, 9, 22, 17, 1, 13, 6, 23, 8, 7, 12, 16, 18, 14, 4, 19, 10, 5, 20, 2, 3, 15]
Run 7:
Best OCplx: 0.51425947722658
Best Sequence: [16, 6, 8, 1, 17, 19, 11, 9, 7, 10, 18, 22, 14, 12, 20, 23, 5, 4, 21, 13, 2, 3, 15]
Run 8:
Best OCplx: 0.38569460791993504
Best Sequence: [19, 17, 1, 9, 16, 8, 11, 22, 10, 5, 18, 6, 14, 23, 12, 13, 20, 4, 7, 2, 21, 3, 15]
Run 9:
Best OCplx: 0.4821182598999188
Best Sequence: [11, 8, 19, 23, 13, 16, 22, 21, 20, 12, 14, 9, 10, 18, 6, 7, 5, 17, 4, 1, 2, 3, 15]
Run 10:
Best OCplx: 0.25712973861329
Best Sequence: [1, 19, 11, 21, 8, 23, 10, 13, 9, 5, 12, 4, 6, 17, 22, 7, 16, 2, 3, 18, 14, 20, 15]
Run 11:
Best OCplx: 0.25712973861329
Best Sequence: [7, 16, 1, 22, 9, 8, 21, 18, 13, 6, 17, 12, 11, 10, 19, 5, 20, 23, 4, 14, 2, 3, 15]
Run 12:
Best OCplx: 0.5464006945532413
Best Sequence: [8, 22, 6, 11, 12, 21, 9, 23, 19, 18, 7, 16, 10, 5, 17, 1, 20, 13, 4, 14, 15, 2, 3]
Run 13:
Best OCplx: 0.6428243465332251
Best Sequence: [19, 13, 22, 11, 7, 8, 14, 16, 18, 5, 17, 6, 10, 20, 23, 12, 1, 9, 4, 21, 2, 3, 15]
Run 14:
Best OCplx: 0.44997704257325755
Best Sequence: [17, 7, 8, 11, 13, 12, 21, 10, 6, 5, 14, 1, 19, 23, 16, 22, 20, 9, 4, 18, 2, 3, 15]
Run 15:
Best OCplx: 0.44997704257325755
Best Sequence: [22, 16, 18, 7, 9, 21, 6, 1, 17, 14, 13, 11, 19, 12, 20, 23, 4, 10, 5, 2, 8, 3, 15]
Run 16:
Best OCplx: 0.2892709559399513
Best Sequence: [1, 17, 11, 13, 19, 8, 20, 6, 10, 9, 7, 22, 16, 12, 5, 21, 4, 23, 2, 3, 15, 14, 18]
Run 17:
Best OCplx: 0.44997704257325755
Best Sequence: [11, 23, 16, 19, 7, 1, 20, 8, 12, 10, 5, 13, 18, 6, 9, 22, 4, 2, 3, 15, 14, 21, 17]
Run 18:
Best OCplx: 0.5464006945532413
Best Sequence: [16, 8, 23, 5, 7, 22, 14, 11, 10, 19, 6, 21, 13, 12, 9, 17, 18, 20, 4, 1, 2, 3, 15]
Run 19:
Best OCplx: 0.6749655638598863
Best Sequence: [9, 11, 22, 23, 21, 13, 1, 16, 8, 5, 19, 20, 12, 4, 7, 14, 18, 6, 17, 10, 2, 3, 15]
Run 20:
Best OCplx: 0.4178358252465963
Best Sequence: [12, 8, 11, 7, 17, 9, 10, 1, 14, 5, 22, 23, 4, 13, 21, 6, 18, 16, 20, 19, 2, 3, 15]
Run 21:
Best OCplx: 0.38569460791993504
Best Sequence: [11, 9, 10, 8, 19, 17, 1, 6, 12, 13, 7, 20, 16, 4, 5, 23, 22, 18, 14, 21, 2, 3, 15]
Run 22:
Best OCplx: 0.22498852128662877
Best Sequence: [11, 23, 19, 22, 13, 12, 1, 8, 7, 16, 10, 5, 21, 18, 9, 17, 6, 20, 4, 2, 3, 15, 14]
Run 23:
Best OCplx: 0.44997704257325755
Best Sequence: [22, 11, 21, 6, 12, 9, 13, 8, 10, 17, 20, 1, 7, 14, 5, 23, 19, 16, 18, 4, 2, 3, 15]
Run 24:
Best OCplx: 0.44997704257325755
Best Sequence: [9, 7, 1, 19, 6, 21, 12, 8, 17, 14, 13, 22, 20, 11, 16, 4, 18, 10, 5, 2, 3, 23, 15]
Run 25:
Best OCplx: 0.48211825989991874
Best Sequence: [13, 1, 8, 21, 16, 19, 12, 17, 6, 23, 22, 11, 14, 20, 5, 18, 7, 9, 10, 4, 2, 3, 15]
Run 26:
Best OCplx: 0.6106831292065638
Best Sequence: [19, 23, 8, 21, 6, 9, 22, 11, 18, 12, 10, 5, 4, 16, 17, 14, 15, 20, 7, 13, 1, 2, 3]
Run 27:
Best OCplx: 0.19284730395996752
Best Sequence: [11, 21, 9, 8, 12, 13, 7, 17, 22, 18, 16, 1, 10, 4, 5, 20, 6, 2, 19, 3, 23, 15, 14]
Run 28:
Best OCplx: 0.2892709559399513
Best Sequence: [7, 22, 13, 1, 12, 8, 14, 21, 11, 10, 9, 17, 6, 5, 19, 23, 4, 18, 20, 2, 3, 16, 15]
Run 29:
Best OCplx: 0.32141217326661253
Best Sequence: [12, 16, 8, 18, 21, 19, 22, 11, 9, 10, 17, 5, 23, 6, 4, 13, 1, 14, 20, 7, 2, 3, 15]
Run 30:
Best OCplx: 0.51425947722658
Best Sequence: [8, 11, 10, 18, 5, 19, 12, 9, 16, 23, 14, 6, 20, 7, 22, 21, 1, 4, 17, 13, 2, 3, 15]
Learning Rate: 1e-05
Epsilon: 0.1
Gamma: 0.99
Reward Version: v2
if_EWM: False
