Run 1:
Best OCplx: 2.2230392784670525
Best Sequence: [8, 5, 16, 12, 3, 15, 17, 9, 22, 10, 4, 19, 1, 7, 21, 24, 20, 11, 23, 2, 14, 18, 6, 13, 25]
Run 2:
Best OCplx: 2.1453715751457945
Best Sequence: [16, 9, 15, 12, 3, 5, 10, 20, 21, 19, 2, 6, 23, 4, 7, 22, 1, 8, 24, 18, 25, 11, 17, 13, 14]
Run 3:
Best OCplx: 1.7744245930048863
Best Sequence: [5, 4, 15, 16, 12, 8, 3, 9, 1, 17, 7, 22, 11, 10, 19, 20, 21, 18, 2, 25, 13, 24, 14, 23, 6]
Run 4:
Best OCplx: 2.011684644571352
Best Sequence: [12, 15, 16, 3, 8, 9, 17, 5, 7, 1, 4, 20, 10, 11, 22, 19, 21, 2, 23, 14, 24, 6, 18, 13, 25]
Run 5:
Best OCplx: 1.995496402970103
Best Sequence: [12, 16, 5, 15, 3, 8, 9, 7, 1, 22, 17, 11, 10, 20, 19, 21, 2, 23, 4, 24, 14, 6, 18, 25, 13]
Run 6:
Best OCplx: 1.6839283293171001
Best Sequence: [4, 3, 5, 16, 15, 8, 12, 9, 7, 1, 10, 11, 17, 22, 19, 24, 20, 21, 2, 18, 25, 14, 6, 23, 13]
Run 7:
Best OCplx: 1.853490230759229
Best Sequence: [9, 15, 12, 3, 8, 16, 5, 7, 22, 1, 17, 10, 19, 24, 4, 11, 21, 23, 20, 2, 6, 14, 18, 13, 25]
Run 8:
Best OCplx: 1.662430773587003
Best Sequence: [12, 3, 8, 4, 16, 9, 15, 5, 1, 10, 22, 7, 19, 24, 17, 20, 11, 2, 14, 21, 6, 23, 18, 25, 13]
Run 9:
Best OCplx: 1.7168001376474078
Best Sequence: [12, 3, 15, 16, 5, 8, 9, 7, 22, 10, 17, 1, 24, 19, 20, 21, 2, 6, 23, 4, 11, 14, 18, 25, 13]
Run 10:
Best OCplx: 1.7984349576368868
Best Sequence: [15, 12, 3, 16, 9, 5, 1, 10, 8, 7, 17, 22, 11, 19, 4, 20, 21, 24, 2, 23, 6, 14, 18, 25, 13]
Run 11:
Best OCplx: 2.127317560368229
Best Sequence: [8, 15, 16, 9, 12, 3, 5, 19, 6, 20, 17, 7, 4, 22, 10, 1, 21, 11, 2, 23, 14, 24, 18, 25, 13]
Run 12:
Best OCplx: 2.288995107221605
Best Sequence: [12, 16, 7, 5, 3, 15, 8, 9, 20, 1, 19, 2, 10, 4, 21, 11, 22, 23, 6, 25, 24, 14, 13, 17, 18]
Run 13:
Best OCplx: 2.341903618751802
Best Sequence: [16, 9, 12, 5, 3, 15, 8, 1, 20, 6, 21, 17, 19, 23, 2, 11, 22, 10, 24, 25, 4, 7, 18, 13, 14]
Run 14:
Best OCplx: 1.910159225166961
Best Sequence: [12, 3, 16, 5, 8, 15, 9, 1, 22, 19, 7, 17, 10, 20, 11, 21, 18, 2, 4, 6, 14, 23, 24, 25, 13]
Run 15:
Best OCplx: 2.0134645127260833
Best Sequence: [4, 15, 16, 8, 19, 5, 12, 9, 3, 1, 23, 7, 10, 17, 6, 22, 11, 20, 21, 2, 18, 24, 13, 25, 14]
Run 16:
Best OCplx: 1.8114502431516817
Best Sequence: [5, 3, 15, 16, 8, 12, 17, 9, 1, 10, 22, 7, 11, 19, 24, 20, 2, 14, 4, 21, 23, 18, 6, 13, 25]
Run 17:
Best OCplx: 1.4004521515927657
Best Sequence: [4, 12, 15, 3, 9, 8, 5, 16, 10, 7, 19, 17, 1, 22, 11, 20, 21, 2, 24, 23, 6, 14, 18, 25, 13]
Run 18:
Best OCplx: 1.4004521515927657
Best Sequence: [15, 12, 9, 3, 8, 4, 5, 16, 7, 22, 17, 1, 10, 19, 20, 11, 21, 2, 24, 23, 18, 6, 25, 14, 13]
Run 19:
Best OCplx: 1.4004521515927657
Best Sequence: [5, 12, 3, 8, 9, 4, 15, 16, 10, 7, 1, 22, 11, 17, 19, 20, 24, 21, 23, 2, 6, 18, 14, 13, 25]
Run 20:
Best OCplx: 1.8694927801904788
Best Sequence: [15, 3, 16, 8, 12, 1, 9, 5, 22, 19, 11, 10, 17, 7, 20, 21, 4, 2, 23, 24, 6, 14, 18, 13, 25]
Run 21:
Best OCplx: 1.6163240705610344
Best Sequence: [9, 4, 12, 3, 16, 5, 15, 1, 8, 22, 10, 7, 17, 19, 24, 11, 23, 20, 21, 2, 14, 6, 18, 13, 25]
Run 22:
Best OCplx: 1.5638927776875997
Best Sequence: [4, 3, 5, 15, 12, 9, 16, 8, 1, 11, 7, 17, 10, 22, 19, 24, 20, 23, 21, 2, 14, 18, 6, 25, 13]
Run 23:
Best OCplx: 1.6817383205649687
Best Sequence: [12, 9, 3, 15, 8, 16, 5, 17, 1, 10, 22, 7, 19, 11, 21, 20, 2, 14, 23, 24, 4, 6, 18, 13, 25]
Run 24:
Best OCplx: 1.8114502431516817
Best Sequence: [3, 8, 9, 15, 12, 16, 1, 5, 10, 22, 19, 17, 24, 7, 20, 11, 2, 21, 6, 4, 23, 14, 18, 25, 13]
Run 25:
Best OCplx: 1.8694927801904788
Best Sequence: [5, 3, 15, 16, 12, 8, 1, 7, 9, 22, 17, 10, 11, 19, 20, 21, 6, 23, 2, 14, 4, 25, 24, 18, 13]
Run 26:
Best OCplx: 1.7545295694781513
Best Sequence: [4, 5, 3, 8, 15, 12, 16, 7, 9, 1, 10, 17, 22, 19, 11, 23, 24, 14, 20, 21, 2, 18, 6, 25, 13]
Run 27:
Best OCplx: 1.571857023035763
Best Sequence: [15, 4, 12, 16, 19, 20, 5, 9, 3, 8, 1, 22, 17, 10, 7, 21, 2, 14, 11, 23, 24, 6, 18, 25, 13]
Run 28:
Best OCplx: 1.5450482274531476
Best Sequence: [12, 15, 5, 9, 3, 8, 16, 1, 17, 10, 22, 19, 7, 11, 20, 21, 2, 4, 23, 6, 24, 14, 25, 18, 13]
Run 29:
Best OCplx: 2.3290555749782413
Best Sequence: [16, 8, 12, 15, 14, 9, 19, 3, 20, 1, 21, 2, 11, 7, 10, 23, 22, 17, 18, 25, 4, 5, 13, 24, 6]
Run 30:
Best OCplx: 1.8456212307944113
Best Sequence: [12, 16, 3, 19, 9, 15, 8, 5, 17, 10, 1, 22, 7, 20, 11, 21, 2, 4, 23, 6, 24, 14, 25, 18, 13]
