Run 1:
Best OCplx: 0.4872750420614582
Best Sequence: [11, 9, 22, 18, 8, 10, 16, 5, 1, 17, 13, 4, 6, 19, 7, 23, 20, 2, 3, 15, 12, 14, 21]
Run 2:
Best OCplx: 0.43313337072129615
Best Sequence: [11, 22, 17, 9, 8, 14, 13, 12, 1, 4, 20, 10, 23, 21, 5, 7, 2, 6, 19, 3, 16, 18, 15]
Run 3:
Best OCplx: 0.41676508861565525
Best Sequence: [21, 12, 17, 4, 22, 16, 1, 7, 9, 23, 11, 5, 2, 18, 13, 8, 6, 3, 15, 14, 10, 19, 20]
Run 4:
Best OCplx: 0.3626234172754932
Best Sequence: [13, 7, 21, 11, 22, 12, 1, 8, 10, 17, 5, 23, 4, 16, 18, 9, 2, 6, 20, 14, 3, 19, 15]
Run 5:
Best OCplx: 0.4060625350512152
Best Sequence: [22, 16, 11, 21, 10, 1, 17, 19, 8, 23, 13, 5, 12, 20, 15, 18, 9, 14, 7, 4, 6, 2, 3]
Run 6:
Best OCplx: 0.6062609383062223
Best Sequence: [1, 18, 11, 13, 7, 8, 6, 22, 21, 12, 10, 17, 5, 16, 4, 14, 9, 23, 2, 19, 15, 3, 20]
Run 7:
Best OCplx: 0.35192086371105313
Best Sequence: [11, 22, 10, 19, 8, 7, 18, 9, 12, 23, 16, 6, 1, 4, 17, 5, 2, 3, 15, 13, 20, 21, 14]
Run 8:
Best OCplx: 0.2436375210307291
Best Sequence: [21, 17, 1, 19, 11, 7, 9, 23, 22, 10, 8, 16, 20, 13, 5, 12, 18, 4, 14, 6, 2, 3, 15]
Run 9:
Best OCplx: 0.5143458777315392
Best Sequence: [11, 22, 17, 1, 9, 12, 8, 18, 20, 4, 10, 16, 7, 23, 14, 19, 21, 5, 6, 2, 13, 15, 3]
Run 10:
Best OCplx: 0.4487954910310764
Best Sequence: [19, 10, 8, 18, 22, 17, 1, 12, 13, 9, 21, 5, 4, 11, 16, 7, 6, 23, 2, 3, 15, 20, 14]
Run 11:
Best OCplx: 0.6226292204118633
Best Sequence: [21, 9, 19, 23, 7, 11, 17, 8, 16, 6, 12, 14, 13, 10, 5, 1, 3, 20, 4, 18, 15, 2, 22]
Run 12:
Best OCplx: 0.43313337072129615
Best Sequence: [16, 21, 8, 14, 11, 13, 22, 17, 5, 12, 10, 18, 9, 20, 1, 4, 19, 6, 7, 23, 2, 3, 15]
Run 13:
Best OCplx: 0.4872750420614582
Best Sequence: [16, 21, 13, 11, 12, 18, 8, 17, 7, 6, 1, 10, 9, 23, 5, 14, 20, 19, 15, 4, 2, 22, 3]
Run 14:
Best OCplx: 0.47586632670115747
Best Sequence: [7, 16, 8, 22, 17, 14, 12, 10, 1, 13, 5, 9, 23, 21, 4, 11, 6, 2, 3, 15, 18, 19, 20]
Run 15:
Best OCplx: 0.4758663267011574
Best Sequence: [13, 21, 10, 8, 16, 9, 23, 14, 12, 7, 5, 1, 19, 22, 4, 11, 17, 2, 18, 6, 3, 20, 15]
Run 16:
Best OCplx: 0.4331333707212962
Best Sequence: [19, 7, 22, 8, 23, 21, 13, 12, 6, 9, 17, 18, 5, 4, 11, 1, 20, 16, 2, 10, 14, 3, 15]
Run 17:
Best OCplx: 0.5414167134016202
Best Sequence: [17, 11, 7, 9, 18, 8, 19, 13, 10, 5, 1, 16, 6, 22, 21, 12, 4, 2, 14, 20, 15, 3, 23]
Run 18:
Best OCplx: 0.5684875490717012
Best Sequence: [11, 18, 8, 10, 6, 19, 16, 17, 22, 23, 1, 14, 7, 20, 13, 12, 9, 15, 5, 4, 21, 2, 3]
Run 19:
Best OCplx: 0.506668209859154
Best Sequence: [11, 8, 12, 7, 9, 1, 18, 13, 4, 10, 16, 5, 17, 20, 19, 2, 3, 22, 6, 14, 15, 23, 21]
Run 20:
Best OCplx: 0.35192086371105313
Best Sequence: [9, 11, 21, 8, 13, 20, 16, 6, 1, 17, 23, 7, 19, 10, 12, 5, 22, 4, 2, 14, 18, 3, 15]
Run 21:
Best OCplx: 0.5955583847417822
Best Sequence: [16, 11, 13, 21, 12, 8, 1, 23, 10, 6, 5, 19, 9, 4, 14, 15, 22, 20, 7, 17, 2, 18, 3]
Run 22:
Best OCplx: 0.43313337072129615
Best Sequence: [8, 18, 22, 19, 1, 13, 11, 7, 17, 10, 14, 12, 21, 5, 9, 4, 2, 23, 16, 20, 6, 3, 15]
Run 23:
Best OCplx: 0.40606253505121515
Best Sequence: [13, 8, 21, 16, 6, 1, 5, 12, 7, 23, 17, 18, 19, 9, 4, 2, 3, 11, 20, 22, 10, 15, 14]
Run 24:
Best OCplx: 0.5143458777315392
Best Sequence: [19, 16, 8, 17, 20, 11, 7, 13, 12, 22, 14, 10, 5, 9, 1, 23, 18, 4, 6, 15, 2, 3, 21]
Run 25:
Best OCplx: 0.4872750420614582
Best Sequence: [16, 8, 11, 21, 12, 19, 7, 17, 23, 10, 6, 13, 14, 9, 1, 5, 20, 3, 22, 18, 4, 15, 2]
Run 26:
Best OCplx: 0.2707083567008101
Best Sequence: [12, 21, 17, 16, 8, 13, 9, 18, 19, 23, 4, 6, 14, 11, 1, 10, 7, 5, 20, 2, 3, 22, 15]
Run 27:
Best OCplx: 0.42494922966847565
Best Sequence: [22, 7, 6, 9, 21, 13, 12, 4, 8, 17, 19, 20, 18, 1, 5, 2, 16, 11, 10, 3, 23, 15, 14]
Run 28:
Best OCplx: 0.5955583847417822
Best Sequence: [18, 21, 9, 5, 17, 8, 23, 12, 4, 1, 19, 22, 6, 2, 20, 11, 14, 3, 16, 13, 15, 7, 10]
Run 29:
Best OCplx: 0.4331333707212962
Best Sequence: [8, 21, 12, 23, 11, 22, 17, 18, 5, 1, 7, 19, 16, 9, 4, 14, 13, 2, 6, 3, 15, 20, 10]
Run 30:
Best OCplx: 0.2707083567008101
Best Sequence: [19, 21, 22, 11, 12, 8, 9, 16, 23, 10, 14, 18, 5, 7, 17, 20, 1, 13, 6, 4, 2, 3, 15]
