Run 1:
Best OCplx: 2.0110925270517193
Best Sequence: [65, 3, 15, 52, 58, 14, 57, 62, 13, 23, 64, 27, 29, 47, 51, 16, 32, 56, 22, 6, 8, 38, 53, 2, 18, 55, 54, 10, 37, 24, 42, 35, 21, 36, 4, 40, 20, 59, 46, 41, 7, 48, 26, 11, 30, 5, 61, 44, 63, 19, 33, 28, 9, 34, 39, 60, 17, 31, 49, 12, 25, 43, 45, 50, 1]
Run 2:
Best OCplx: 2.1979788683795634
Best Sequence: [9, 64, 13, 65, 58, 49, 33, 27, 4, 2, 11, 32, 62, 6, 38, 41, 59, 16, 12, 28, 54, 37, 55, 29, 17, 56, 50, 46, 60, 19, 8, 24, 39, 14, 26, 10, 48, 40, 53, 61, 63, 45, 47, 30, 15, 18, 36, 51, 34, 43, 42, 31, 23, 7, 1, 35, 44, 52, 22, 5, 25, 57, 20, 3, 21]
Run 3:
Best OCplx: 1.9570972592093734
Best Sequence: [65, 24, 42, 46, 17, 1, 11, 31, 27, 59, 16, 58, 40, 34, 13, 53, 9, 43, 22, 63, 48, 4, 19, 47, 64, 57, 14, 55, 21, 50, 32, 33, 15, 56, 8, 12, 20, 44, 29, 35, 28, 51, 62, 39, 6, 30, 36, 25, 23, 5, 52, 49, 7, 2, 54, 61, 60, 45, 18, 3, 10, 38, 41, 37, 26]
Run 4:
Best OCplx: 2.5744267765350304
Best Sequence: [58, 21, 32, 30, 17, 43, 60, 41, 23, 27, 57, 2, 14, 51, 40, 9, 26, 1, 56, 44, 29, 50, 52, 47, 25, 54, 13, 53, 46, 28, 39, 12, 35, 5, 37, 24, 36, 42, 49, 59, 45, 55, 10, 64, 48, 8, 11, 34, 19, 4, 63, 18, 65, 33, 6, 16, 20, 22, 3, 7, 15, 62, 61, 38, 31]
Run 5:
Best OCplx: 2.4935413998965608
Best Sequence: [44, 58, 45, 14, 46, 28, 39, 55, 49, 24, 47, 41, 22, 27, 50, 19, 42, 51, 43, 33, 4, 6, 38, 5, 48, 8, 53, 64, 25, 23, 52, 30, 21, 11, 2, 16, 20, 17, 26, 29, 54, 35, 18, 65, 36, 63, 37, 32, 12, 34, 3, 60, 40, 59, 15, 31, 57, 9, 62, 10, 13, 56, 7, 1, 61]
Run 6:
Best OCplx: 2.215884496850451
Best Sequence: [65, 9, 58, 55, 2, 61, 21, 40, 24, 15, 38, 23, 20, 12, 53, 3, 44, 64, 54, 6, 28, 13, 57, 16, 46, 27, 39, 33, 52, 59, 8, 60, 7, 37, 42, 26, 50, 22, 41, 48, 63, 36, 45, 10, 43, 14, 62, 19, 18, 29, 4, 11, 49, 47, 1, 34, 51, 35, 32, 30, 25, 31, 17, 5, 56]
Run 7:
Best OCplx: 2.209488627167917
Best Sequence: [65, 38, 41, 17, 58, 53, 60, 3, 14, 40, 45, 12, 56, 59, 46, 1, 43, 13, 64, 36, 32, 35, 61, 23, 16, 39, 8, 2, 57, 22, 50, 33, 29, 11, 5, 21, 26, 37, 44, 47, 63, 31, 10, 51, 28, 52, 7, 19, 55, 49, 27, 30, 54, 6, 42, 62, 48, 25, 24, 9, 20, 15, 18, 4, 34]
Run 8:
Best OCplx: 2.385793542283216
Best Sequence: [65, 58, 16, 8, 24, 43, 2, 42, 11, 19, 60, 44, 59, 56, 27, 6, 13, 51, 9, 1, 7, 64, 48, 4, 18, 41, 34, 40, 14, 28, 10, 46, 57, 15, 33, 25, 50, 32, 45, 39, 61, 17, 35, 38, 26, 5, 47, 37, 62, 12, 30, 53, 54, 3, 23, 31, 63, 52, 36, 20, 22, 49, 55, 21, 29]
Run 9:
Best OCplx: 2.3915070082683743
Best Sequence: [58, 12, 33, 19, 42, 21, 65, 9, 13, 17, 41, 24, 4, 62, 46, 3, 11, 51, 14, 22, 34, 18, 27, 59, 40, 38, 50, 45, 57, 32, 49, 28, 61, 20, 63, 48, 26, 60, 39, 43, 16, 52, 35, 2, 7, 29, 54, 37, 10, 31, 56, 64, 36, 44, 30, 47, 15, 6, 53, 1, 55, 25, 23, 8, 5]
Run 10:
Best OCplx: 2.3464542253638205
Best Sequence: [44, 17, 8, 2, 4, 13, 14, 36, 25, 27, 24, 34, 32, 65, 16, 33, 58, 5, 30, 60, 26, 45, 64, 22, 50, 43, 28, 21, 9, 3, 39, 23, 6, 29, 38, 61, 47, 37, 48, 46, 18, 51, 12, 41, 54, 63, 15, 55, 59, 42, 57, 1, 52, 31, 40, 49, 53, 10, 35, 20, 62, 7, 56, 11, 19]
Run 11:
Best OCplx: 1.9793067216216085
Best Sequence: [65, 58, 17, 47, 37, 42, 1, 43, 22, 53, 13, 33, 56, 32, 8, 57, 26, 3, 24, 9, 64, 45, 39, 10, 34, 16, 2, 29, 19, 4, 7, 14, 60, 51, 30, 15, 50, 35, 20, 54, 46, 62, 6, 28, 23, 12, 40, 61, 52, 5, 18, 44, 27, 31, 48, 11, 36, 63, 38, 49, 59, 25, 41, 55, 21]
Run 12:
Best OCplx: 2.0653605739337517
Best Sequence: [9, 4, 25, 65, 6, 24, 58, 41, 3, 44, 62, 13, 23, 10, 31, 50, 40, 26, 34, 35, 8, 60, 12, 27, 53, 22, 43, 33, 2, 15, 16, 55, 18, 17, 36, 51, 48, 14, 57, 46, 49, 29, 32, 39, 61, 52, 59, 63, 54, 19, 20, 1, 38, 42, 56, 11, 21, 7, 37, 45, 28, 47, 30, 64, 5]
Run 13:
Best OCplx: 2.2644077613502005
Best Sequence: [58, 64, 24, 7, 44, 54, 16, 38, 32, 45, 1, 9, 65, 27, 30, 11, 55, 46, 21, 22, 36, 10, 51, 42, 14, 52, 4, 50, 60, 37, 17, 61, 56, 59, 23, 25, 40, 20, 48, 13, 39, 3, 12, 31, 8, 43, 63, 2, 26, 19, 47, 18, 29, 53, 49, 33, 35, 41, 28, 34, 62, 5, 15, 6, 57]
Run 14:
Best OCplx: 2.3589176267000376
Best Sequence: [17, 14, 3, 58, 22, 12, 38, 31, 19, 16, 5, 32, 28, 60, 27, 29, 42, 1, 41, 18, 50, 46, 63, 65, 40, 48, 15, 53, 61, 30, 49, 62, 51, 13, 52, 20, 59, 11, 43, 4, 23, 9, 35, 36, 39, 64, 21, 6, 45, 25, 56, 55, 57, 47, 54, 2, 26, 37, 7, 34, 44, 24, 33, 10, 8]
Run 15:
Best OCplx: 1.9343084703046365
Best Sequence: [59, 12, 65, 62, 58, 50, 35, 9, 45, 14, 48, 44, 4, 24, 6, 22, 54, 46, 28, 10, 39, 56, 49, 1, 36, 13, 41, 18, 8, 33, 16, 34, 63, 21, 11, 32, 61, 52, 3, 42, 53, 7, 37, 29, 5, 43, 27, 15, 38, 57, 23, 25, 60, 20, 31, 40, 55, 19, 47, 17, 30, 51, 2, 26, 64]
Run 16:
Best OCplx: 2.4215755776094654
Best Sequence: [3, 37, 58, 52, 13, 62, 63, 38, 29, 10, 32, 16, 42, 8, 2, 28, 35, 64, 12, 23, 56, 15, 7, 46, 11, 34, 24, 50, 55, 6, 45, 59, 60, 47, 57, 30, 27, 17, 61, 22, 26, 40, 49, 44, 51, 33, 65, 43, 36, 1, 18, 54, 39, 25, 20, 9, 31, 53, 41, 4, 14, 5, 19, 48, 21]
Run 17:
Best OCplx: 2.1436049405052926
Best Sequence: [39, 65, 20, 58, 27, 22, 33, 34, 64, 13, 52, 12, 26, 10, 54, 38, 9, 41, 42, 44, 28, 6, 1, 50, 60, 40, 11, 23, 4, 51, 17, 14, 49, 57, 29, 61, 56, 37, 3, 16, 7, 24, 21, 48, 45, 18, 36, 59, 43, 25, 46, 8, 62, 15, 2, 5, 30, 32, 55, 47, 63, 35, 53, 19, 31]
Run 18:
Best OCplx: 2.264624663374421
Best Sequence: [58, 22, 45, 8, 19, 62, 56, 60, 31, 20, 13, 27, 40, 54, 15, 35, 50, 4, 64, 28, 36, 25, 47, 59, 48, 51, 26, 39, 52, 29, 10, 32, 23, 7, 9, 11, 65, 21, 53, 12, 43, 30, 41, 61, 3, 37, 34, 49, 44, 38, 2, 16, 55, 14, 42, 46, 5, 63, 17, 57, 24, 6, 18, 1, 33]
Run 19:
Best OCplx: 2.58300241241194
Best Sequence: [28, 62, 12, 65, 32, 19, 6, 58, 3, 64, 41, 15, 59, 14, 37, 4, 11, 56, 29, 9, 2, 8, 10, 38, 16, 17, 24, 54, 7, 48, 23, 52, 46, 34, 39, 22, 25, 61, 5, 36, 47, 31, 30, 43, 35, 53, 21, 45, 49, 42, 20, 33, 60, 44, 50, 13, 63, 55, 57, 18, 51, 40, 1, 26, 27]
Run 20:
Best OCplx: 2.130728964501599
Best Sequence: [65, 40, 58, 21, 19, 48, 36, 45, 53, 7, 37, 22, 13, 63, 51, 31, 34, 15, 60, 17, 39, 33, 3, 35, 24, 64, 27, 10, 12, 14, 42, 47, 9, 25, 11, 54, 57, 2, 41, 55, 62, 29, 32, 43, 28, 59, 50, 26, 30, 56, 18, 23, 44, 6, 16, 49, 1, 61, 38, 52, 20, 46, 8, 5, 4]
Run 21:
Best OCplx: 2.080457202495975
Best Sequence: [24, 64, 47, 53, 17, 65, 27, 3, 42, 58, 8, 51, 50, 56, 12, 11, 40, 10, 45, 36, 7, 18, 22, 25, 44, 16, 26, 52, 28, 35, 61, 62, 43, 49, 20, 33, 19, 55, 37, 46, 31, 6, 54, 29, 21, 14, 15, 1, 4, 63, 59, 32, 13, 34, 57, 2, 38, 30, 60, 5, 48, 41, 23, 39, 9]
Run 22:
Best OCplx: 2.363344027049012
Best Sequence: [58, 42, 45, 13, 2, 27, 63, 8, 60, 64, 12, 29, 1, 33, 25, 47, 39, 50, 53, 9, 65, 21, 37, 34, 22, 11, 38, 62, 15, 59, 10, 36, 19, 55, 48, 14, 57, 54, 43, 32, 18, 3, 46, 51, 31, 23, 52, 30, 24, 41, 26, 16, 28, 17, 35, 40, 49, 7, 4, 5, 6, 56, 44, 61, 20]
Run 23:
Best OCplx: 2.155198942696449
Best Sequence: [1, 13, 44, 15, 23, 14, 64, 65, 36, 58, 3, 9, 10, 56, 45, 12, 55, 26, 62, 5, 41, 39, 2, 21, 49, 24, 22, 35, 50, 28, 51, 8, 48, 37, 27, 42, 47, 33, 32, 40, 20, 46, 4, 63, 11, 60, 17, 52, 61, 54, 29, 31, 16, 38, 7, 30, 18, 53, 19, 34, 59, 57, 6, 43, 25]
Run 24:
Best OCplx: 2.021748206274454
Best Sequence: [65, 58, 48, 49, 17, 23, 52, 47, 61, 57, 36, 22, 59, 29, 16, 40, 15, 19, 44, 14, 11, 56, 27, 30, 8, 43, 39, 62, 25, 32, 63, 51, 42, 21, 33, 24, 31, 20, 5, 6, 12, 7, 2, 45, 13, 35, 41, 50, 10, 34, 60, 46, 1, 3, 28, 55, 9, 53, 54, 4, 37, 64, 18, 38, 26]
Run 25:
Best OCplx: 2.2325312538991
Best Sequence: [9, 13, 24, 8, 33, 2, 65, 32, 14, 34, 58, 30, 47, 63, 17, 53, 5, 28, 43, 26, 22, 19, 29, 52, 57, 50, 44, 55, 15, 64, 42, 48, 39, 23, 3, 61, 1, 62, 18, 27, 10, 7, 60, 25, 35, 20, 12, 51, 38, 36, 31, 45, 11, 46, 21, 4, 16, 41, 40, 6, 37, 56, 54, 49, 59]
Run 26:
Best OCplx: 2.3458296364534617
Best Sequence: [27, 39, 36, 4, 65, 44, 58, 8, 1, 25, 48, 55, 50, 56, 54, 45, 29, 53, 9, 31, 47, 52, 60, 57, 41, 13, 26, 7, 17, 20, 61, 28, 11, 51, 49, 2, 12, 35, 23, 14, 59, 24, 33, 22, 15, 16, 38, 10, 5, 46, 34, 37, 64, 32, 43, 21, 3, 63, 6, 30, 18, 19, 62, 42, 40]
Run 27:
Best OCplx: 2.176773240357663
Best Sequence: [46, 65, 6, 58, 56, 41, 32, 12, 8, 33, 4, 62, 24, 39, 21, 2, 13, 19, 10, 49, 37, 44, 60, 36, 7, 50, 47, 35, 27, 15, 14, 17, 1, 55, 28, 57, 34, 5, 22, 61, 30, 63, 64, 16, 51, 3, 26, 42, 11, 52, 29, 20, 53, 40, 48, 54, 43, 25, 9, 38, 59, 45, 18, 31, 23]
Run 28:
Best OCplx: 2.266733572558201
Best Sequence: [23, 50, 58, 3, 22, 13, 8, 21, 37, 17, 11, 49, 39, 55, 12, 33, 29, 51, 38, 59, 14, 36, 7, 56, 27, 48, 41, 20, 9, 16, 57, 45, 25, 1, 24, 52, 15, 32, 28, 47, 63, 18, 2, 10, 46, 6, 65, 42, 5, 53, 19, 26, 31, 60, 43, 54, 35, 4, 30, 61, 64, 40, 34, 44, 62]
Run 29:
Best OCplx: 2.425940477144914
Best Sequence: [58, 8, 40, 39, 27, 52, 45, 42, 17, 64, 14, 24, 46, 11, 62, 60, 31, 2, 51, 61, 30, 6, 23, 25, 63, 5, 19, 10, 36, 41, 37, 38, 59, 18, 29, 1, 21, 22, 20, 48, 34, 28, 43, 54, 26, 3, 35, 49, 44, 47, 56, 65, 53, 13, 7, 55, 9, 15, 12, 33, 50, 32, 4, 57, 16]
Run 30:
Best OCplx: 2.551417231799133
Best Sequence: [58, 64, 56, 25, 62, 27, 38, 4, 48, 37, 43, 65, 22, 53, 60, 31, 54, 8, 34, 59, 23, 57, 6, 29, 51, 55, 28, 18, 63, 13, 26, 14, 2, 45, 9, 42, 11, 47, 33, 44, 24, 32, 19, 20, 52, 10, 1, 41, 36, 49, 46, 7, 17, 30, 15, 5, 3, 12, 40, 16, 61, 21, 39, 35, 50]
Learning Rate: 1e-05
Epsilon: 0.1
Gamma: 0.99
Reward Version: v2.1
if_EWM: True
