Run 1:
Best OCplx: 2.5271307354900214
Best Sequence: [21, 3, 40, 59, 24, 19, 63, 9, 12, 55, 32, 13, 65, 58, 44, 35, 22, 14, 31, 37, 57, 17, 23, 30, 20, 16, 4, 34, 46, 33, 43, 41, 42, 8, 39, 45, 38, 1, 26, 36, 11, 5, 7, 51, 10, 53, 28, 15, 47, 18, 61, 27, 62, 54, 2, 60, 25, 48, 52, 29, 6, 64, 49, 50, 56]
Run 2:
Best OCplx: 2.2889895438088654
Best Sequence: [58, 33, 9, 44, 50, 27, 53, 64, 12, 13, 14, 8, 29, 2, 16, 39, 59, 20, 38, 7, 55, 40, 63, 11, 21, 26, 61, 35, 6, 36, 65, 51, 56, 34, 42, 5, 3, 24, 10, 18, 22, 1, 37, 23, 57, 43, 52, 46, 32, 48, 60, 31, 41, 30, 19, 45, 15, 47, 17, 62, 28, 25, 4, 49, 54]
Run 3:
Best OCplx: 1.9091585363471744
Best Sequence: [27, 58, 43, 32, 25, 63, 54, 23, 34, 35, 38, 24, 53, 41, 19, 50, 15, 9, 55, 17, 42, 13, 22, 45, 6, 3, 10, 51, 8, 1, 21, 60, 46, 62, 57, 65, 47, 4, 61, 2, 7, 64, 30, 56, 37, 33, 28, 49, 26, 44, 12, 39, 16, 29, 59, 11, 52, 18, 40, 20, 48, 36, 14, 31, 5]
Run 4:
Best OCplx: 2.736248384914243
Best Sequence: [43, 33, 8, 44, 15, 28, 26, 19, 59, 62, 52, 13, 10, 12, 65, 58, 51, 32, 24, 6, 2, 41, 61, 27, 29, 53, 46, 14, 3, 38, 22, 56, 21, 9, 36, 1, 60, 17, 31, 23, 37, 34, 63, 45, 64, 30, 47, 4, 49, 7, 5, 11, 57, 20, 42, 35, 50, 39, 25, 18, 48, 54, 40, 55, 16]
Run 5:
Best OCplx: 1.9989579562973867
Best Sequence: [58, 46, 57, 16, 10, 55, 51, 13, 62, 8, 2, 7, 61, 11, 22, 59, 15, 17, 60, 36, 49, 53, 33, 56, 28, 30, 12, 4, 31, 35, 52, 45, 50, 37, 64, 29, 21, 43, 65, 42, 38, 41, 1, 18, 20, 44, 40, 63, 39, 27, 14, 26, 3, 19, 34, 32, 6, 47, 9, 5, 23, 24, 25, 54, 48]
Run 6:
Best OCplx: 1.9843806773313846
Best Sequence: [36, 16, 21, 27, 65, 62, 54, 58, 43, 25, 22, 37, 46, 56, 15, 26, 24, 30, 13, 35, 34, 2, 45, 53, 20, 38, 8, 42, 14, 17, 49, 4, 47, 33, 1, 60, 7, 57, 11, 31, 51, 18, 3, 41, 9, 61, 52, 48, 50, 63, 29, 19, 5, 12, 59, 23, 55, 39, 10, 6, 64, 40, 44, 32, 28]
Run 7:
Best OCplx: 2.067312304360507
Best Sequence: [62, 65, 27, 58, 28, 21, 40, 4, 13, 35, 50, 18, 42, 52, 6, 36, 49, 51, 24, 12, 45, 22, 41, 2, 33, 15, 26, 64, 14, 8, 43, 60, 48, 20, 17, 63, 47, 5, 44, 32, 54, 19, 37, 38, 53, 34, 39, 16, 23, 29, 1, 10, 55, 11, 9, 57, 61, 7, 30, 59, 46, 56, 25, 31, 3]
Run 8:
Best OCplx: 2.035768872167738
Best Sequence: [49, 19, 2, 24, 14, 13, 58, 46, 51, 31, 54, 6, 17, 27, 57, 29, 16, 4, 62, 61, 1, 63, 11, 45, 47, 59, 30, 39, 22, 21, 3, 26, 55, 9, 64, 44, 12, 41, 40, 28, 38, 48, 32, 34, 42, 36, 23, 35, 37, 20, 52, 5, 50, 65, 8, 43, 60, 7, 18, 56, 10, 33, 15, 53, 25]
Run 9:
Best OCplx: 2.4279650554383614
Best Sequence: [13, 58, 46, 32, 63, 8, 14, 1, 30, 3, 9, 31, 23, 41, 26, 29, 45, 65, 19, 56, 35, 64, 22, 39, 57, 49, 24, 54, 38, 6, 59, 36, 15, 52, 53, 5, 7, 17, 21, 27, 48, 51, 20, 40, 47, 43, 4, 2, 60, 37, 62, 16, 34, 18, 12, 10, 33, 55, 28, 50, 11, 61, 42, 25, 44]
Run 10:
Best OCplx: 2.0362569389705576
Best Sequence: [65, 19, 58, 18, 41, 63, 59, 20, 24, 62, 10, 16, 39, 57, 46, 42, 29, 52, 60, 1, 44, 13, 32, 28, 64, 31, 27, 37, 45, 36, 40, 53, 23, 22, 15, 26, 43, 17, 34, 55, 49, 8, 38, 48, 56, 14, 54, 5, 12, 51, 7, 61, 3, 21, 35, 2, 25, 9, 11, 50, 33, 47, 30, 6, 4]
Run 11:
Best OCplx: 2.035768872167738
Best Sequence: [45, 58, 41, 31, 13, 64, 35, 34, 12, 39, 27, 24, 22, 30, 56, 48, 19, 32, 61, 29, 15, 36, 11, 8, 10, 54, 7, 25, 46, 3, 33, 18, 44, 26, 28, 1, 50, 14, 43, 2, 5, 65, 9, 38, 63, 37, 55, 6, 49, 4, 52, 16, 62, 51, 40, 59, 20, 23, 53, 17, 57, 21, 47, 42, 60]
Run 12:
Best OCplx: 2.0852014630863485
Best Sequence: [13, 62, 58, 22, 2, 27, 16, 8, 23, 47, 46, 19, 61, 34, 15, 36, 53, 59, 18, 65, 55, 50, 39, 40, 20, 43, 33, 32, 42, 26, 48, 54, 31, 7, 24, 38, 45, 41, 25, 1, 30, 51, 14, 5, 37, 9, 11, 44, 21, 3, 17, 10, 29, 4, 56, 28, 6, 63, 12, 49, 60, 57, 64, 52, 35]
Run 13:
Best OCplx: 2.4196438595934984
Best Sequence: [10, 18, 21, 16, 40, 15, 27, 14, 58, 34, 28, 25, 47, 3, 19, 22, 38, 50, 59, 20, 64, 57, 41, 6, 45, 5, 42, 49, 35, 63, 13, 39, 37, 32, 2, 17, 53, 44, 33, 43, 36, 26, 8, 12, 55, 56, 7, 23, 30, 65, 62, 4, 54, 48, 24, 51, 61, 60, 31, 1, 9, 29, 46, 52, 11]
Run 14:
Best OCplx: 1.7593776920016577
Best Sequence: [27, 65, 15, 58, 13, 34, 36, 17, 59, 41, 22, 37, 55, 26, 32, 63, 45, 23, 47, 7, 31, 4, 21, 50, 53, 52, 61, 10, 56, 38, 19, 57, 1, 12, 54, 40, 39, 25, 51, 46, 9, 28, 35, 24, 29, 2, 16, 43, 14, 62, 20, 5, 64, 3, 42, 48, 30, 60, 6, 33, 11, 49, 18, 8, 44]
Run 15:
Best OCplx: 2.517872668024557
Best Sequence: [58, 41, 40, 47, 53, 64, 54, 56, 10, 20, 38, 11, 6, 36, 46, 27, 57, 24, 22, 4, 16, 23, 28, 60, 37, 44, 65, 49, 14, 3, 21, 55, 59, 2, 33, 9, 17, 34, 12, 43, 15, 62, 45, 51, 13, 63, 35, 61, 48, 18, 42, 7, 52, 29, 32, 50, 1, 31, 5, 30, 26, 19, 8, 39, 25]
Run 16:
Best OCplx: 2.189823863757204
Best Sequence: [27, 53, 40, 9, 58, 17, 42, 22, 36, 12, 43, 32, 61, 14, 55, 5, 34, 37, 54, 25, 57, 30, 2, 39, 26, 38, 45, 49, 15, 23, 13, 44, 8, 65, 51, 64, 63, 62, 11, 20, 6, 1, 48, 3, 35, 60, 46, 41, 56, 47, 24, 7, 52, 16, 31, 28, 21, 59, 18, 33, 29, 50, 10, 4, 19]
Run 17:
Best OCplx: 2.512062784988038
Best Sequence: [58, 36, 39, 35, 2, 14, 38, 13, 8, 46, 48, 57, 30, 34, 49, 55, 15, 61, 24, 47, 33, 1, 6, 26, 11, 45, 19, 23, 52, 17, 51, 63, 56, 4, 25, 65, 40, 31, 22, 9, 50, 60, 21, 16, 37, 27, 28, 53, 20, 64, 43, 62, 32, 12, 42, 18, 41, 59, 44, 29, 3, 5, 10, 54, 7]
Run 18:
Best OCplx: 2.3276857326624043
Best Sequence: [58, 50, 4, 14, 54, 39, 51, 1, 36, 44, 27, 34, 61, 12, 3, 48, 13, 21, 28, 64, 65, 53, 22, 7, 10, 5, 25, 16, 17, 33, 60, 43, 20, 35, 40, 9, 32, 57, 42, 8, 31, 62, 63, 11, 2, 56, 45, 46, 38, 19, 37, 30, 26, 29, 52, 18, 41, 59, 49, 55, 6, 24, 15, 23, 47]
Run 19:
Best OCplx: 2.0606876406536303
Best Sequence: [64, 65, 58, 47, 6, 46, 37, 2, 40, 41, 8, 50, 27, 19, 11, 49, 34, 3, 62, 59, 28, 29, 24, 32, 52, 36, 18, 15, 42, 14, 57, 17, 4, 9, 51, 55, 33, 22, 54, 63, 10, 12, 7, 48, 56, 38, 30, 44, 43, 45, 13, 1, 53, 26, 21, 61, 20, 25, 39, 60, 35, 5, 23, 16, 31]
Run 20:
Best OCplx: 2.335340422247519
Best Sequence: [27, 58, 25, 13, 63, 43, 51, 23, 22, 6, 53, 37, 31, 3, 7, 36, 24, 38, 9, 12, 21, 34, 14, 49, 39, 65, 32, 52, 17, 46, 1, 28, 29, 54, 42, 35, 41, 50, 20, 18, 8, 26, 40, 61, 15, 62, 11, 10, 56, 33, 16, 55, 47, 57, 45, 5, 19, 2, 64, 4, 59, 48, 60, 44, 30]
Run 21:
Best OCplx: 2.5091957050292106
Best Sequence: [58, 48, 51, 21, 14, 31, 1, 25, 26, 63, 35, 54, 50, 17, 61, 44, 12, 49, 9, 3, 2, 53, 55, 45, 59, 4, 64, 65, 13, 22, 28, 27, 16, 36, 37, 32, 47, 24, 29, 57, 5, 8, 11, 43, 18, 41, 60, 7, 19, 30, 10, 62, 23, 20, 6, 40, 56, 46, 38, 52, 42, 39, 34, 33, 15]
Run 22:
Best OCplx: 2.10032070112777
Best Sequence: [58, 60, 37, 44, 27, 3, 15, 8, 22, 34, 48, 36, 14, 26, 32, 50, 64, 16, 28, 40, 59, 5, 1, 19, 63, 10, 17, 47, 65, 42, 7, 25, 57, 46, 31, 35, 41, 51, 18, 2, 23, 52, 13, 56, 54, 61, 30, 24, 9, 12, 11, 6, 33, 4, 62, 45, 20, 39, 21, 43, 53, 38, 49, 29, 55]
Run 23:
Best OCplx: 2.1060762516081724
Best Sequence: [58, 1, 24, 61, 3, 8, 63, 54, 16, 33, 40, 9, 11, 14, 50, 49, 10, 51, 42, 27, 13, 22, 18, 31, 39, 15, 17, 12, 26, 29, 7, 52, 2, 36, 56, 64, 43, 32, 47, 34, 28, 21, 46, 38, 20, 44, 35, 45, 19, 57, 6, 41, 30, 48, 60, 59, 5, 23, 53, 37, 62, 4, 55, 25, 65]
Run 24:
Best OCplx: 1.8362704731639323
Best Sequence: [27, 58, 25, 26, 16, 1, 14, 4, 61, 44, 39, 13, 22, 57, 47, 40, 50, 63, 8, 41, 49, 11, 62, 5, 60, 17, 43, 33, 31, 65, 37, 23, 56, 9, 53, 10, 64, 28, 15, 7, 36, 29, 3, 45, 12, 35, 2, 51, 59, 48, 32, 30, 42, 20, 54, 34, 52, 46, 6, 55, 24, 19, 38, 18, 21]
Run 25:
Best OCplx: 2.2612345287207676
Best Sequence: [13, 58, 63, 14, 62, 15, 60, 23, 35, 19, 17, 33, 57, 2, 47, 18, 9, 34, 45, 46, 39, 8, 36, 64, 49, 51, 11, 50, 27, 1, 22, 16, 32, 6, 26, 40, 54, 48, 44, 59, 21, 24, 10, 30, 55, 20, 37, 38, 53, 56, 3, 28, 25, 4, 52, 65, 12, 5, 7, 43, 41, 29, 61, 42, 31]
Run 26:
Best OCplx: 2.8255084505221992
Best Sequence: [40, 13, 30, 10, 2, 57, 44, 52, 58, 17, 64, 53, 51, 48, 29, 14, 12, 27, 47, 59, 6, 23, 19, 8, 15, 50, 22, 16, 1, 24, 31, 65, 34, 18, 60, 49, 25, 3, 20, 11, 38, 41, 33, 37, 55, 56, 7, 46, 26, 32, 5, 36, 39, 61, 45, 35, 43, 54, 62, 28, 42, 9, 4, 63, 21]
Run 27:
Best OCplx: 1.8171594790778094
Best Sequence: [58, 14, 27, 41, 22, 26, 3, 53, 35, 20, 29, 17, 40, 4, 63, 54, 15, 13, 9, 1, 21, 36, 48, 6, 23, 37, 43, 49, 50, 11, 47, 57, 8, 60, 56, 2, 31, 38, 12, 42, 10, 44, 28, 33, 62, 61, 24, 34, 19, 18, 55, 45, 25, 32, 7, 51, 46, 65, 64, 5, 52, 30, 16, 59, 39]
Run 28:
Best OCplx: 2.3294085967598344
Best Sequence: [47, 58, 38, 27, 20, 22, 34, 23, 3, 14, 4, 8, 12, 41, 7, 16, 40, 15, 63, 61, 62, 54, 35, 42, 17, 50, 19, 59, 2, 44, 51, 36, 28, 29, 52, 1, 10, 6, 5, 53, 13, 26, 57, 39, 55, 49, 9, 64, 46, 37, 45, 30, 25, 31, 60, 11, 32, 18, 43, 56, 21, 24, 65, 48, 33]
Run 29:
Best OCplx: 2.3374852631068745
Best Sequence: [43, 14, 58, 37, 22, 16, 50, 27, 41, 62, 61, 57, 52, 13, 59, 30, 42, 33, 11, 31, 5, 10, 28, 17, 15, 55, 44, 26, 7, 29, 19, 21, 9, 8, 6, 40, 47, 38, 56, 18, 45, 54, 1, 35, 39, 34, 4, 46, 64, 51, 20, 12, 2, 65, 3, 48, 53, 49, 32, 60, 63, 24, 25, 36, 23]
Run 30:
Best OCplx: 2.2579341784189157
Best Sequence: [58, 34, 41, 48, 49, 12, 6, 57, 3, 39, 35, 9, 24, 20, 65, 37, 13, 47, 60, 31, 56, 42, 62, 59, 38, 27, 54, 51, 10, 30, 22, 8, 21, 7, 26, 53, 32, 45, 15, 25, 14, 50, 33, 4, 16, 40, 2, 23, 28, 64, 43, 19, 52, 5, 36, 11, 17, 55, 29, 1, 61, 18, 44, 63, 46]
200: UPDATE_GLOBAL_ITER
GAMMA: 0.99
MAX_EP: 6000
thread_count: 1
RL: 0.0001

