Run 1:
Best OCplx: 1.3665879408630908
Best Sequence: [10, 18, 3, 9, 27, 33, 22, 15, 2, 6, 36, 23, 21, 12, 14, 4, 31, 30, 37, 7, 26, 29, 20, 28, 39, 5, 17, 8, 16, 38, 19, 11, 13, 24, 32, 35, 25, 1, 34]
Run 2:
Best OCplx: 0.9619514935557721
Best Sequence: [27, 32, 20, 23, 36, 24, 21, 18, 10, 30, 7, 9, 29, 34, 28, 16, 38, 1, 6, 3, 15, 31, 13, 39, 26, 25, 12, 8, 5, 33, 37, 14, 11, 22, 19, 2, 17, 35, 4]
Run 3:
Best OCplx: 0.8379281370657665
Best Sequence: [30, 29, 11, 28, 7, 2, 34, 27, 16, 22, 39, 10, 9, 8, 32, 37, 20, 6, 5, 21, 23, 17, 25, 26, 15, 35, 12, 36, 24, 3, 33, 19, 18, 38, 14, 4, 1, 31, 13]
Run 4:
Best OCplx: 0.9103475806315442
Best Sequence: [33, 21, 38, 23, 11, 35, 27, 36, 1, 10, 34, 19, 3, 37, 7, 9, 13, 28, 20, 6, 15, 25, 22, 26, 31, 29, 4, 16, 30, 32, 8, 39, 2, 18, 24, 17, 12, 14, 5]
Run 5:
Best OCplx: 1.1767374262808572
Best Sequence: [36, 39, 21, 30, 13, 17, 28, 12, 8, 33, 29, 22, 37, 24, 34, 11, 1, 38, 25, 19, 10, 20, 16, 26, 31, 27, 9, 5, 7, 3, 32, 15, 35, 6, 4, 14, 2, 23, 18]
Run 6:
Best OCplx: 0.7026675101071306
Best Sequence: [36, 17, 32, 35, 38, 21, 11, 10, 33, 12, 16, 3, 15, 34, 19, 29, 27, 7, 20, 18, 39, 24, 9, 14, 8, 28, 22, 2, 13, 6, 30, 26, 4, 31, 23, 1, 37, 25, 5]
Run 7:
Best OCplx: 0.8437952733687275
Best Sequence: [27, 22, 11, 23, 7, 26, 10, 9, 16, 24, 6, 3, 2, 25, 29, 4, 31, 5, 36, 20, 21, 17, 33, 37, 15, 18, 8, 34, 39, 1, 30, 35, 19, 12, 13, 14, 32, 28, 38]
Run 8:
Best OCplx: 0.7786842173663756
Best Sequence: [27, 2, 36, 22, 18, 11, 38, 28, 15, 30, 29, 1, 19, 24, 14, 34, 3, 10, 7, 9, 20, 17, 23, 39, 25, 21, 13, 16, 6, 8, 37, 12, 5, 26, 32, 35, 33, 31, 4]
Run 9:
Best OCplx: 0.942987567693149
Best Sequence: [22, 14, 19, 8, 7, 11, 36, 39, 15, 10, 38, 29, 3, 13, 25, 34, 33, 26, 2, 35, 20, 27, 1, 37, 23, 30, 9, 18, 24, 6, 16, 21, 5, 28, 4, 32, 12, 17, 31]
Run 10:
Best OCplx: 0.8188607390247021
Best Sequence: [11, 21, 15, 36, 2, 27, 24, 28, 8, 35, 1, 10, 7, 18, 25, 20, 17, 31, 30, 37, 12, 9, 23, 13, 16, 3, 6, 34, 26, 5, 19, 22, 39, 33, 14, 29, 32, 38, 4]
Run 11:
Best OCplx: 0.9309727415060411
Best Sequence: [27, 19, 11, 21, 15, 10, 22, 31, 9, 36, 29, 17, 30, 6, 25, 32, 26, 28, 38, 14, 18, 16, 20, 3, 7, 39, 37, 35, 4, 13, 34, 24, 33, 2, 12, 5, 8, 23, 1]
Run 12:
Best OCplx: 0.8416401447345505
Best Sequence: [16, 2, 15, 7, 34, 3, 17, 1, 27, 8, 32, 24, 11, 18, 36, 10, 23, 25, 21, 19, 33, 12, 31, 29, 5, 39, 9, 6, 13, 26, 38, 37, 4, 14, 20, 30, 35, 28, 22]
Run 13:
Best OCplx: 0.6718528000656171
Best Sequence: [26, 36, 7, 1, 23, 30, 27, 11, 10, 19, 35, 9, 21, 15, 12, 24, 18, 16, 17, 3, 5, 2, 34, 38, 33, 8, 20, 39, 25, 31, 29, 32, 37, 22, 14, 6, 4, 28, 13]
Run 14:
Best OCplx: 0.6772211666336346
Best Sequence: [1, 28, 30, 11, 2, 29, 32, 27, 10, 20, 35, 31, 7, 15, 14, 16, 21, 9, 39, 37, 6, 5, 4, 22, 36, 18, 24, 17, 26, 33, 3, 12, 13, 23, 8, 19, 38, 34, 25]
Run 15:
Best OCplx: 0.9644404661178497
Best Sequence: [15, 27, 29, 11, 13, 10, 3, 31, 20, 34, 24, 38, 19, 9, 35, 22, 25, 37, 6, 39, 23, 32, 14, 18, 21, 36, 8, 1, 4, 5, 33, 16, 12, 7, 17, 2, 30, 28, 26]
Run 16:
Best OCplx: 0.8099444067961177
Best Sequence: [7, 13, 21, 27, 12, 11, 10, 9, 29, 8, 20, 33, 32, 16, 23, 30, 24, 17, 5, 28, 6, 15, 2, 25, 18, 34, 37, 14, 1, 19, 26, 4, 39, 22, 38, 36, 31, 3, 35]
Run 17:
Best OCplx: 1.0698288645604928
Best Sequence: [39, 11, 35, 5, 7, 19, 28, 3, 24, 31, 29, 36, 14, 27, 37, 18, 20, 23, 26, 10, 15, 2, 25, 1, 13, 34, 22, 9, 30, 6, 38, 16, 8, 21, 17, 12, 33, 32, 4]
Run 18:
Best OCplx: 0.9239440237249753
Best Sequence: [33, 22, 25, 19, 3, 36, 11, 5, 39, 27, 7, 10, 23, 16, 8, 32, 13, 34, 31, 9, 30, 20, 6, 28, 24, 18, 1, 21, 2, 35, 26, 12, 29, 37, 38, 15, 14, 17, 4]
Run 19:
Best OCplx: 1.4247226856322666
Best Sequence: [2, 36, 34, 15, 13, 7, 27, 10, 17, 9, 35, 31, 33, 6, 26, 8, 5, 37, 18, 14, 4, 20, 12, 39, 21, 16, 25, 3, 23, 24, 38, 11, 28, 22, 19, 29, 32, 30, 1]
Run 20:
Best OCplx: 0.7851747982591353
Best Sequence: [20, 15, 11, 18, 21, 16, 28, 14, 26, 39, 27, 10, 33, 12, 5, 1, 29, 2, 7, 24, 9, 25, 31, 35, 17, 13, 8, 19, 38, 6, 22, 23, 3, 34, 4, 30, 37, 32, 36]
Run 21:
Best OCplx: 0.7206118100246273
Best Sequence: [7, 39, 11, 26, 36, 35, 33, 16, 27, 20, 3, 21, 34, 32, 13, 10, 15, 31, 23, 9, 14, 2, 17, 29, 19, 6, 22, 5, 38, 37, 1, 18, 4, 12, 28, 8, 24, 25, 30]
Run 22:
Best OCplx: 0.7614520272249405
Best Sequence: [30, 28, 5, 7, 17, 16, 36, 27, 21, 20, 11, 10, 15, 33, 9, 19, 31, 13, 23, 25, 1, 29, 8, 2, 12, 37, 35, 6, 38, 24, 32, 4, 18, 14, 26, 39, 34, 3, 22]
Run 23:
Best OCplx: 0.8081724201227418
Best Sequence: [15, 26, 17, 7, 18, 35, 16, 36, 22, 19, 30, 11, 27, 10, 33, 14, 1, 25, 34, 38, 9, 8, 6, 39, 5, 29, 32, 37, 4, 21, 12, 3, 28, 31, 23, 13, 24, 20, 2]
Run 24:
Best OCplx: 0.8202495837372771
Best Sequence: [24, 21, 12, 28, 16, 11, 17, 8, 19, 18, 26, 1, 38, 33, 27, 13, 20, 10, 30, 31, 15, 22, 7, 34, 2, 9, 25, 29, 37, 23, 6, 14, 3, 4, 36, 5, 35, 32, 39]
Run 25:
Best OCplx: 1.1467011557566467
Best Sequence: [32, 1, 15, 19, 24, 31, 10, 18, 25, 38, 21, 27, 12, 33, 16, 3, 7, 36, 11, 9, 6, 4, 13, 39, 22, 30, 37, 2, 28, 17, 20, 34, 35, 23, 8, 29, 14, 5, 26]
Run 26:
Best OCplx: 1.1792878524715367
Best Sequence: [27, 13, 19, 36, 26, 10, 31, 34, 2, 29, 24, 14, 23, 21, 1, 12, 9, 11, 35, 18, 32, 3, 33, 6, 4, 28, 7, 39, 37, 22, 20, 25, 38, 30, 8, 16, 5, 17, 15]
Run 27:
Best OCplx: 0.7708138388417531
Best Sequence: [21, 1, 23, 24, 38, 36, 11, 8, 34, 10, 7, 17, 31, 2, 9, 13, 26, 27, 32, 20, 39, 19, 28, 16, 6, 37, 3, 15, 4, 25, 30, 22, 14, 33, 18, 29, 12, 5, 35]
Run 28:
Best OCplx: 1.275150397289149
Best Sequence: [33, 21, 10, 27, 24, 11, 8, 35, 5, 16, 34, 18, 37, 13, 25, 23, 17, 26, 7, 12, 19, 2, 30, 20, 9, 3, 36, 15, 1, 32, 29, 6, 38, 39, 22, 4, 28, 31, 14]
Run 29:
Best OCplx: 0.8113865418554078
Best Sequence: [11, 22, 27, 38, 7, 23, 32, 35, 17, 3, 10, 2, 9, 1, 26, 15, 20, 21, 33, 14, 16, 6, 13, 18, 24, 28, 25, 31, 34, 36, 8, 19, 5, 4, 37, 12, 29, 30, 39]
Run 30:
Best OCplx: 0.762128762161454
Best Sequence: [21, 36, 10, 11, 38, 17, 22, 27, 35, 7, 9, 19, 29, 23, 15, 6, 2, 12, 28, 4, 39, 5, 24, 32, 16, 20, 33, 14, 31, 18, 34, 30, 1, 37, 8, 13, 25, 3, 26]
Actor Learning Rate: 1e-05
Critic Learning Rate: 0.0001
Hidden Dimension: 256
Gamma: 0.99
Lambda: 0.9
Epsilon: 0.2
if_EWM: False

