Run 1:
Best OCplx: 1.4003283188041515
Best Sequence: [12, 10, 13, 16, 4, 17, 65, 11, 14, 58, 63, 59, 19, 64, 3, 24, 8, 2, 9, 47, 27, 6, 62, 15, 26, 1, 25, 56, 61, 46, 22, 45, 52, 35, 40, 28, 54, 29, 57, 32, 38, 60, 51, 36, 50, 30, 43, 33, 49, 31, 37, 39, 53, 48, 55, 41, 44, 34, 42, 23, 20, 21, 18, 7, 5]
Run 2:
Best OCplx: 1.4003283188041515
Best Sequence: [2, 59, 14, 15, 17, 13, 3, 1, 9, 19, 12, 65, 4, 16, 10, 62, 24, 64, 6, 8, 58, 33, 34, 48, 63, 40, 53, 42, 27, 38, 11, 60, 61, 22, 55, 45, 32, 41, 57, 46, 44, 56, 47, 39, 29, 36, 35, 31, 50, 49, 20, 28, 51, 30, 37, 54, 43, 18, 52, 7, 21, 23, 5, 26, 25]
Run 3:
Best OCplx: 1.620348784195975
Best Sequence: [14, 65, 58, 24, 49, 59, 50, 1, 3, 54, 62, 15, 13, 10, 16, 56, 4, 17, 57, 6, 2, 64, 51, 12, 9, 39, 19, 11, 60, 63, 8, 46, 32, 44, 45, 40, 22, 61, 28, 33, 31, 36, 27, 43, 34, 53, 20, 47, 37, 38, 30, 7, 35, 42, 48, 41, 55, 23, 52, 26, 29, 5, 18, 21, 25]
Run 4:
Best OCplx: 1.4112602608350473
Best Sequence: [4, 1, 10, 24, 61, 64, 12, 59, 14, 65, 15, 19, 17, 13, 16, 6, 2, 9, 62, 3, 11, 8, 27, 58, 46, 22, 63, 31, 26, 49, 53, 28, 57, 45, 33, 55, 51, 60, 54, 47, 56, 50, 21, 39, 32, 42, 40, 36, 37, 41, 38, 29, 48, 52, 30, 34, 20, 23, 43, 25, 35, 44, 18, 5, 7]
Run 5:
Best OCplx: 1.469605672366347
Best Sequence: [17, 1, 13, 16, 6, 14, 15, 9, 3, 59, 12, 19, 24, 2, 62, 65, 64, 8, 4, 10, 58, 33, 27, 63, 7, 11, 25, 34, 31, 50, 53, 22, 61, 37, 28, 35, 42, 26, 40, 48, 54, 30, 47, 41, 57, 39, 32, 55, 46, 45, 23, 38, 56, 44, 36, 60, 29, 43, 51, 52, 49, 21, 20, 5, 18]
Run 6:
Best OCplx: 1.3238843424596598
Best Sequence: [16, 9, 2, 17, 14, 64, 4, 10, 62, 13, 59, 3, 6, 12, 24, 65, 1, 15, 19, 8, 11, 27, 5, 58, 47, 53, 25, 44, 28, 49, 22, 48, 20, 38, 36, 60, 33, 54, 40, 23, 61, 34, 31, 56, 43, 30, 51, 42, 32, 55, 57, 50, 29, 35, 37, 41, 52, 21, 46, 45, 7, 39, 18, 26, 63]
Run 7:
Best OCplx: 1.4385503069763972
Best Sequence: [24, 65, 12, 27, 13, 2, 10, 4, 16, 1, 14, 15, 25, 26, 64, 59, 58, 3, 62, 6, 17, 54, 63, 19, 31, 9, 41, 48, 60, 45, 30, 22, 61, 46, 38, 50, 34, 32, 52, 11, 39, 51, 42, 56, 37, 49, 28, 53, 40, 20, 29, 35, 23, 33, 44, 47, 43, 5, 21, 8, 55, 57, 36, 7, 18]
Run 8:
Best OCplx: 1.582126796023729
Best Sequence: [64, 62, 15, 13, 16, 3, 8, 65, 10, 9, 58, 17, 4, 39, 60, 11, 12, 2, 43, 47, 24, 57, 1, 59, 63, 40, 14, 19, 6, 7, 31, 52, 42, 50, 54, 32, 45, 28, 22, 46, 34, 38, 61, 51, 49, 29, 35, 30, 36, 44, 27, 53, 20, 41, 55, 37, 48, 33, 26, 23, 21, 25, 56, 18, 5]
Run 9:
Best OCplx: 1.7135148803658238
Best Sequence: [16, 35, 65, 17, 58, 43, 6, 10, 64, 19, 15, 13, 57, 3, 9, 59, 14, 8, 24, 44, 12, 2, 1, 34, 4, 63, 62, 61, 11, 37, 39, 60, 22, 41, 31, 49, 38, 32, 36, 28, 42, 48, 50, 29, 51, 55, 30, 56, 54, 52, 46, 47, 33, 45, 27, 7, 53, 23, 40, 5, 21, 20, 18, 26, 25]
Run 10:
Best OCplx: 1.5439048078514832
Best Sequence: [19, 17, 14, 1, 12, 65, 13, 62, 24, 58, 9, 8, 64, 59, 16, 15, 6, 4, 57, 2, 10, 3, 11, 45, 51, 49, 61, 43, 44, 31, 46, 22, 60, 39, 32, 48, 7, 47, 30, 55, 37, 36, 53, 63, 35, 29, 52, 34, 28, 41, 50, 33, 38, 42, 54, 40, 20, 27, 23, 21, 56, 25, 18, 26, 5]
Run 11:
Best OCplx: 1.3812173247180286
Best Sequence: [27, 17, 24, 14, 15, 19, 62, 59, 65, 4, 58, 10, 2, 3, 44, 64, 1, 13, 48, 16, 12, 30, 9, 52, 39, 47, 26, 22, 6, 35, 63, 23, 33, 45, 38, 60, 55, 50, 37, 61, 36, 53, 40, 51, 32, 54, 46, 28, 43, 41, 56, 34, 31, 25, 20, 49, 42, 57, 8, 29, 21, 5, 11, 7, 18]
Run 12:
Best OCplx: 1.3047733483735369
Best Sequence: [59, 2, 15, 13, 24, 4, 12, 10, 1, 16, 14, 64, 9, 65, 8, 62, 19, 17, 6, 3, 58, 27, 11, 34, 22, 51, 26, 25, 57, 60, 41, 50, 61, 36, 55, 63, 38, 28, 40, 33, 23, 31, 52, 32, 37, 45, 47, 54, 35, 53, 43, 20, 56, 42, 49, 46, 39, 7, 30, 29, 18, 44, 48, 21, 5]
Run 13:
Best OCplx: 1.3812173247180284
Best Sequence: [10, 16, 9, 14, 65, 13, 15, 11, 62, 17, 3, 1, 64, 2, 19, 24, 12, 4, 8, 6, 59, 27, 26, 58, 42, 56, 60, 25, 61, 31, 36, 39, 22, 34, 32, 29, 20, 37, 38, 28, 44, 30, 53, 41, 55, 33, 50, 49, 52, 43, 48, 46, 54, 45, 51, 35, 40, 47, 7, 23, 57, 21, 18, 5, 63]
Run 14:
Best OCplx: 1.6344379963591573
Best Sequence: [45, 16, 27, 14, 65, 2, 1, 24, 12, 3, 19, 58, 17, 50, 10, 13, 11, 62, 43, 64, 4, 22, 9, 15, 6, 59, 39, 52, 51, 34, 8, 48, 63, 42, 61, 33, 36, 38, 28, 53, 31, 29, 35, 40, 26, 46, 44, 32, 60, 57, 37, 47, 41, 49, 30, 54, 56, 21, 55, 20, 18, 23, 5, 7, 25]
Run 15:
Best OCplx: 1.4385503069763972
Best Sequence: [3, 9, 27, 65, 16, 17, 12, 59, 4, 25, 14, 15, 10, 24, 1, 19, 2, 13, 64, 6, 11, 8, 58, 62, 42, 32, 60, 52, 31, 26, 36, 37, 55, 22, 57, 61, 46, 63, 39, 50, 30, 41, 34, 51, 43, 18, 40, 47, 48, 49, 35, 54, 20, 45, 53, 28, 56, 33, 38, 23, 44, 21, 29, 5, 7]
Run 16:
Best OCplx: 1.501691063634535
Best Sequence: [62, 27, 25, 8, 13, 14, 6, 4, 65, 19, 17, 58, 59, 16, 9, 3, 1, 63, 15, 11, 64, 24, 10, 12, 2, 57, 31, 60, 36, 53, 22, 61, 52, 37, 49, 34, 41, 45, 29, 46, 30, 56, 54, 32, 39, 28, 55, 47, 26, 38, 50, 43, 23, 35, 51, 40, 44, 48, 21, 20, 33, 42, 7, 18, 5]
Run 17:
Best OCplx: 1.5006610377562968
Best Sequence: [10, 29, 27, 4, 2, 13, 15, 8, 59, 62, 9, 14, 65, 1, 3, 12, 16, 64, 58, 24, 17, 19, 6, 11, 61, 25, 37, 39, 60, 53, 63, 22, 34, 51, 42, 36, 55, 44, 45, 48, 47, 52, 35, 38, 28, 23, 46, 32, 56, 30, 31, 26, 41, 43, 50, 49, 57, 33, 40, 54, 20, 21, 7, 18, 5]
Run 18:
Best OCplx: 1.4194393128902747
Best Sequence: [59, 16, 1, 19, 17, 4, 65, 14, 6, 58, 2, 24, 9, 3, 62, 64, 12, 27, 10, 13, 15, 8, 25, 30, 26, 38, 7, 11, 48, 29, 50, 37, 41, 28, 60, 63, 22, 43, 46, 47, 44, 33, 61, 51, 57, 32, 54, 36, 35, 45, 42, 23, 55, 52, 53, 40, 31, 18, 56, 21, 49, 34, 20, 39, 5]
Run 19:
Best OCplx: 1.4194393128902747
Best Sequence: [65, 3, 19, 58, 27, 40, 44, 42, 17, 2, 10, 13, 14, 15, 8, 32, 59, 46, 11, 64, 63, 45, 16, 1, 55, 33, 50, 24, 22, 62, 49, 61, 48, 52, 36, 38, 4, 6, 47, 53, 20, 51, 9, 25, 12, 21, 37, 34, 35, 60, 31, 56, 41, 26, 28, 39, 29, 54, 23, 43, 57, 30, 7, 18, 5]
Run 20:
Best OCplx: 1.468593243093416
Best Sequence: [59, 2, 64, 65, 17, 13, 15, 12, 8, 60, 24, 19, 3, 4, 9, 14, 10, 1, 16, 6, 62, 11, 58, 44, 61, 7, 63, 48, 43, 54, 46, 27, 29, 37, 25, 22, 47, 41, 33, 31, 35, 42, 56, 45, 23, 50, 30, 36, 55, 49, 34, 40, 20, 57, 28, 53, 52, 32, 39, 38, 51, 26, 21, 18, 5]
Run 21:
Best OCplx: 1.5388830259285426
Best Sequence: [14, 53, 27, 19, 13, 65, 64, 58, 8, 10, 59, 50, 1, 2, 61, 17, 30, 62, 12, 35, 15, 9, 11, 4, 63, 24, 6, 3, 16, 38, 51, 60, 56, 22, 57, 40, 34, 32, 47, 52, 41, 37, 45, 44, 43, 54, 36, 46, 33, 39, 20, 42, 7, 5, 55, 31, 29, 28, 49, 25, 21, 48, 18, 26, 23]
Run 22:
Best OCplx: 1.758903491320366
Best Sequence: [3, 9, 65, 58, 21, 46, 17, 12, 62, 10, 49, 24, 59, 4, 53, 2, 31, 43, 1, 40, 48, 30, 15, 16, 34, 63, 33, 64, 52, 19, 28, 22, 61, 14, 13, 41, 56, 47, 39, 6, 38, 60, 57, 8, 32, 54, 44, 45, 42, 55, 7, 37, 51, 27, 36, 29, 50, 11, 20, 26, 5, 35, 23, 25, 18]
Run 23:
Best OCplx: 1.6416046191414537
Best Sequence: [3, 64, 59, 16, 65, 4, 6, 58, 13, 62, 1, 24, 27, 19, 10, 41, 14, 8, 2, 17, 11, 25, 9, 26, 60, 7, 15, 12, 57, 35, 56, 47, 43, 34, 63, 32, 39, 61, 54, 49, 40, 48, 36, 30, 38, 52, 22, 37, 44, 20, 53, 50, 55, 46, 42, 31, 51, 29, 28, 45, 23, 33, 18, 21, 5]
Run 24:
Best OCplx: 1.589049385404615
Best Sequence: [43, 65, 13, 62, 10, 64, 2, 27, 24, 6, 17, 19, 8, 58, 7, 59, 61, 3, 15, 4, 44, 16, 48, 9, 33, 14, 60, 30, 22, 11, 52, 1, 40, 38, 57, 41, 51, 45, 29, 47, 46, 28, 31, 56, 39, 50, 37, 32, 55, 54, 35, 49, 53, 42, 34, 36, 20, 5, 12, 21, 63, 23, 26, 18, 25]
Run 25:
Best OCplx: 1.7206815031481197
Best Sequence: [42, 4, 65, 10, 62, 13, 58, 30, 31, 54, 43, 59, 60, 63, 24, 64, 3, 48, 61, 49, 44, 17, 14, 15, 52, 8, 35, 1, 2, 16, 9, 38, 22, 19, 46, 55, 57, 11, 53, 33, 32, 45, 51, 36, 39, 56, 28, 37, 50, 29, 34, 6, 40, 12, 27, 47, 26, 41, 7, 21, 25, 5, 18, 23, 20]
Run 26:
Best OCplx: 1.5651606427969615
Best Sequence: [11, 1, 59, 4, 62, 65, 15, 64, 13, 19, 8, 3, 14, 16, 2, 10, 24, 12, 17, 9, 58, 34, 44, 53, 6, 7, 27, 56, 60, 41, 61, 25, 28, 22, 40, 45, 57, 51, 32, 55, 38, 43, 54, 30, 47, 35, 39, 29, 50, 20, 49, 46, 48, 33, 31, 18, 37, 36, 42, 52, 21, 23, 5, 26, 63]
Run 27:
Best OCplx: 1.5677935504591363
Best Sequence: [24, 9, 2, 15, 13, 10, 62, 16, 3, 1, 14, 19, 17, 64, 8, 6, 4, 59, 12, 35, 65, 7, 58, 29, 39, 22, 42, 63, 11, 36, 51, 61, 55, 49, 40, 53, 28, 46, 34, 43, 38, 60, 32, 50, 41, 56, 54, 52, 57, 30, 45, 48, 47, 33, 37, 31, 5, 44, 27, 20, 26, 21, 23, 18, 25]
Run 28:
Best OCplx: 1.4112602608350475
Best Sequence: [61, 19, 3, 24, 15, 1, 62, 65, 17, 64, 13, 14, 6, 16, 9, 12, 59, 10, 27, 4, 8, 2, 26, 58, 11, 63, 53, 25, 56, 60, 46, 22, 50, 37, 28, 29, 51, 20, 55, 54, 45, 52, 43, 36, 31, 41, 18, 57, 35, 49, 44, 48, 30, 7, 32, 40, 23, 33, 39, 42, 47, 38, 34, 21, 5]
Run 29:
Best OCplx: 1.534105277407012
Best Sequence: [65, 9, 27, 59, 2, 19, 58, 29, 42, 14, 55, 16, 15, 1, 62, 63, 60, 6, 52, 4, 43, 3, 64, 24, 13, 35, 25, 38, 57, 17, 32, 45, 10, 8, 33, 49, 12, 31, 51, 53, 61, 22, 56, 36, 40, 11, 28, 37, 50, 34, 54, 46, 44, 30, 20, 48, 23, 39, 47, 41, 5, 18, 21, 7, 26]
Run 30:
Best OCplx: 1.4815500436701736
Best Sequence: [64, 4, 3, 24, 14, 62, 9, 15, 27, 65, 1, 6, 25, 2, 17, 59, 16, 10, 35, 19, 13, 11, 58, 31, 8, 26, 34, 12, 22, 45, 55, 23, 30, 63, 33, 40, 48, 60, 47, 52, 53, 36, 57, 56, 61, 37, 28, 54, 38, 49, 44, 32, 50, 18, 46, 51, 41, 29, 21, 43, 5, 20, 39, 42, 7]
