Run 1:
Best OCplx: 0.8782444709053217
Best Sequence: [1, 12, 8, 6, 5, 9, 4, 2, 7, 22, 16, 20, 23, 21, 10, 3, 18, 15, 11, 13, 17, 14, 19]
Run 2:
Best OCplx: 0.9320953024731762
Best Sequence: [6, 12, 18, 11, 7, 16, 5, 21, 20, 10, 1, 19, 13, 9, 2, 8, 22, 3, 4, 15, 17, 14, 23]
Run 3:
Best OCplx: 0.7392479985132088
Best Sequence: [8, 12, 6, 14, 11, 7, 19, 21, 23, 9, 18, 13, 10, 4, 5, 1, 3, 17, 16, 22, 2, 20, 15]
Run 4:
Best OCplx: 0.7392479985132088
Best Sequence: [22, 11, 13, 7, 23, 21, 12, 8, 4, 17, 16, 10, 1, 15, 6, 14, 5, 9, 2, 20, 18, 3, 19]
Run 5:
Best OCplx: 0.7071067811865476
Best Sequence: [12, 18, 21, 7, 22, 1, 11, 5, 6, 8, 4, 13, 17, 23, 16, 19, 14, 9, 2, 3, 15, 10, 20]
Run 6:
Best OCplx: 0.7713892158398701
Best Sequence: [16, 1, 6, 18, 11, 17, 12, 10, 8, 5, 9, 13, 22, 21, 4, 20, 19, 15, 14, 23, 2, 3, 7]
Run 7:
Best OCplx: 0.8999540851465151
Best Sequence: [9, 20, 5, 11, 8, 22, 1, 19, 16, 21, 12, 14, 17, 6, 10, 4, 7, 23, 13, 3, 2, 15, 18]
Run 8:
Best OCplx: 0.6853971669453542
Best Sequence: [10, 5, 21, 19, 12, 9, 17, 16, 1, 4, 7, 18, 23, 20, 2, 14, 6, 13, 8, 11, 3, 22, 15]
Run 9:
Best OCplx: 1.02851895445316
Best Sequence: [8, 6, 19, 1, 17, 9, 11, 21, 14, 5, 23, 16, 10, 4, 7, 13, 12, 20, 2, 22, 3, 15, 18]
Run 10:
Best OCplx: 0.77138921583987
Best Sequence: [11, 18, 9, 5, 12, 16, 6, 4, 23, 7, 19, 8, 17, 14, 13, 10, 1, 2, 21, 22, 3, 20, 15]
Run 11:
Best OCplx: 0.9320953024731764
Best Sequence: [18, 9, 1, 13, 5, 8, 23, 14, 12, 20, 16, 11, 17, 6, 7, 4, 22, 19, 2, 3, 10, 21, 15]
Run 12:
Best OCplx: 1.0068093402119667
Best Sequence: [19, 12, 10, 21, 17, 5, 18, 6, 23, 7, 4, 8, 22, 1, 20, 16, 14, 9, 2, 15, 3, 13, 11]
Run 13:
Best OCplx: 0.8356716504931926
Best Sequence: [21, 22, 1, 16, 19, 7, 8, 23, 6, 11, 18, 17, 15, 13, 12, 20, 14, 4, 5, 9, 2, 3, 10]
Run 14:
Best OCplx: 0.8035304331665314
Best Sequence: [22, 12, 20, 17, 8, 11, 10, 5, 4, 18, 6, 23, 16, 1, 19, 14, 9, 2, 3, 7, 15, 21, 13]
Run 15:
Best OCplx: 1.0496310496380354
Best Sequence: [22, 16, 19, 13, 8, 5, 18, 12, 4, 1, 15, 17, 9, 20, 14, 23, 21, 7, 2, 3, 11, 6, 10]
Run 16:
Best OCplx: 1.0928013891064825
Best Sequence: [16, 12, 14, 6, 11, 19, 8, 1, 10, 18, 3, 9, 5, 17, 4, 22, 2, 21, 20, 15, 23, 13, 7]
Run 17:
Best OCplx: 0.9853486149847132
Best Sequence: [8, 17, 9, 19, 21, 13, 23, 11, 18, 7, 22, 5, 1, 3, 6, 20, 12, 4, 16, 2, 10, 14, 15]
Run 18:
Best OCplx: 0.6428243465332251
Best Sequence: [1, 9, 5, 7, 13, 8, 21, 12, 4, 19, 16, 18, 17, 15, 23, 2, 11, 10, 6, 3, 20, 14, 22]
Run 19:
Best OCplx: 0.8678128678198539
Best Sequence: [18, 20, 19, 13, 16, 8, 22, 21, 9, 17, 5, 11, 7, 1, 6, 12, 3, 14, 15, 23, 4, 2, 10]
Run 20:
Best OCplx: 1.0285189544531599
Best Sequence: [9, 12, 5, 8, 6, 17, 16, 13, 20, 11, 1, 21, 14, 22, 2, 4, 3, 18, 19, 10, 7, 23, 15]
Run 21:
Best OCplx: 0.9425269055586442
Best Sequence: [21, 17, 6, 13, 1, 18, 22, 12, 8, 9, 23, 4, 20, 10, 16, 11, 7, 3, 14, 5, 2, 19, 15]
Run 22:
Best OCplx: 1.157083823759805
Best Sequence: [17, 21, 5, 7, 16, 9, 8, 2, 6, 11, 23, 10, 12, 20, 19, 22, 1, 18, 3, 4, 13, 14, 15]
Run 23:
Best OCplx: 0.8678128678198538
Best Sequence: [11, 22, 8, 20, 10, 16, 5, 1, 6, 18, 4, 7, 9, 2, 21, 3, 15, 17, 12, 14, 19, 13, 23]
Run 24:
Best OCplx: 1.0068093402119667
Best Sequence: [17, 22, 14, 8, 9, 1, 23, 10, 21, 18, 12, 11, 16, 19, 4, 20, 5, 7, 2, 15, 6, 3, 13]
Run 25:
Best OCplx: 1.0606601717798212
Best Sequence: [9, 6, 1, 8, 5, 16, 7, 23, 11, 21, 17, 12, 15, 13, 18, 4, 3, 14, 2, 19, 20, 10, 22]
Run 26:
Best OCplx: 0.9103856882319831
Best Sequence: [6, 17, 14, 19, 23, 1, 16, 7, 12, 22, 18, 10, 8, 4, 11, 9, 13, 21, 5, 20, 2, 3, 15]
Run 27:
Best OCplx: 0.8139620362519993
Best Sequence: [9, 10, 19, 8, 21, 6, 7, 17, 22, 18, 20, 12, 4, 13, 1, 14, 23, 16, 5, 11, 3, 2, 15]
Run 28:
Best OCplx: 0.9746681228853054
Best Sequence: [7, 16, 10, 12, 21, 8, 9, 18, 14, 1, 22, 20, 17, 11, 6, 13, 5, 2, 19, 3, 15, 23, 4]
Run 29:
Best OCplx: 1.0174898323113746
Best Sequence: [8, 1, 22, 13, 19, 11, 23, 12, 4, 9, 7, 17, 21, 16, 10, 18, 5, 14, 3, 6, 20, 2, 15]
Run 30:
Best OCplx: 0.8350741314368748
Best Sequence: [1, 22, 21, 18, 5, 9, 17, 19, 13, 23, 20, 16, 12, 7, 8, 4, 2, 10, 14, 3, 11, 6, 15]
UPDATE_GLOBAL_ITER: 200
GAMMA: 0.99
MAX_EP: 3000
thread_count: 3
RL: 5e-05
if_EWM: True

