
Learning Rate: 0.0004
Epsilon: 0.99
Gamma: 0.93
Memory Capacity: 20000
Batch Size: 64
if_EWM: True
seed: 41
Run 1:
Best OCplx: 2.469609202702239
Best Sequence: [40, 3, 16, 59, 10, 60, 64, 2, 14, 24, 1, 15, 9, 13, 17, 4, 6, 5, 12, 21, 8, 11, 7, 62, 19, 29, 65, 56, 58, 42, 36, 41, 63, 45, 61, 31, 51, 44, 47, 54, 46, 35, 38, 52, 20, 53, 30, 28, 32, 55, 50, 37, 57, 43, 18, 34, 48, 39, 27, 22, 49, 33, 23, 25, 26]
Run 2:
Best OCplx: 2.2436122157933323
Best Sequence: [15, 16, 10, 9, 14, 3, 64, 4, 59, 2, 13, 24, 1, 33, 6, 17, 12, 43, 58, 22, 44, 21, 48, 56, 19, 35, 31, 55, 47, 57, 51, 46, 42, 27, 32, 53, 34, 38, 28, 52, 30, 63, 36, 45, 50, 60, 40, 29, 20, 41, 39, 7, 11, 62, 5, 49, 8, 37, 54, 65, 18, 25, 26, 61, 23]
Run 3:
Best OCplx: 2.336677166286488
Best Sequence: [17, 1, 9, 4, 12, 64, 2, 15, 59, 10, 55, 3, 14, 16, 24, 13, 6, 5, 8, 60, 62, 11, 21, 61, 35, 7, 19, 65, 27, 18, 26, 23, 25, 58, 39, 34, 28, 57, 29, 33, 37, 36, 40, 44, 38, 32, 31, 63, 54, 50, 30, 47, 52, 56, 43, 41, 49, 53, 46, 22, 48, 51, 42, 45, 20]
Run 4:
Best OCplx: 2.4881006579708167
Best Sequence: [3, 13, 8, 17, 24, 58, 32, 4, 28, 63, 19, 1, 16, 2, 9, 54, 15, 10, 64, 6, 59, 7, 14, 5, 12, 11, 62, 37, 21, 29, 48, 42, 47, 36, 18, 57, 65, 33, 61, 60, 52, 40, 39, 46, 49, 45, 41, 51, 50, 22, 30, 55, 43, 20, 31, 44, 35, 26, 53, 27, 34, 38, 23, 56, 25]
Run 5:
Best OCplx: 2.4569491350525863
Best Sequence: [62, 10, 2, 64, 3, 14, 17, 9, 1, 16, 59, 12, 58, 13, 4, 24, 6, 15, 19, 21, 37, 34, 5, 33, 57, 38, 56, 44, 42, 32, 49, 8, 7, 11, 65, 63, 23, 46, 35, 61, 39, 60, 28, 51, 36, 50, 31, 29, 43, 18, 30, 52, 22, 27, 25, 54, 55, 45, 48, 47, 40, 26, 41, 53, 20]
Run 6:
Best OCplx: 2.180769470253801
Best Sequence: [64, 58, 13, 15, 9, 10, 51, 2, 14, 59, 17, 16, 28, 4, 3, 24, 1, 6, 19, 62, 5, 21, 12, 8, 30, 35, 11, 22, 45, 7, 47, 40, 42, 46, 32, 33, 31, 43, 41, 23, 57, 49, 34, 54, 36, 50, 38, 61, 53, 52, 55, 18, 26, 65, 44, 29, 56, 20, 48, 27, 25, 37, 63, 60, 39]
Run 7:
Best OCplx: 2.176377351105575
Best Sequence: [9, 62, 14, 3, 42, 13, 7, 2, 4, 59, 17, 16, 10, 15, 47, 64, 24, 6, 1, 5, 12, 21, 19, 30, 11, 8, 65, 27, 38, 58, 61, 54, 37, 29, 57, 52, 43, 46, 32, 26, 22, 33, 36, 56, 49, 60, 44, 41, 31, 34, 53, 50, 55, 40, 48, 23, 28, 35, 45, 18, 25, 39, 63, 20, 51]
Run 8:
Best OCplx: 2.427415103816814
Best Sequence: [59, 2, 4, 9, 10, 15, 3, 14, 48, 58, 64, 1, 17, 16, 13, 24, 6, 21, 12, 19, 56, 65, 62, 40, 5, 63, 8, 11, 7, 42, 53, 18, 23, 45, 41, 22, 61, 43, 37, 47, 34, 38, 30, 57, 33, 51, 60, 29, 52, 31, 20, 46, 49, 35, 44, 55, 54, 32, 36, 28, 50, 26, 39, 25, 27]
Run 9:
Best OCplx: 2.535908631539221
Best Sequence: [13, 64, 58, 63, 14, 19, 10, 9, 16, 15, 24, 2, 1, 3, 27, 5, 17, 6, 26, 59, 34, 4, 12, 61, 25, 23, 62, 8, 11, 18, 49, 7, 21, 60, 20, 65, 54, 52, 57, 29, 39, 43, 44, 33, 55, 31, 56, 42, 30, 48, 41, 50, 32, 28, 46, 35, 51, 45, 40, 38, 36, 37, 47, 53, 22]
Run 10:
Best OCplx: 2.7712108915737117
Best Sequence: [7, 24, 3, 48, 59, 52, 9, 2, 10, 14, 1, 4, 17, 13, 58, 64, 15, 5, 36, 12, 6, 16, 8, 11, 19, 34, 21, 27, 33, 37, 42, 65, 55, 38, 30, 53, 54, 29, 25, 50, 56, 62, 28, 57, 31, 39, 23, 47, 26, 61, 49, 35, 41, 40, 45, 43, 32, 18, 44, 22, 60, 20, 51, 46, 63]
Run 11:
Best OCplx: 2.525888333064031
Best Sequence: [3, 64, 13, 9, 16, 10, 24, 2, 1, 14, 15, 21, 54, 5, 59, 58, 4, 6, 17, 12, 19, 7, 62, 8, 11, 51, 42, 22, 44, 32, 29, 38, 34, 57, 30, 31, 46, 36, 43, 49, 65, 47, 63, 52, 28, 48, 45, 55, 39, 18, 41, 37, 50, 56, 35, 33, 40, 23, 60, 20, 53, 61, 26, 25, 27]
Run 12:
Best OCplx: 2.3655895036414196
Best Sequence: [1, 4, 14, 13, 15, 17, 9, 6, 64, 3, 16, 59, 24, 2, 10, 12, 5, 62, 19, 21, 43, 8, 11, 7, 55, 18, 65, 58, 42, 48, 47, 37, 61, 32, 28, 45, 41, 51, 49, 50, 63, 57, 52, 60, 39, 40, 23, 35, 31, 30, 53, 46, 56, 38, 44, 29, 33, 27, 26, 25, 54, 36, 34, 20, 22]
Run 13:
Best OCplx: 2.166376091981398
Best Sequence: [59, 64, 16, 2, 13, 24, 9, 15, 3, 1, 4, 10, 17, 14, 62, 6, 5, 12, 21, 8, 7, 11, 58, 19, 48, 32, 31, 29, 42, 43, 22, 54, 57, 37, 30, 56, 50, 55, 44, 36, 35, 52, 33, 51, 28, 45, 60, 34, 41, 18, 40, 46, 47, 53, 38, 49, 61, 63, 39, 26, 20, 27, 65, 23, 25]
Run 14:
Best OCplx: 2.335519329718424
Best Sequence: [59, 13, 10, 15, 24, 4, 14, 9, 17, 1, 16, 64, 2, 3, 6, 12, 62, 5, 21, 7, 8, 19, 65, 11, 53, 46, 51, 36, 58, 45, 38, 29, 56, 50, 55, 30, 23, 57, 40, 34, 47, 32, 18, 48, 49, 27, 22, 54, 28, 43, 33, 35, 52, 44, 37, 26, 31, 63, 42, 61, 20, 39, 25, 41, 60]
Run 15:
Best OCplx: 2.494391437658102
Best Sequence: [24, 64, 58, 4, 51, 54, 15, 14, 1, 10, 2, 59, 16, 3, 5, 17, 9, 13, 6, 19, 12, 42, 21, 56, 37, 23, 57, 49, 44, 38, 30, 48, 62, 46, 45, 43, 8, 53, 32, 55, 40, 22, 50, 25, 63, 36, 41, 52, 33, 31, 29, 47, 28, 34, 35, 61, 60, 65, 27, 20, 39, 11, 18, 26, 7]
Run 16:
Best OCplx: 2.1077705811732175
Best Sequence: [9, 58, 24, 64, 1, 17, 14, 15, 10, 4, 59, 13, 2, 3, 6, 16, 35, 19, 12, 8, 7, 54, 63, 62, 11, 61, 60, 39, 23, 65, 51, 34, 47, 37, 52, 48, 30, 46, 29, 53, 18, 27, 26, 25, 42, 5, 44, 45, 31, 22, 55, 33, 38, 40, 50, 41, 57, 56, 28, 43, 36, 32, 20, 21, 49]
Run 17:
Best OCplx: 2.5666902360138004
Best Sequence: [11, 9, 17, 15, 2, 4, 64, 16, 13, 48, 59, 10, 24, 3, 1, 14, 6, 12, 62, 21, 5, 8, 36, 7, 19, 65, 58, 60, 51, 18, 39, 61, 23, 27, 37, 26, 25, 30, 46, 38, 56, 53, 44, 33, 34, 49, 50, 55, 41, 47, 31, 57, 52, 45, 43, 40, 63, 20, 54, 28, 32, 29, 42, 35, 22]
Run 18:
Best OCplx: 2.4184309900567755
Best Sequence: [14, 17, 15, 10, 9, 59, 24, 1, 6, 2, 64, 4, 3, 16, 13, 12, 58, 19, 63, 5, 21, 52, 62, 60, 43, 55, 36, 47, 27, 8, 50, 46, 44, 35, 57, 32, 56, 29, 31, 18, 54, 33, 49, 37, 11, 65, 7, 23, 61, 26, 39, 38, 42, 28, 40, 34, 45, 22, 20, 30, 53, 51, 48, 41, 25]
Run 19:
Best OCplx: 2.5277277273522074
Best Sequence: [18, 58, 15, 17, 3, 10, 59, 8, 14, 23, 4, 64, 1, 9, 2, 62, 24, 43, 13, 41, 16, 5, 6, 12, 19, 63, 50, 7, 21, 65, 35, 40, 11, 22, 28, 31, 26, 45, 49, 57, 61, 37, 38, 53, 29, 55, 48, 33, 30, 32, 46, 27, 25, 54, 34, 39, 42, 60, 44, 20, 52, 47, 56, 51, 36]
Run 20:
Best OCplx: 2.2934737343176677
Best Sequence: [64, 3, 59, 58, 24, 15, 38, 35, 54, 9, 14, 28, 21, 16, 20, 10, 13, 4, 17, 2, 1, 5, 6, 12, 19, 62, 22, 52, 23, 42, 60, 8, 57, 33, 32, 65, 49, 11, 7, 34, 43, 30, 48, 55, 53, 50, 37, 31, 45, 61, 18, 56, 51, 41, 47, 46, 36, 25, 29, 63, 27, 40, 39, 44, 26]
Run 21:
Best OCplx: 2.216326056728867
Best Sequence: [2, 24, 9, 59, 3, 15, 65, 14, 17, 38, 10, 58, 16, 64, 35, 1, 18, 4, 13, 6, 19, 5, 12, 21, 56, 8, 51, 7, 11, 43, 62, 33, 26, 23, 54, 52, 27, 34, 44, 42, 47, 53, 28, 31, 22, 57, 37, 41, 29, 48, 30, 50, 32, 49, 45, 46, 55, 36, 40, 61, 60, 63, 39, 25, 20]
Run 22:
Best OCplx: 2.229019003700616
Best Sequence: [15, 3, 4, 17, 9, 19, 10, 13, 2, 14, 58, 16, 24, 64, 1, 59, 12, 6, 21, 8, 11, 61, 7, 5, 62, 63, 23, 57, 53, 65, 28, 48, 42, 54, 44, 22, 55, 56, 41, 45, 49, 50, 30, 31, 46, 60, 35, 25, 18, 38, 39, 34, 51, 20, 52, 47, 43, 40, 37, 32, 36, 33, 27, 26, 29]
Run 23:
Best OCplx: 2.0536718279175323
Best Sequence: [1, 2, 16, 13, 59, 17, 15, 58, 24, 28, 3, 9, 14, 10, 4, 64, 6, 19, 33, 22, 32, 49, 54, 63, 43, 34, 44, 5, 31, 42, 48, 56, 46, 52, 38, 45, 53, 47, 20, 55, 41, 35, 11, 36, 37, 50, 30, 29, 40, 62, 51, 57, 8, 12, 26, 21, 61, 60, 39, 27, 23, 25, 65, 18, 7]
Run 24:
Best OCplx: 2.3314444384428223
Best Sequence: [64, 13, 15, 3, 16, 9, 59, 24, 4, 10, 2, 17, 14, 1, 62, 6, 12, 5, 55, 21, 19, 7, 8, 11, 65, 23, 39, 54, 58, 61, 30, 36, 49, 60, 53, 22, 42, 18, 28, 50, 63, 40, 38, 57, 25, 35, 33, 29, 26, 47, 51, 48, 46, 37, 27, 52, 34, 45, 41, 44, 20, 43, 31, 56, 32]
Run 25:
Best OCplx: 2.5232895818000878
Best Sequence: [3, 21, 13, 9, 4, 10, 14, 59, 2, 24, 64, 1, 6, 16, 58, 17, 40, 15, 12, 5, 60, 19, 23, 8, 47, 62, 52, 55, 7, 11, 43, 44, 46, 29, 37, 56, 41, 48, 65, 54, 18, 38, 49, 34, 42, 25, 53, 51, 50, 27, 35, 28, 26, 61, 39, 31, 32, 22, 45, 33, 30, 57, 36, 63, 20]
Run 26:
Best OCplx: 2.1794350970170377
Best Sequence: [16, 17, 1, 14, 33, 24, 13, 48, 3, 19, 8, 10, 54, 9, 58, 25, 64, 59, 27, 6, 2, 4, 15, 11, 5, 12, 61, 62, 22, 21, 29, 34, 30, 38, 50, 31, 53, 35, 46, 57, 23, 63, 18, 60, 55, 37, 28, 7, 32, 56, 40, 45, 52, 44, 41, 47, 51, 20, 39, 36, 42, 43, 49, 65, 26]
Run 27:
Best OCplx: 2.216599787781799
Best Sequence: [10, 3, 17, 9, 59, 7, 64, 1, 4, 58, 2, 15, 13, 14, 16, 24, 6, 12, 5, 45, 21, 28, 19, 11, 8, 34, 31, 22, 63, 48, 56, 49, 41, 46, 57, 50, 29, 61, 38, 51, 54, 60, 47, 52, 43, 37, 33, 40, 44, 18, 32, 55, 39, 30, 35, 42, 62, 36, 25, 53, 65, 27, 20, 23, 26]
Run 28:
Best OCplx: 2.296294886298897
Best Sequence: [1, 2, 16, 60, 59, 10, 17, 64, 9, 15, 4, 58, 24, 39, 14, 3, 25, 13, 6, 21, 5, 12, 35, 19, 62, 8, 22, 11, 42, 7, 30, 48, 53, 65, 38, 31, 23, 34, 36, 32, 41, 40, 26, 29, 45, 61, 51, 54, 56, 44, 46, 33, 37, 57, 47, 55, 18, 43, 28, 52, 49, 50, 63, 27, 20]
Run 29:
Best OCplx: 2.1289337893758815
Best Sequence: [64, 1, 16, 2, 15, 4, 10, 13, 59, 58, 14, 3, 17, 61, 41, 9, 24, 6, 19, 12, 21, 5, 62, 8, 28, 11, 7, 37, 56, 30, 29, 32, 22, 40, 45, 54, 47, 34, 33, 50, 36, 44, 43, 42, 31, 53, 48, 57, 52, 55, 65, 49, 38, 18, 35, 46, 27, 25, 26, 23, 39, 60, 51, 20, 63]
Run 30:
Best OCplx: 2.1049713661082263
Best Sequence: [10, 9, 15, 59, 14, 4, 13, 3, 7, 2, 58, 17, 6, 24, 64, 11, 16, 1, 12, 62, 5, 42, 19, 32, 22, 21, 8, 33, 36, 65, 34, 45, 38, 40, 55, 44, 47, 46, 37, 50, 28, 30, 35, 43, 57, 29, 60, 23, 54, 63, 56, 31, 52, 27, 26, 25, 18, 49, 41, 53, 51, 20, 48, 39, 61]
