Actor Learning Rate: 1e-05
Critic Learning Rate: 8e-05
Hidden Dimension: 64
Gamma: 0.99
epoch: 5
Lambda: 0.9
Epsilon: 0.2
if_EWM: False

Actor Learning Rate: 1e-05
Critic Learning Rate: 8e-05
Hidden Dimension: 64
Gamma: 0.99
epoch: 5
Lambda: 0.9
Epsilon: 0.2
if_EWM: False

Run 1:
Best OCplx: 2.481949775607073
Best Sequence: [3, 16, 7, 12, 15, 17, 19, 20, 23, 6, 21, 2, 1, 10, 13, 9, 11, 24, 8, 22, 5, 14, 4, 25, 18]
Run 2:
Best OCplx: 2.772319587907436
Best Sequence: [4, 6, 16, 23, 10, 19, 15, 3, 2, 1, 8, 12, 17, 24, 20, 5, 22, 11, 21, 9, 13, 14, 7, 25, 18]
Run 3:
Best OCplx: 2.8183096745149094
Best Sequence: [16, 15, 22, 3, 19, 20, 6, 2, 1, 17, 8, 23, 13, 9, 11, 10, 12, 21, 24, 5, 14, 25, 4, 7, 18]
Run 4:
Best OCplx: 2.780340851270025
Best Sequence: [16, 19, 17, 3, 2, 14, 11, 20, 23, 10, 7, 22, 12, 21, 6, 24, 9, 5, 1, 8, 18, 15, 4, 25, 13]
Run 5:
Best OCplx: 2.5796020636880077
Best Sequence: [12, 16, 2, 3, 9, 1, 20, 17, 5, 21, 10, 7, 4, 15, 6, 19, 13, 11, 14, 8, 25, 22, 24, 23, 18]
Run 6:
Best OCplx: 2.825538580355923
Best Sequence: [3, 12, 4, 16, 17, 6, 1, 14, 22, 20, 19, 21, 2, 24, 25, 18, 8, 15, 23, 7, 10, 11, 5, 9, 13]
Run 7:
Best OCplx: 2.3684590844083577
Best Sequence: [23, 3, 16, 21, 2, 14, 22, 9, 19, 15, 1, 17, 11, 7, 4, 12, 6, 10, 5, 24, 20, 18, 25, 8, 13]
Run 8:
Best OCplx: 2.782590159291339
Best Sequence: [15, 16, 17, 3, 13, 5, 2, 12, 10, 6, 14, 9, 4, 1, 11, 22, 7, 8, 19, 23, 21, 24, 20, 18, 25]
Run 9:
Best OCplx: 2.9762944678911647
Best Sequence: [16, 17, 3, 14, 19, 7, 8, 6, 9, 22, 4, 10, 24, 20, 2, 13, 1, 15, 21, 18, 23, 5, 12, 11, 25]
Run 10:
Best OCplx: 2.8458004305076776
Best Sequence: [3, 14, 16, 11, 9, 5, 19, 10, 20, 21, 23, 22, 12, 15, 8, 6, 7, 24, 4, 17, 1, 18, 2, 25, 13]
Run 11:
Best OCplx: 2.5211662555127194
Best Sequence: [15, 3, 16, 8, 20, 17, 10, 23, 6, 2, 5, 4, 14, 19, 9, 25, 21, 24, 12, 7, 22, 18, 1, 11, 13]
Run 12:
Best OCplx: 2.788195476742407
Best Sequence: [2, 9, 15, 3, 8, 5, 16, 14, 19, 17, 20, 21, 22, 12, 13, 10, 6, 23, 25, 1, 7, 11, 24, 4, 18]
Run 13:
Best OCplx: 2.6599331962472617
Best Sequence: [16, 17, 12, 3, 2, 5, 21, 15, 6, 1, 23, 9, 4, 19, 22, 7, 24, 10, 11, 20, 13, 14, 25, 8, 18]
Run 14:
Best OCplx: 2.7448676104123284
Best Sequence: [3, 16, 10, 9, 2, 19, 1, 22, 21, 15, 18, 17, 20, 12, 4, 5, 7, 8, 6, 14, 23, 24, 25, 13, 11]
Run 15:
Best OCplx: 2.719146738692168
Best Sequence: [15, 3, 17, 16, 1, 2, 7, 23, 19, 5, 11, 8, 14, 4, 20, 9, 6, 12, 21, 10, 22, 24, 25, 18, 13]
Run 16:
Best OCplx: 2.8035984516866543
Best Sequence: [16, 19, 5, 4, 9, 17, 15, 20, 8, 10, 2, 12, 25, 3, 6, 21, 14, 7, 22, 24, 1, 11, 23, 13, 18]
Run 17:
Best OCplx: 2.760388110992306
Best Sequence: [3, 16, 19, 9, 12, 2, 1, 17, 5, 23, 6, 22, 8, 10, 4, 25, 15, 24, 11, 21, 7, 20, 13, 14, 18]
Run 18:
Best OCplx: 2.634280643236056
Best Sequence: [15, 14, 3, 9, 16, 4, 2, 17, 20, 10, 8, 12, 19, 23, 22, 1, 11, 21, 24, 7, 6, 18, 5, 25, 13]
Run 19:
Best OCplx: 2.7750947004984994
Best Sequence: [12, 16, 10, 3, 21, 6, 15, 22, 19, 5, 1, 4, 20, 23, 11, 14, 2, 7, 24, 9, 18, 8, 13, 17, 25]
Run 20:
Best OCplx: 2.847941176174585
Best Sequence: [3, 16, 12, 22, 10, 24, 4, 1, 11, 17, 9, 20, 2, 23, 19, 6, 5, 8, 15, 7, 25, 13, 21, 18, 14]
Run 21:
Best OCplx: 2.4266834344693895
Best Sequence: [16, 19, 3, 21, 2, 17, 20, 4, 1, 15, 25, 6, 11, 14, 5, 10, 24, 12, 22, 8, 23, 18, 9, 7, 13]
Run 22:
Best OCplx: 2.5582566647180682
Best Sequence: [16, 3, 21, 7, 12, 15, 17, 22, 23, 20, 2, 10, 19, 8, 25, 6, 9, 14, 4, 24, 1, 5, 13, 11, 18]
Run 23:
Best OCplx: 2.8233678267571762
Best Sequence: [8, 16, 19, 2, 17, 6, 3, 9, 21, 4, 22, 15, 20, 14, 5, 12, 10, 1, 24, 7, 23, 25, 11, 13, 18]
Run 24:
Best OCplx: 2.5817243659438334
Best Sequence: [4, 9, 12, 16, 15, 2, 7, 1, 11, 5, 19, 14, 20, 6, 21, 3, 8, 22, 24, 25, 10, 23, 18, 17, 13]
Run 25:
Best OCplx: 2.6024236445740163
Best Sequence: [12, 14, 16, 9, 17, 10, 20, 3, 21, 19, 5, 23, 8, 2, 1, 4, 22, 24, 25, 15, 13, 11, 18, 7, 6]
Run 26:
Best OCplx: 2.3271499501903303
Best Sequence: [15, 4, 3, 16, 19, 1, 20, 22, 8, 6, 10, 7, 25, 5, 12, 21, 2, 9, 24, 14, 18, 23, 17, 11, 13]
Run 27:
Best OCplx: 2.2026977336349165
Best Sequence: [3, 8, 12, 16, 20, 1, 17, 21, 9, 2, 10, 4, 19, 22, 11, 15, 14, 23, 5, 25, 6, 13, 24, 7, 18]
Run 28:
Best OCplx: 2.6695689319105966
Best Sequence: [3, 16, 9, 1, 12, 4, 13, 2, 5, 19, 20, 7, 21, 23, 14, 17, 10, 11, 8, 24, 25, 22, 15, 6, 18]
Run 29:
Best OCplx: 2.8965629517399094
Best Sequence: [16, 10, 1, 23, 5, 12, 20, 2, 19, 9, 7, 14, 11, 17, 21, 6, 15, 4, 3, 8, 18, 22, 13, 25, 24]
Run 30:
Best OCplx: 2.4970629691839425
Best Sequence: [16, 3, 5, 20, 8, 15, 19, 21, 22, 1, 7, 10, 4, 9, 23, 18, 12, 24, 2, 6, 25, 14, 13, 17, 11]
