Run 1:
Best OCplx: 3.3080724331964
Best Sequence: [17, 21, 16, 5, 20, 8, 19, 2, 3, 9, 13, 6, 1, 7, 4, 18, 12, 15, 10, 11, 14]
Run 2:
Best OCplx: 2.536918737937897
Best Sequence: [17, 20, 8, 21, 4, 19, 7, 1, 9, 10, 5, 2, 16, 3, 6, 14, 18, 11, 13, 12, 15]
Run 3:
Best OCplx: 2.7790776764651577
Best Sequence: [4, 16, 3, 17, 18, 6, 7, 20, 21, 8, 5, 9, 10, 11, 13, 19, 2, 1, 12, 14, 15]
Run 4:
Best OCplx: 2.6306243128815727
Best Sequence: [20, 16, 8, 19, 1, 6, 2, 4, 5, 21, 9, 10, 18, 3, 11, 13, 15, 17, 7, 12, 14]
Run 5:
Best OCplx: 2.766376023848019
Best Sequence: [7, 20, 2, 19, 4, 17, 3, 18, 8, 6, 1, 5, 21, 9, 10, 11, 14, 12, 15, 16, 13]
Run 6:
Best OCplx: 2.896432514919673
Best Sequence: [19, 20, 2, 3, 7, 16, 6, 17, 18, 21, 4, 1, 5, 9, 8, 14, 10, 15, 12, 11, 13]
Run 7:
Best OCplx: 2.7215284585695403
Best Sequence: [20, 16, 1, 21, 8, 4, 7, 2, 3, 9, 15, 10, 12, 18, 13, 11, 14, 17, 19, 5, 6]
Run 8:
Best OCplx: 3.0724476897223454
Best Sequence: [17, 21, 8, 7, 9, 20, 11, 10, 18, 15, 2, 19, 16, 13, 4, 5, 6, 3, 1, 12, 14]
Run 9:
Best OCplx: 3.2227652237880533
Best Sequence: [21, 17, 5, 7, 6, 20, 9, 8, 13, 16, 3, 10, 19, 15, 12, 18, 14, 11, 1, 2, 4]
Run 10:
Best OCplx: 3.7970006252062323
Best Sequence: [19, 8, 9, 10, 20, 14, 21, 4, 12, 17, 1, 3, 16, 7, 6, 5, 18, 11, 2, 15, 13]
Run 11:
Best OCplx: 2.4281330792938127
Best Sequence: [2, 20, 17, 21, 7, 19, 5, 8, 6, 9, 4, 3, 16, 1, 10, 14, 15, 11, 12, 18, 13]
Run 12:
Best OCplx: 2.4011670269714505
Best Sequence: [19, 6, 21, 16, 18, 20, 1, 2, 17, 3, 8, 9, 7, 5, 10, 15, 11, 4, 14, 12, 13]
Run 13:
Best OCplx: 2.5496203905550363
Best Sequence: [7, 21, 3, 16, 17, 19, 20, 6, 8, 9, 10, 18, 2, 5, 1, 4, 15, 14, 11, 13, 12]
Run 14:
Best OCplx: 2.9373616666072433
Best Sequence: [21, 19, 17, 6, 2, 7, 20, 1, 3, 18, 5, 4, 9, 8, 10, 13, 14, 16, 15, 11, 12]
Run 15:
Best OCplx: 2.593086427114639
Best Sequence: [17, 16, 7, 6, 20, 18, 19, 8, 21, 9, 2, 15, 3, 4, 5, 10, 1, 13, 14, 11, 12]
Run 16:
Best OCplx: 2.6128321105528776
Best Sequence: [17, 20, 2, 21, 7, 16, 5, 9, 19, 18, 4, 1, 3, 8, 6, 10, 14, 15, 11, 12, 13]
Run 17:
Best OCplx: 2.3874536384716105
Best Sequence: [7, 17, 18, 20, 4, 5, 16, 19, 8, 2, 21, 3, 9, 1, 10, 6, 15, 14, 13, 11, 12]
Run 18:
Best OCplx: 2.8321782876957458
Best Sequence: [2, 6, 16, 21, 7, 9, 20, 8, 17, 3, 5, 4, 15, 18, 10, 11, 12, 19, 13, 14, 1]
Run 19:
Best OCplx: 2.1717097410613286
Best Sequence: [21, 16, 7, 20, 17, 6, 19, 8, 9, 10, 18, 1, 4, 2, 5, 15, 14, 13, 11, 3, 12]
Run 20:
Best OCplx: 2.320163104644914
Best Sequence: [16, 20, 7, 8, 19, 1, 21, 17, 18, 3, 2, 4, 6, 9, 5, 10, 13, 15, 11, 12, 14]
Run 21:
Best OCplx: 3.1740816603115167
Best Sequence: [17, 1, 21, 4, 6, 19, 2, 8, 7, 9, 16, 20, 3, 18, 10, 5, 11, 13, 14, 15, 12]
Run 22:
Best OCplx: 2.8925141013287647
Best Sequence: [18, 16, 17, 21, 2, 20, 4, 6, 19, 5, 3, 7, 1, 9, 8, 15, 10, 11, 12, 14, 13]
Run 23:
Best OCplx: 2.9710863872357676
Best Sequence: [6, 17, 20, 18, 21, 5, 19, 3, 7, 4, 1, 9, 8, 2, 10, 13, 14, 11, 16, 15, 12]
Run 24:
Best OCplx: 2.5428617222488734
Best Sequence: [17, 19, 21, 4, 2, 20, 5, 8, 16, 6, 1, 9, 3, 10, 13, 7, 15, 12, 11, 18, 14]
Run 25:
Best OCplx: 2.800100744476543
Best Sequence: [8, 21, 20, 18, 3, 6, 2, 17, 9, 1, 10, 4, 19, 5, 11, 14, 16, 12, 15, 7, 13]
Run 26:
Best OCplx: 2.887863335109242
Best Sequence: [20, 1, 3, 21, 4, 6, 5, 16, 8, 2, 9, 10, 7, 19, 18, 17, 14, 12, 13, 11, 15]
Run 27:
Best OCplx: 2.6672249398749197
Best Sequence: [20, 17, 1, 18, 4, 6, 19, 16, 7, 2, 5, 21, 3, 9, 8, 10, 11, 15, 13, 14, 12]
Run 28:
Best OCplx: 2.226102570383371
Best Sequence: [20, 2, 16, 18, 7, 6, 8, 1, 21, 17, 19, 9, 5, 4, 3, 10, 14, 11, 13, 15, 12]
Run 29:
Best OCplx: 2.705028474332299
Best Sequence: [21, 20, 3, 8, 2, 16, 5, 17, 6, 19, 1, 7, 4, 9, 18, 10, 15, 11, 14, 13, 12]
Run 30:
Best OCplx: 2.5702884992485537
Best Sequence: [21, 18, 2, 20, 6, 16, 4, 1, 17, 8, 19, 3, 5, 9, 10, 7, 15, 13, 12, 11, 14]

Mean: 2.7467
Min: 2.1717
Max: 3.7970
Std: 0.3390