Run 1:
Best OCplx: 1.9798469622112638
Best Sequence: [3, 13, 9, 58, 11, 15, 32, 22, 30, 27, 34, 36, 52, 39, 19, 38, 37, 24, 14, 62, 51, 21, 41, 25, 47, 23, 49, 46, 59, 8, 5, 31, 2, 63, 17, 56, 35, 6, 48, 33, 12, 64, 43, 10, 45, 60, 55, 44, 28, 4, 18, 26, 53, 16, 54, 50, 20, 1, 57, 7, 42, 65, 61, 40, 29]
Run 2:
Best OCplx: 1.9989233289833273
Best Sequence: [9, 3, 65, 45, 19, 27, 61, 58, 26, 10, 36, 20, 35, 41, 24, 22, 11, 53, 60, 49, 13, 42, 17, 12, 43, 57, 8, 16, 54, 2, 7, 55, 15, 30, 63, 50, 40, 31, 48, 46, 44, 29, 34, 33, 25, 39, 28, 62, 21, 37, 23, 59, 47, 32, 38, 52, 4, 18, 56, 6, 1, 14, 5, 51, 64]
Run 3:
Best OCplx: 1.922513979952895
Best Sequence: [58, 30, 22, 16, 17, 52, 19, 24, 4, 40, 59, 65, 27, 41, 14, 60, 42, 26, 51, 55, 39, 10, 62, 13, 20, 44, 9, 5, 21, 53, 50, 45, 38, 63, 28, 37, 12, 2, 34, 35, 43, 23, 1, 54, 56, 8, 7, 3, 46, 33, 15, 32, 29, 36, 11, 31, 47, 64, 61, 49, 25, 57, 48, 6, 18]
Run 4:
Best OCplx: 2.1389785321834682
Best Sequence: [24, 58, 13, 45, 64, 37, 65, 9, 31, 61, 47, 30, 6, 27, 42, 48, 51, 55, 26, 1, 15, 22, 18, 36, 20, 40, 4, 43, 39, 19, 34, 16, 57, 63, 53, 8, 14, 3, 60, 38, 32, 62, 2, 54, 59, 50, 46, 33, 49, 29, 44, 23, 28, 41, 21, 10, 17, 35, 7, 12, 25, 56, 5, 52, 11]
Run 5:
Best OCplx: 1.7687030217648367
Best Sequence: [15, 13, 65, 24, 30, 58, 37, 35, 14, 40, 32, 49, 27, 10, 22, 57, 19, 59, 4, 52, 42, 50, 20, 46, 61, 64, 12, 17, 44, 23, 63, 31, 51, 45, 18, 33, 28, 8, 3, 5, 54, 48, 43, 26, 9, 38, 6, 60, 41, 36, 47, 34, 25, 21, 1, 39, 7, 53, 56, 16, 29, 55, 2, 11, 62]
Run 6:
Best OCplx: 2.0265096324454537
Best Sequence: [65, 58, 64, 62, 22, 27, 15, 51, 61, 63, 19, 29, 40, 52, 10, 36, 14, 20, 54, 43, 49, 9, 30, 5, 55, 2, 12, 23, 48, 26, 21, 45, 11, 59, 34, 37, 18, 6, 60, 46, 38, 39, 53, 50, 47, 31, 28, 17, 33, 3, 16, 4, 8, 42, 1, 35, 44, 41, 32, 25, 24, 7, 56, 57, 13]
Run 7:
Best OCplx: 2.1242745973963872
Best Sequence: [14, 63, 12, 46, 32, 65, 10, 25, 60, 1, 61, 62, 27, 15, 24, 58, 17, 30, 22, 53, 33, 4, 2, 51, 26, 9, 19, 52, 29, 23, 55, 34, 5, 64, 57, 43, 16, 41, 45, 42, 50, 13, 36, 44, 31, 8, 11, 47, 20, 18, 6, 7, 59, 56, 48, 21, 38, 35, 40, 54, 49, 37, 39, 3, 28]
Run 8:
Best OCplx: 2.0264574085260865
Best Sequence: [58, 20, 24, 63, 13, 41, 29, 38, 10, 2, 31, 48, 14, 54, 22, 3, 64, 43, 9, 16, 37, 46, 34, 1, 55, 35, 8, 30, 62, 17, 57, 61, 42, 50, 4, 56, 52, 28, 21, 11, 44, 6, 27, 12, 18, 45, 39, 59, 49, 7, 23, 33, 40, 36, 15, 26, 32, 19, 65, 47, 5, 25, 60, 53, 51]
Run 9:
Best OCplx: 2.116785825617387
Best Sequence: [58, 49, 14, 24, 4, 27, 62, 63, 54, 45, 19, 22, 21, 13, 6, 18, 51, 38, 30, 7, 40, 20, 36, 41, 61, 31, 39, 42, 32, 17, 56, 60, 2, 3, 55, 25, 37, 43, 28, 33, 10, 26, 46, 64, 48, 59, 29, 53, 35, 8, 47, 9, 52, 12, 23, 11, 57, 1, 44, 16, 50, 15, 34, 65, 5]
Run 10:
Best OCplx: 2.0517981537739036
Best Sequence: [14, 58, 24, 59, 44, 51, 5, 42, 61, 27, 39, 57, 62, 22, 54, 38, 11, 50, 23, 37, 32, 17, 2, 34, 36, 52, 41, 49, 43, 21, 65, 47, 10, 19, 63, 40, 30, 25, 9, 28, 64, 46, 55, 20, 13, 3, 56, 48, 31, 15, 33, 29, 12, 7, 45, 60, 4, 6, 53, 8, 16, 18, 1, 35, 26]
Run 11:
Best OCplx: 1.9215909744538202
Best Sequence: [4, 2, 36, 65, 58, 35, 48, 27, 10, 13, 56, 24, 29, 52, 23, 50, 22, 34, 21, 42, 61, 62, 32, 30, 39, 18, 47, 15, 53, 20, 33, 63, 11, 49, 17, 40, 8, 64, 41, 12, 38, 1, 43, 14, 44, 26, 51, 3, 5, 37, 19, 60, 45, 6, 55, 54, 25, 31, 16, 7, 28, 57, 46, 59, 9]
Run 12:
Best OCplx: 2.1753536051703666
Best Sequence: [58, 19, 50, 43, 21, 40, 14, 8, 16, 54, 4, 17, 44, 5, 24, 59, 28, 48, 39, 27, 32, 33, 56, 47, 22, 15, 52, 26, 64, 34, 30, 63, 65, 29, 7, 45, 62, 46, 25, 55, 36, 35, 12, 57, 13, 1, 2, 9, 42, 11, 31, 38, 53, 37, 3, 61, 49, 20, 41, 23, 18, 10, 60, 51, 6]
Run 13:
Best OCplx: 2.077546773501233
Best Sequence: [58, 30, 10, 47, 53, 37, 13, 6, 64, 55, 50, 2, 38, 1, 51, 45, 14, 49, 46, 15, 27, 19, 26, 22, 8, 56, 39, 9, 21, 42, 4, 32, 60, 31, 59, 29, 20, 43, 3, 5, 17, 23, 7, 65, 16, 25, 63, 52, 48, 57, 35, 41, 24, 12, 34, 36, 44, 62, 40, 33, 11, 18, 54, 28, 61]
Run 14:
Best OCplx: 1.7228263440074758
Best Sequence: [24, 65, 54, 58, 38, 6, 47, 35, 34, 27, 50, 41, 59, 44, 4, 28, 22, 62, 33, 48, 57, 2, 31, 43, 42, 15, 25, 14, 12, 10, 13, 17, 64, 23, 8, 26, 7, 29, 63, 49, 60, 30, 19, 61, 39, 21, 11, 20, 52, 36, 56, 53, 32, 45, 40, 3, 55, 37, 51, 5, 9, 16, 46, 1, 18]
Run 15:
Best OCplx: 2.103931410748817
Best Sequence: [58, 8, 1, 51, 14, 52, 55, 17, 64, 2, 7, 3, 54, 16, 35, 10, 62, 28, 61, 27, 13, 41, 46, 50, 63, 24, 30, 22, 39, 5, 59, 12, 9, 44, 33, 38, 15, 21, 57, 36, 65, 45, 43, 60, 53, 20, 18, 56, 19, 23, 4, 47, 29, 34, 6, 26, 42, 40, 11, 32, 49, 31, 37, 48, 25]
Run 16:
Best OCplx: 2.1251872456942946
Best Sequence: [58, 24, 54, 8, 7, 28, 11, 27, 4, 47, 46, 31, 43, 29, 42, 63, 16, 12, 40, 61, 22, 51, 15, 60, 32, 49, 35, 30, 3, 14, 19, 39, 53, 13, 1, 52, 62, 36, 17, 59, 20, 37, 5, 26, 18, 64, 10, 9, 57, 45, 44, 6, 55, 56, 50, 48, 21, 34, 33, 65, 38, 2, 41, 25, 23]
Run 17:
Best OCplx: 2.0436537290327363
Best Sequence: [12, 7, 59, 27, 65, 3, 21, 58, 6, 31, 38, 60, 37, 19, 15, 54, 44, 39, 22, 32, 53, 36, 49, 26, 43, 23, 46, 52, 33, 62, 24, 57, 16, 9, 14, 45, 64, 63, 35, 25, 41, 4, 47, 10, 28, 50, 34, 42, 51, 17, 55, 56, 1, 48, 61, 13, 8, 18, 2, 5, 20, 40, 30, 11, 29]
Run 18:
Best OCplx: 1.8685476739141633
Best Sequence: [65, 58, 34, 60, 57, 33, 59, 13, 17, 14, 27, 38, 8, 21, 64, 9, 10, 19, 50, 26, 43, 15, 46, 4, 3, 41, 61, 2, 1, 47, 25, 12, 48, 42, 11, 36, 30, 45, 23, 54, 20, 53, 24, 39, 18, 31, 63, 44, 22, 32, 56, 40, 29, 49, 55, 52, 35, 28, 7, 37, 62, 5, 6, 16, 51]
Run 19:
Best OCplx: 2.002568665918433
Best Sequence: [14, 58, 27, 47, 6, 13, 24, 23, 48, 51, 54, 57, 52, 39, 49, 33, 22, 8, 10, 36, 26, 62, 53, 16, 31, 20, 50, 1, 12, 32, 28, 61, 30, 41, 43, 64, 3, 63, 40, 25, 18, 4, 34, 65, 38, 46, 19, 5, 59, 29, 44, 21, 11, 56, 37, 9, 42, 60, 45, 15, 55, 7, 35, 17, 2]
Run 20:
Best OCplx: 2.123042404834939
Best Sequence: [62, 58, 27, 33, 59, 25, 35, 65, 61, 51, 14, 24, 8, 40, 3, 55, 6, 41, 42, 18, 19, 2, 15, 22, 49, 38, 9, 37, 4, 13, 52, 17, 12, 64, 53, 28, 45, 29, 20, 56, 57, 23, 47, 36, 50, 34, 31, 26, 16, 10, 48, 46, 39, 54, 5, 44, 32, 63, 60, 21, 1, 43, 30, 11, 7]
Run 21:
Best OCplx: 2.0398537824700766
Best Sequence: [17, 58, 42, 54, 10, 32, 60, 47, 14, 48, 57, 27, 6, 35, 63, 45, 7, 37, 24, 16, 2, 30, 22, 41, 52, 26, 5, 36, 9, 3, 65, 40, 49, 28, 1, 38, 61, 25, 64, 44, 50, 33, 55, 13, 11, 39, 46, 56, 19, 62, 15, 21, 43, 23, 59, 4, 12, 53, 34, 8, 29, 18, 20, 31, 51]
Run 22:
Best OCplx: 2.104353387510741
Best Sequence: [65, 4, 27, 36, 10, 56, 19, 41, 58, 24, 63, 14, 25, 22, 2, 30, 43, 54, 9, 32, 17, 31, 29, 38, 37, 57, 62, 16, 7, 60, 52, 12, 42, 1, 55, 46, 45, 20, 47, 3, 34, 15, 59, 40, 51, 23, 53, 26, 64, 33, 44, 11, 48, 6, 13, 28, 39, 8, 50, 61, 21, 35, 5, 49, 18]
Run 23:
Best OCplx: 2.1969904865395016
Best Sequence: [52, 11, 58, 46, 27, 65, 25, 61, 53, 44, 36, 17, 38, 2, 64, 22, 51, 55, 49, 24, 14, 12, 60, 9, 13, 30, 63, 35, 10, 62, 56, 45, 31, 37, 40, 8, 20, 26, 16, 42, 57, 33, 28, 18, 59, 15, 23, 5, 3, 32, 43, 4, 47, 34, 39, 48, 50, 21, 19, 6, 29, 1, 7, 41, 54]
Run 24:
Best OCplx: 1.705126422223247
Best Sequence: [17, 65, 58, 31, 30, 49, 22, 20, 61, 29, 4, 36, 13, 6, 27, 25, 55, 46, 43, 44, 64, 42, 32, 37, 39, 40, 14, 8, 35, 3, 23, 62, 11, 38, 52, 10, 21, 41, 12, 7, 63, 19, 51, 24, 5, 9, 53, 59, 16, 15, 34, 54, 1, 45, 28, 56, 2, 26, 48, 57, 18, 47, 50, 33, 60]
Run 25:
Best OCplx: 2.0149453711853536
Best Sequence: [14, 65, 58, 46, 38, 6, 40, 4, 41, 61, 19, 3, 2, 51, 11, 57, 55, 13, 26, 34, 49, 33, 45, 30, 27, 1, 9, 17, 63, 37, 42, 28, 22, 32, 23, 64, 21, 60, 56, 16, 8, 59, 54, 31, 44, 36, 12, 50, 20, 52, 62, 7, 10, 43, 53, 5, 39, 15, 18, 47, 24, 29, 48, 35, 25]
Run 26:
Best OCplx: 2.0988176003188577
Best Sequence: [65, 61, 58, 8, 30, 22, 52, 14, 10, 32, 39, 15, 26, 6, 38, 3, 27, 42, 29, 20, 21, 54, 17, 64, 16, 36, 45, 31, 35, 11, 13, 19, 62, 2, 1, 49, 18, 44, 57, 40, 47, 25, 43, 46, 51, 4, 41, 33, 50, 59, 34, 28, 63, 7, 37, 55, 48, 12, 5, 60, 56, 9, 24, 23, 53]
Run 27:
Best OCplx: 1.8829331433981218
Best Sequence: [4, 8, 65, 58, 51, 28, 60, 27, 30, 34, 2, 62, 26, 10, 37, 50, 17, 22, 3, 24, 43, 46, 29, 61, 48, 38, 33, 52, 41, 15, 13, 16, 42, 6, 54, 12, 9, 35, 40, 25, 18, 21, 1, 44, 11, 59, 23, 32, 31, 45, 56, 7, 14, 5, 39, 64, 20, 49, 36, 55, 63, 47, 19, 53, 57]
Run 28:
Best OCplx: 1.8972141650433476
Best Sequence: [58, 51, 57, 48, 14, 3, 24, 27, 39, 50, 52, 5, 40, 49, 15, 26, 59, 13, 36, 25, 16, 64, 6, 9, 60, 22, 2, 10, 44, 56, 45, 65, 63, 12, 43, 46, 54, 23, 42, 20, 55, 11, 30, 8, 62, 32, 4, 41, 7, 33, 37, 47, 35, 38, 29, 61, 1, 21, 19, 28, 17, 34, 53, 31, 18]
Run 29:
Best OCplx: 2.0809656736402373
Best Sequence: [9, 56, 65, 2, 58, 63, 50, 39, 32, 15, 6, 27, 49, 22, 29, 60, 36, 4, 51, 61, 8, 21, 25, 59, 7, 17, 35, 43, 3, 55, 52, 33, 11, 18, 1, 47, 46, 30, 14, 13, 19, 20, 42, 64, 44, 45, 23, 12, 37, 48, 34, 57, 53, 10, 41, 16, 28, 31, 5, 62, 40, 38, 26, 24, 54]
Run 30:
Best OCplx: 2.227841080513078
Best Sequence: [10, 58, 65, 27, 22, 57, 35, 56, 12, 42, 2, 18, 53, 20, 36, 23, 39, 24, 40, 28, 48, 1, 17, 9, 15, 34, 26, 14, 29, 51, 49, 5, 31, 63, 45, 47, 30, 62, 64, 41, 61, 50, 13, 7, 33, 52, 32, 8, 60, 46, 54, 4, 21, 11, 43, 3, 19, 6, 16, 59, 44, 25, 55, 38, 37]
