Run 1:
Best OCplx: 9.749190468406224
Best Sequence: [21, 25, 39, 2, 44, 45, 38, 31, 47, 34, 14, 15, 57, 13, 28, 32, 17, 56, 30, 36, 29, 58, 6, 41, 9, 33, 60, 22, 10, 46, 18, 48, 8, 43, 7, 42, 16, 5, 59, 37, 49, 11, 61, 23, 35, 40, 55, 52, 20, 1, 26, 4, 27, 51, 3, 50, 24, 54, 53, 12, 19]
Run 2:
Best OCplx: 7.940861149015901
Best Sequence: [21, 43, 32, 59, 41, 28, 27, 8, 23, 14, 49, 24, 31, 53, 57, 36, 40, 47, 37, 11, 2, 35, 15, 55, 48, 9, 54, 44, 25, 20, 56, 46, 61, 19, 30, 1, 12, 29, 58, 33, 45, 22, 13, 3, 18, 5, 6, 60, 39, 38, 10, 52, 16, 26, 34, 17, 4, 42, 7, 50, 51]
Run 3:
Best OCplx: 9.65214201776202
Best Sequence: [2, 43, 40, 61, 36, 21, 5, 10, 13, 45, 34, 32, 56, 59, 30, 48, 25, 22, 57, 49, 8, 28, 33, 27, 39, 17, 31, 3, 15, 58, 60, 16, 1, 46, 53, 26, 23, 7, 6, 11, 19, 41, 47, 24, 55, 35, 18, 9, 38, 50, 20, 37, 44, 29, 51, 52, 12, 42, 4, 14, 54]
Run 4:
Best OCplx: 9.49302508459582
Best Sequence: [44, 21, 17, 31, 10, 42, 35, 8, 47, 5, 46, 48, 32, 20, 2, 7, 58, 33, 60, 4, 29, 38, 13, 27, 45, 39, 16, 43, 41, 1, 9, 36, 26, 14, 49, 37, 56, 40, 28, 52, 53, 25, 24, 3, 22, 61, 55, 59, 57, 50, 18, 19, 12, 11, 6, 15, 34, 23, 54, 51, 30]
Run 5:
Best OCplx: 10.277621735172657
Best Sequence: [41, 34, 21, 39, 10, 24, 17, 36, 33, 9, 7, 11, 4, 49, 43, 29, 61, 52, 27, 31, 15, 58, 59, 56, 5, 8, 35, 48, 28, 47, 51, 45, 13, 2, 44, 46, 30, 19, 1, 32, 42, 26, 55, 25, 20, 23, 60, 16, 22, 37, 57, 3, 6, 40, 50, 12, 38, 18, 14, 54, 53]
Run 6:
Best OCplx: 10.106413022373307
Best Sequence: [36, 23, 40, 60, 21, 27, 15, 32, 19, 57, 18, 29, 11, 1, 46, 34, 43, 14, 61, 10, 31, 48, 28, 8, 13, 16, 20, 33, 38, 55, 25, 9, 24, 4, 3, 58, 26, 45, 39, 35, 17, 30, 44, 54, 6, 12, 37, 53, 5, 49, 42, 59, 47, 2, 22, 7, 51, 50, 41, 52, 56]
Run 7:
Best OCplx: 10.685741192046777
Best Sequence: [21, 48, 32, 5, 43, 57, 3, 18, 30, 39, 59, 54, 46, 9, 35, 40, 8, 6, 11, 34, 24, 56, 2, 17, 47, 38, 28, 20, 55, 60, 23, 33, 19, 1, 14, 13, 37, 16, 49, 12, 4, 15, 41, 36, 7, 53, 51, 42, 31, 58, 61, 22, 44, 26, 25, 27, 29, 50, 52, 10, 45]
Run 8:
Best OCplx: 11.481140094040427
Best Sequence: [58, 44, 24, 30, 11, 43, 8, 21, 61, 14, 17, 13, 9, 28, 22, 56, 31, 5, 37, 29, 36, 40, 20, 7, 27, 45, 15, 52, 59, 18, 32, 33, 25, 46, 51, 34, 39, 16, 55, 49, 48, 6, 19, 3, 38, 60, 35, 57, 47, 54, 1, 10, 41, 23, 4, 12, 42, 50, 2, 53, 26]
Run 9:
Best OCplx: 10.019006162292522
Best Sequence: [28, 9, 31, 21, 17, 56, 6, 57, 45, 16, 59, 29, 43, 40, 30, 32, 41, 15, 5, 46, 8, 49, 23, 39, 53, 22, 14, 36, 4, 3, 42, 60, 54, 34, 26, 24, 38, 37, 47, 7, 19, 13, 50, 27, 11, 44, 1, 10, 58, 35, 48, 55, 61, 52, 12, 25, 20, 2, 33, 18, 51]
Run 10:
Best OCplx: 8.827801019428907
Best Sequence: [18, 46, 43, 47, 2, 8, 10, 16, 17, 60, 5, 59, 31, 21, 61, 48, 27, 15, 35, 34, 25, 20, 19, 39, 53, 57, 37, 1, 24, 32, 22, 28, 14, 44, 29, 38, 23, 12, 4, 52, 7, 58, 3, 6, 41, 30, 56, 55, 13, 36, 9, 42, 11, 45, 54, 33, 49, 40, 26, 51, 50]
Run 11:
Best OCplx: 8.849350329152328
Best Sequence: [46, 8, 21, 59, 43, 53, 60, 48, 29, 57, 13, 28, 3, 40, 26, 5, 41, 31, 37, 9, 27, 23, 45, 38, 54, 61, 39, 15, 11, 22, 18, 58, 55, 19, 42, 16, 4, 32, 56, 35, 17, 34, 25, 44, 49, 24, 33, 30, 36, 52, 10, 47, 7, 51, 6, 20, 1, 12, 2, 14, 50]
Run 12:
Best OCplx: 11.413643550336564
Best Sequence: [32, 46, 55, 58, 48, 8, 43, 13, 15, 20, 21, 44, 35, 57, 31, 6, 52, 17, 14, 16, 39, 18, 50, 9, 47, 25, 5, 33, 11, 36, 7, 56, 19, 40, 30, 26, 10, 41, 4, 1, 34, 27, 23, 53, 59, 28, 29, 60, 2, 38, 37, 49, 3, 54, 45, 42, 61, 24, 22, 51, 12]
Run 13:
Best OCplx: 9.187040036645246
Best Sequence: [28, 60, 24, 8, 29, 30, 21, 46, 13, 44, 26, 57, 61, 17, 27, 19, 31, 47, 36, 23, 43, 33, 2, 40, 45, 16, 20, 49, 39, 32, 18, 15, 38, 55, 41, 37, 48, 6, 22, 58, 53, 1, 5, 10, 9, 7, 56, 35, 25, 4, 52, 51, 14, 3, 54, 59, 12, 11, 34, 42, 50]
Run 14:
Best OCplx: 11.541294989738923
Best Sequence: [8, 21, 59, 27, 20, 4, 57, 61, 29, 40, 55, 7, 37, 23, 28, 32, 54, 25, 30, 15, 31, 19, 17, 13, 48, 3, 56, 33, 18, 53, 47, 2, 45, 43, 10, 39, 38, 22, 11, 9, 12, 14, 51, 44, 36, 41, 35, 24, 46, 50, 34, 16, 5, 1, 6, 42, 26, 49, 58, 52, 60]
Run 15:
Best OCplx: 9.621736103553102
Best Sequence: [31, 36, 21, 3, 4, 46, 54, 15, 24, 43, 11, 28, 60, 41, 55, 53, 17, 2, 27, 22, 30, 57, 18, 26, 44, 6, 8, 49, 47, 48, 37, 33, 25, 59, 61, 12, 16, 45, 29, 19, 58, 10, 34, 13, 23, 32, 14, 5, 42, 52, 56, 39, 9, 38, 50, 40, 20, 7, 35, 51, 1]
Run 16:
Best OCplx: 8.672587494575264
Best Sequence: [37, 46, 54, 8, 59, 5, 15, 24, 21, 35, 32, 18, 31, 16, 60, 9, 55, 61, 49, 43, 29, 10, 30, 19, 44, 53, 52, 14, 28, 7, 1, 6, 36, 33, 48, 39, 40, 56, 3, 2, 13, 11, 51, 58, 20, 50, 26, 41, 34, 27, 47, 17, 12, 57, 22, 25, 45, 23, 4, 38, 42]
Run 17:
Best OCplx: 10.401085642029226
Best Sequence: [41, 9, 16, 49, 4, 8, 40, 57, 21, 20, 46, 6, 23, 29, 27, 59, 61, 30, 37, 60, 1, 39, 45, 24, 53, 47, 28, 43, 34, 35, 55, 56, 26, 42, 17, 33, 58, 32, 36, 54, 3, 44, 38, 13, 19, 7, 2, 10, 18, 14, 48, 50, 15, 31, 25, 22, 51, 12, 52, 11, 5]
Run 18:
Best OCplx: 10.138756495374095
Best Sequence: [37, 17, 27, 49, 24, 21, 36, 41, 60, 26, 5, 43, 58, 25, 4, 8, 52, 39, 54, 32, 34, 16, 11, 59, 57, 10, 44, 2, 46, 29, 6, 1, 14, 20, 40, 23, 33, 31, 30, 47, 42, 13, 35, 3, 28, 50, 7, 55, 18, 19, 15, 61, 48, 51, 9, 22, 12, 56, 53, 38, 45]
Run 19:
Best OCplx: 11.86208088952408
Best Sequence: [10, 46, 24, 27, 38, 33, 21, 23, 16, 54, 25, 35, 57, 31, 9, 39, 44, 36, 37, 43, 55, 2, 32, 28, 7, 13, 56, 48, 15, 42, 8, 30, 20, 60, 3, 5, 34, 26, 53, 18, 52, 19, 1, 59, 40, 17, 41, 61, 50, 4, 29, 58, 6, 45, 14, 11, 22, 51, 49, 12, 47]
Run 20:
Best OCplx: 11.451973337353316
Best Sequence: [48, 28, 8, 37, 54, 27, 36, 21, 23, 6, 3, 49, 60, 29, 7, 34, 19, 15, 39, 5, 46, 9, 11, 14, 55, 13, 53, 47, 50, 31, 52, 35, 41, 57, 22, 20, 59, 58, 16, 61, 12, 25, 18, 33, 17, 44, 26, 38, 4, 56, 45, 43, 40, 32, 10, 30, 2, 24, 1, 42, 51]
Run 21:
Best OCplx: 11.132088144563854
Best Sequence: [21, 23, 17, 25, 39, 43, 13, 61, 35, 11, 5, 14, 55, 60, 53, 50, 1, 20, 32, 26, 18, 36, 46, 31, 15, 54, 49, 34, 58, 24, 48, 41, 38, 57, 28, 19, 37, 52, 59, 7, 40, 27, 9, 8, 3, 45, 2, 4, 47, 51, 22, 56, 33, 6, 16, 12, 30, 29, 42, 10, 44]
Run 22:
Best OCplx: 10.324553165176503
Best Sequence: [8, 39, 48, 1, 35, 36, 44, 40, 30, 21, 46, 10, 47, 29, 45, 61, 22, 2, 23, 4, 7, 6, 52, 59, 28, 11, 32, 53, 24, 33, 56, 38, 13, 43, 49, 37, 54, 57, 60, 16, 58, 18, 25, 34, 26, 55, 14, 9, 12, 19, 27, 41, 20, 15, 5, 3, 50, 31, 42, 51, 17]
Run 23:
Best OCplx: 7.458359788780358
Best Sequence: [60, 21, 28, 8, 43, 32, 27, 35, 10, 31, 15, 52, 26, 56, 40, 14, 17, 53, 58, 61, 59, 55, 41, 46, 20, 5, 33, 16, 30, 39, 54, 42, 29, 4, 45, 37, 11, 47, 49, 36, 19, 2, 7, 25, 50, 38, 34, 51, 13, 57, 9, 1, 6, 48, 22, 24, 18, 44, 3, 23, 12]
Run 24:
Best OCplx: 9.141411000418232
Best Sequence: [40, 57, 61, 22, 21, 1, 44, 32, 35, 2, 7, 4, 9, 8, 43, 58, 27, 36, 39, 18, 11, 23, 41, 47, 25, 20, 33, 31, 19, 46, 16, 56, 14, 59, 15, 28, 42, 53, 24, 45, 48, 49, 13, 55, 34, 38, 17, 37, 52, 51, 60, 29, 10, 5, 30, 26, 54, 50, 6, 12, 3]
Run 25:
Best OCplx: 12.26966395117649
Best Sequence: [14, 27, 21, 33, 58, 23, 26, 52, 7, 45, 28, 48, 16, 29, 9, 46, 1, 39, 24, 13, 37, 32, 56, 18, 15, 34, 19, 60, 22, 35, 36, 4, 5, 55, 11, 6, 49, 44, 59, 2, 17, 53, 12, 47, 54, 25, 38, 31, 40, 30, 61, 8, 10, 20, 42, 50, 57, 41, 3, 43, 51]
Run 26:
Best OCplx: 11.253959706219312
Best Sequence: [1, 58, 28, 53, 40, 25, 39, 17, 5, 8, 46, 32, 37, 21, 7, 43, 33, 10, 57, 20, 48, 4, 27, 12, 42, 55, 26, 9, 11, 36, 22, 31, 56, 44, 38, 60, 3, 19, 2, 30, 45, 24, 41, 6, 52, 18, 35, 50, 14, 16, 59, 15, 47, 49, 13, 61, 29, 54, 23, 34, 51]
Run 27:
Best OCplx: 9.034749071338402
Best Sequence: [21, 59, 8, 19, 7, 27, 58, 9, 14, 29, 34, 16, 43, 60, 11, 37, 44, 30, 54, 45, 31, 5, 55, 57, 47, 41, 40, 23, 24, 46, 10, 35, 36, 20, 22, 12, 15, 42, 28, 61, 32, 56, 1, 38, 51, 3, 18, 25, 17, 50, 49, 6, 2, 39, 53, 26, 33, 48, 52, 13, 4]
Run 28:
Best OCplx: 10.74744080256871
Best Sequence: [35, 28, 43, 32, 46, 49, 56, 8, 11, 47, 7, 21, 39, 14, 44, 45, 22, 10, 23, 48, 40, 17, 57, 42, 34, 58, 53, 31, 13, 4, 30, 20, 2, 27, 37, 1, 3, 52, 6, 61, 9, 55, 18, 59, 25, 60, 54, 12, 5, 26, 41, 24, 29, 36, 50, 38, 19, 15, 33, 16, 51]
Run 29:
Best OCplx: 10.730657106300919
Best Sequence: [39, 45, 47, 8, 21, 10, 56, 27, 57, 29, 54, 49, 25, 19, 11, 14, 59, 4, 41, 30, 17, 36, 5, 3, 23, 37, 24, 48, 1, 38, 53, 9, 61, 2, 13, 28, 40, 35, 26, 55, 32, 58, 20, 7, 18, 46, 42, 15, 31, 6, 43, 60, 34, 22, 33, 52, 12, 16, 44, 50, 51]
Run 30:
Best OCplx: 10.280009610098492
Best Sequence: [21, 1, 55, 6, 2, 42, 46, 16, 32, 53, 60, 49, 4, 17, 8, 23, 20, 10, 27, 15, 59, 61, 11, 47, 58, 34, 54, 35, 41, 56, 43, 36, 24, 26, 31, 18, 57, 5, 44, 22, 3, 39, 13, 37, 30, 25, 28, 45, 19, 9, 38, 12, 40, 51, 33, 14, 7, 29, 48, 50, 52]
UPDATE_GLOBAL_ITER: 200
GAMMA: 0.99
MAX_EP: 3000
thread_count: 3
RL: 0.0001
if_EWM: False

Run 1:
Best OCplx: 9.103166422237248
Best Sequence: [47, 21, 36, 11, 37, 1, 59, 56, 29, 7, 48, 26, 39, 61, 24, 8, 41, 46, 25, 32, 35, 38, 9, 60, 53, 27, 19, 57, 6, 3, 17, 33, 20, 30, 43, 55, 14, 22, 28, 12, 18, 58, 2, 45, 50, 4, 23, 5, 10, 52, 31, 13, 54, 49, 42, 51, 40, 34, 44, 15, 16]
Run 2:
Best OCplx: 10.723696450762581
Best Sequence: [46, 49, 15, 8, 28, 21, 35, 18, 45, 29, 61, 44, 32, 12, 36, 26, 30, 7, 25, 13, 11, 27, 5, 55, 41, 6, 42, 10, 38, 47, 2, 22, 39, 57, 50, 16, 40, 59, 48, 60, 58, 17, 14, 3, 9, 1, 23, 24, 43, 19, 51, 54, 4, 20, 34, 31, 33, 52, 37, 56, 53]
Run 3:
Best OCplx: 9.53990621886602
Best Sequence: [27, 44, 13, 45, 31, 41, 21, 37, 7, 17, 10, 43, 39, 58, 14, 61, 25, 53, 46, 60, 36, 47, 35, 26, 40, 57, 30, 33, 32, 1, 8, 49, 38, 22, 24, 23, 4, 19, 12, 15, 34, 28, 54, 6, 55, 2, 20, 48, 52, 42, 56, 51, 5, 9, 16, 29, 59, 18, 3, 11, 50]
Run 4:
Best OCplx: 8.316495412829672
Best Sequence: [9, 53, 21, 30, 36, 31, 41, 46, 26, 33, 1, 58, 28, 25, 5, 43, 52, 60, 32, 8, 57, 4, 48, 29, 15, 49, 59, 39, 56, 19, 2, 7, 37, 47, 17, 55, 20, 16, 35, 44, 45, 51, 3, 54, 61, 34, 42, 50, 24, 18, 13, 6, 40, 14, 10, 22, 11, 23, 12, 38, 27]
Run 5:
Best OCplx: 9.857732896919288
Best Sequence: [21, 18, 46, 16, 47, 48, 57, 19, 30, 58, 31, 55, 25, 27, 60, 6, 42, 24, 14, 39, 37, 9, 23, 17, 43, 35, 54, 36, 1, 29, 41, 33, 3, 59, 40, 61, 53, 8, 49, 38, 28, 15, 11, 32, 7, 10, 13, 22, 52, 5, 45, 12, 26, 20, 34, 4, 51, 44, 56, 50, 2]
Run 6:
Best OCplx: 11.776498609919196
Best Sequence: [9, 43, 8, 21, 11, 28, 38, 14, 34, 30, 56, 57, 12, 46, 17, 47, 7, 40, 58, 35, 22, 49, 32, 37, 61, 19, 29, 4, 54, 16, 20, 6, 39, 15, 42, 10, 55, 23, 60, 53, 41, 18, 26, 59, 51, 50, 13, 25, 2, 45, 36, 1, 24, 27, 5, 48, 33, 3, 52, 44, 31]
Run 7:
Best OCplx: 8.338204583914273
Best Sequence: [36, 28, 9, 25, 45, 44, 5, 58, 21, 61, 14, 20, 32, 8, 7, 17, 19, 52, 11, 23, 46, 60, 41, 27, 59, 56, 1, 47, 31, 6, 18, 37, 40, 43, 55, 12, 22, 24, 57, 3, 42, 53, 39, 13, 50, 35, 16, 34, 26, 10, 51, 49, 2, 38, 4, 29, 48, 33, 30, 54, 15]
Run 8:
Best OCplx: 8.363046583991995
Best Sequence: [43, 39, 46, 21, 33, 29, 8, 5, 59, 60, 47, 45, 44, 11, 1, 14, 36, 23, 37, 55, 34, 15, 61, 56, 32, 17, 54, 35, 53, 40, 9, 10, 58, 51, 13, 22, 26, 7, 19, 50, 57, 25, 28, 38, 24, 3, 16, 18, 42, 6, 12, 52, 41, 30, 27, 20, 48, 2, 49, 4, 31]
