Run 1:
Best OCplx: 0.8452015326642629
Best Sequence: [14, 11, 8, 36, 18, 27, 2, 15, 39, 21, 24, 7, 13, 30, 12, 34, 19, 10, 22, 23, 17, 25, 16, 35, 9, 6, 3, 31, 26, 5, 37, 20, 33, 4, 32, 29, 28, 1, 38]
Run 2:
Best OCplx: 0.977358640727475
Best Sequence: [30, 11, 38, 27, 10, 18, 15, 25, 36, 37, 23, 32, 13, 17, 3, 14, 7, 26, 22, 16, 24, 33, 1, 28, 9, 6, 8, 39, 31, 35, 21, 19, 2, 12, 29, 20, 4, 34, 5]
Run 3:
Best OCplx: 0.9092485451751539
Best Sequence: [15, 32, 18, 36, 30, 39, 38, 35, 29, 27, 10, 20, 31, 7, 34, 28, 23, 33, 24, 37, 21, 1, 3, 26, 11, 2, 13, 9, 16, 6, 25, 17, 14, 22, 4, 12, 5, 8, 19]
Run 4:
Best OCplx: 0.7816726177742784
Best Sequence: [11, 15, 36, 10, 32, 30, 33, 18, 27, 22, 8, 39, 26, 7, 2, 1, 23, 3, 13, 35, 38, 9, 28, 21, 24, 14, 29, 25, 6, 34, 20, 17, 31, 12, 16, 37, 4, 19, 5]
Run 5:
Best OCplx: 0.9658409072090691
Best Sequence: [11, 21, 39, 14, 22, 35, 26, 8, 13, 2, 1, 27, 32, 10, 3, 20, 38, 17, 36, 28, 25, 34, 15, 5, 7, 30, 18, 29, 33, 19, 31, 24, 12, 23, 37, 9, 16, 6, 4]
Run 6:
Best OCplx: 1.1192368445001786
Best Sequence: [3, 27, 18, 19, 15, 13, 21, 36, 25, 11, 10, 16, 33, 5, 37, 23, 28, 14, 32, 20, 9, 29, 17, 22, 6, 31, 35, 4, 1, 12, 38, 34, 39, 7, 24, 8, 2, 30, 26]
Run 7:
Best OCplx: 0.8663417160596695
Best Sequence: [34, 24, 27, 15, 36, 10, 14, 18, 1, 19, 7, 5, 26, 25, 33, 17, 35, 11, 31, 20, 9, 22, 21, 12, 23, 32, 8, 30, 13, 2, 29, 39, 3, 6, 28, 37, 38, 16, 4]
Run 8:
Best OCplx: 1.0588926248158907
Best Sequence: [21, 5, 7, 36, 31, 35, 2, 11, 13, 30, 26, 15, 27, 10, 25, 32, 18, 19, 34, 3, 33, 22, 23, 37, 17, 39, 28, 14, 29, 1, 16, 9, 24, 20, 8, 6, 38, 4, 12]
Run 9:
Best OCplx: 0.9149784074000673
Best Sequence: [23, 24, 7, 3, 18, 27, 36, 31, 10, 15, 21, 25, 20, 26, 28, 39, 2, 30, 35, 32, 22, 11, 38, 29, 19, 9, 1, 37, 13, 6, 34, 17, 14, 33, 8, 16, 4, 12, 5]
Run 10:
Best OCplx: 0.9516101854937904
Best Sequence: [11, 19, 34, 21, 27, 16, 15, 14, 10, 36, 24, 28, 18, 25, 37, 38, 29, 12, 31, 35, 33, 13, 1, 5, 30, 39, 26, 20, 22, 7, 23, 17, 2, 8, 9, 3, 32, 6, 4]
Run 11:
Best OCplx: 0.9936698395664816
Best Sequence: [30, 35, 17, 16, 15, 27, 36, 34, 28, 25, 24, 10, 14, 21, 31, 11, 26, 12, 23, 39, 13, 32, 2, 22, 18, 33, 19, 37, 7, 29, 9, 6, 1, 8, 4, 38, 3, 20, 5]
Run 12:
Best OCplx: 0.9115594538882779
Best Sequence: [36, 8, 3, 14, 15, 24, 18, 25, 11, 10, 22, 27, 35, 32, 33, 39, 34, 30, 23, 5, 37, 17, 13, 38, 7, 16, 9, 29, 19, 6, 21, 2, 20, 1, 28, 26, 12, 4, 31]
Run 13:
Best OCplx: 0.9029599485654224
Best Sequence: [15, 11, 10, 3, 18, 36, 27, 17, 25, 29, 32, 24, 2, 5, 9, 38, 6, 19, 21, 12, 4, 16, 30, 39, 34, 1, 28, 33, 35, 20, 8, 37, 31, 13, 7, 26, 22, 23, 14]
Run 14:
Best OCplx: 0.8905819741424146
Best Sequence: [22, 1, 20, 11, 32, 36, 18, 10, 27, 25, 35, 34, 24, 29, 3, 15, 16, 28, 17, 14, 37, 2, 8, 38, 31, 30, 7, 26, 33, 39, 9, 13, 19, 21, 12, 23, 6, 4, 5]
Run 15:
Best OCplx: 0.9872830768504212
Best Sequence: [16, 11, 20, 18, 27, 36, 25, 15, 17, 10, 1, 8, 9, 7, 14, 31, 26, 24, 21, 37, 33, 2, 6, 28, 35, 34, 22, 5, 39, 4, 23, 12, 29, 38, 19, 32, 30, 13, 3]
Run 16:
Best OCplx: 0.9642050459182239
Best Sequence: [15, 16, 27, 7, 36, 18, 37, 11, 25, 10, 32, 20, 23, 30, 3, 1, 21, 22, 26, 19, 12, 17, 24, 9, 6, 38, 5, 14, 35, 31, 39, 2, 28, 33, 4, 34, 13, 8, 29]
Run 17:
Best OCplx: 1.0116079554515245
Best Sequence: [25, 20, 11, 3, 2, 5, 36, 19, 39, 27, 18, 28, 24, 22, 15, 16, 31, 32, 10, 26, 1, 29, 35, 14, 9, 7, 33, 21, 37, 8, 34, 6, 12, 4, 38, 13, 17, 30, 23]
Run 18:
Best OCplx: 0.8832834988403464
Best Sequence: [11, 21, 15, 36, 34, 25, 22, 18, 7, 27, 37, 39, 24, 10, 1, 30, 12, 29, 38, 9, 26, 32, 23, 28, 6, 33, 2, 3, 8, 14, 31, 13, 17, 4, 35, 16, 5, 19, 20]
Run 19:
Best OCplx: 1.0920919038098538
Best Sequence: [14, 38, 35, 8, 15, 17, 26, 36, 11, 21, 27, 34, 19, 7, 5, 25, 29, 3, 24, 13, 18, 22, 16, 28, 39, 2, 37, 20, 10, 9, 1, 33, 31, 12, 30, 6, 4, 23, 32]
Run 20:
Best OCplx: 1.0282211405364767
Best Sequence: [13, 7, 11, 36, 31, 2, 39, 27, 30, 34, 37, 38, 28, 20, 17, 5, 22, 19, 24, 23, 21, 32, 25, 29, 10, 33, 9, 14, 35, 6, 3, 1, 8, 4, 12, 16, 26, 15, 18]
Run 21:
Best OCplx: 0.8422201778720213
Best Sequence: [36, 11, 5, 24, 30, 16, 23, 10, 18, 19, 22, 27, 20, 15, 7, 25, 29, 38, 1, 39, 26, 3, 37, 9, 2, 21, 6, 35, 4, 13, 32, 17, 8, 31, 28, 34, 14, 33, 12]
Run 22:
Best OCplx: 0.9796424582646581
Best Sequence: [19, 23, 11, 26, 27, 15, 38, 18, 36, 10, 21, 9, 25, 31, 30, 6, 37, 32, 20, 14, 16, 8, 33, 34, 28, 29, 5, 2, 35, 22, 3, 7, 13, 4, 39, 17, 1, 24, 12]
Run 23:
Best OCplx: 0.8731220937408312
Best Sequence: [1, 27, 11, 20, 36, 24, 15, 10, 18, 5, 37, 26, 7, 17, 3, 21, 29, 34, 8, 30, 23, 25, 14, 2, 19, 33, 9, 35, 39, 13, 16, 12, 32, 28, 38, 6, 22, 4, 31]
Run 24:
Best OCplx: 1.0517302417135868
Best Sequence: [34, 15, 24, 21, 13, 26, 27, 18, 36, 25, 37, 10, 19, 3, 29, 39, 1, 2, 17, 22, 12, 28, 7, 11, 35, 33, 9, 6, 20, 5, 32, 23, 31, 16, 8, 14, 4, 30, 38]
Run 25:
Best OCplx: 0.9807911398272349
Best Sequence: [5, 38, 39, 18, 36, 11, 27, 15, 25, 7, 10, 1, 26, 21, 35, 37, 23, 9, 24, 34, 19, 17, 16, 14, 33, 8, 22, 29, 28, 6, 30, 32, 4, 12, 3, 2, 31, 20, 13]
Run 26:
Best OCplx: 0.9008930170296646
Best Sequence: [38, 27, 20, 5, 24, 28, 13, 15, 19, 36, 29, 14, 3, 25, 11, 10, 21, 26, 18, 17, 39, 37, 2, 23, 7, 1, 31, 33, 32, 22, 34, 30, 16, 9, 6, 35, 4, 12, 8]
Run 27:
Best OCplx: 0.874585827411162
Best Sequence: [21, 20, 11, 15, 25, 27, 36, 10, 18, 37, 13, 38, 19, 7, 17, 14, 22, 3, 29, 12, 9, 6, 28, 35, 5, 34, 32, 39, 24, 2, 1, 33, 16, 30, 26, 31, 4, 23, 8]
Run 28:
Best OCplx: 0.9038608262339356
Best Sequence: [23, 15, 11, 16, 36, 26, 5, 17, 28, 30, 22, 7, 3, 34, 29, 27, 19, 10, 2, 25, 8, 32, 37, 21, 38, 31, 35, 1, 20, 18, 13, 39, 14, 24, 12, 33, 9, 6, 4]
Run 29:
Best OCplx: 0.6589929231434934
Best Sequence: [23, 24, 27, 2, 15, 11, 25, 10, 36, 26, 14, 35, 7, 29, 39, 9, 16, 18, 1, 34, 17, 30, 3, 6, 22, 38, 32, 28, 13, 31, 20, 5, 8, 21, 19, 33, 12, 37, 4]
Run 30:
Best OCplx: 0.82232684214552
Best Sequence: [1, 15, 26, 7, 18, 20, 27, 11, 37, 36, 22, 16, 39, 10, 17, 28, 30, 35, 9, 29, 21, 6, 24, 12, 8, 23, 19, 13, 5, 4, 32, 34, 2, 31, 25, 33, 38, 14, 3]
Learning Rate: 1e-05
Epsilon: 0.1
Gamma: 0.99
Reward Version: v2.1
if_EWM: True
