Run 1:
Best OCplx: 0.46020420639137716
Best Sequence: [22, 8, 12, 21, 17, 1, 19, 7, 14, 16, 6, 9, 4, 5, 11, 20, 23, 13, 2, 3, 10, 18, 15]
Run 2:
Best OCplx: 0.3166658869881516
Best Sequence: [1, 6, 8, 19, 21, 22, 11, 10, 17, 20, 23, 12, 16, 13, 9, 18, 14, 4, 7, 5, 2, 3, 15]
Run 3:
Best OCplx: 0.2707083567008101
Best Sequence: [11, 22, 9, 8, 12, 21, 13, 17, 20, 23, 10, 4, 7, 5, 19, 6, 1, 18, 16, 14, 2, 3, 15]
Run 4:
Best OCplx: 0.5143458777315393
Best Sequence: [11, 17, 12, 21, 23, 22, 19, 16, 8, 1, 18, 20, 14, 7, 13, 10, 9, 6, 5, 3, 15, 4, 2]
Run 5:
Best OCplx: 0.35192086371105313
Best Sequence: [16, 17, 13, 7, 11, 20, 22, 21, 12, 10, 23, 8, 9, 14, 1, 4, 6, 5, 18, 19, 2, 3, 15]
Run 6:
Best OCplx: 0.4520200653385567
Best Sequence: [11, 10, 17, 23, 7, 1, 9, 16, 14, 13, 6, 5, 12, 4, 22, 2, 8, 3, 19, 15, 21, 18, 20]
Run 7:
Best OCplx: 0.2707083567008101
Best Sequence: [21, 18, 8, 19, 11, 1, 9, 22, 17, 20, 7, 6, 12, 23, 10, 16, 14, 5, 4, 13, 2, 3, 15]
Run 8:
Best OCplx: 0.4602042063913772
Best Sequence: [21, 11, 1, 16, 9, 7, 13, 12, 22, 8, 18, 6, 10, 14, 4, 17, 23, 19, 5, 3, 20, 15, 2]
Run 9:
Best OCplx: 0.5684875490717012
Best Sequence: [21, 8, 17, 11, 23, 19, 6, 20, 13, 1, 14, 9, 10, 12, 7, 16, 5, 22, 18, 4, 3, 15, 2]
Run 10:
Best OCplx: 0.5300079980413195
Best Sequence: [12, 7, 16, 17, 10, 1, 8, 11, 23, 5, 9, 18, 4, 13, 2, 14, 22, 21, 20, 6, 3, 15, 19]
Run 11:
Best OCplx: 0.5414167134016201
Best Sequence: [21, 7, 12, 16, 11, 8, 17, 9, 10, 6, 22, 19, 1, 5, 20, 18, 14, 13, 23, 2, 3, 15, 4]
Run 12:
Best OCplx: 0.4872750420614582
Best Sequence: [11, 19, 13, 8, 7, 23, 16, 10, 1, 21, 17, 22, 9, 20, 15, 12, 14, 6, 4, 5, 2, 3, 18]
Run 13:
Best OCplx: 0.5061617366787188
Best Sequence: [16, 11, 1, 9, 19, 10, 22, 12, 17, 13, 6, 18, 14, 20, 21, 4, 8, 23, 5, 2, 3, 7, 15]
Run 14:
Best OCplx: 0.2707083567008101
Best Sequence: [7, 18, 16, 21, 13, 19, 17, 8, 11, 12, 10, 5, 6, 1, 14, 23, 9, 22, 20, 4, 2, 3, 15]
Run 15:
Best OCplx: 0.40606253505121515
Best Sequence: [12, 23, 17, 19, 22, 11, 8, 10, 6, 18, 7, 14, 1, 16, 9, 13, 20, 5, 21, 4, 2, 3, 15]
Run 16:
Best OCplx: 0.39787839399839464
Best Sequence: [23, 12, 21, 19, 6, 18, 7, 11, 16, 8, 1, 17, 22, 9, 20, 14, 13, 4, 10, 5, 2, 3, 15]
Run 17:
Best OCplx: 0.6226292204118633
Best Sequence: [11, 18, 12, 16, 10, 5, 8, 13, 20, 7, 6, 22, 21, 9, 1, 4, 19, 17, 14, 3, 23, 15, 2]
Run 18:
Best OCplx: 0.2707083567008101
Best Sequence: [9, 21, 13, 19, 23, 11, 22, 8, 16, 12, 18, 10, 6, 4, 17, 5, 7, 14, 20, 1, 2, 3, 15]
Run 19:
Best OCplx: 0.46020420639137716
Best Sequence: [22, 21, 7, 8, 12, 9, 5, 19, 6, 4, 14, 11, 1, 2, 17, 20, 23, 13, 18, 16, 10, 3, 15]
Run 20:
Best OCplx: 0.46020420639137716
Best Sequence: [11, 1, 18, 19, 10, 5, 8, 7, 16, 21, 17, 9, 12, 6, 23, 20, 4, 13, 3, 14, 15, 2, 22]
Run 21:
Best OCplx: 0.35192086371105313
Best Sequence: [1, 21, 8, 22, 11, 16, 14, 19, 23, 9, 13, 17, 7, 20, 12, 10, 6, 18, 5, 4, 2, 3, 15]
Run 22:
Best OCplx: 0.5143458777315393
Best Sequence: [17, 13, 9, 11, 22, 8, 12, 23, 19, 18, 1, 20, 7, 16, 10, 14, 5, 4, 21, 6, 3, 2, 15]
Run 23:
Best OCplx: 0.35192086371105313
Best Sequence: [17, 8, 11, 20, 12, 9, 16, 1, 6, 4, 22, 23, 7, 14, 19, 10, 13, 5, 2, 18, 3, 15, 21]
Run 24:
Best OCplx: 0.5955583847417822
Best Sequence: [12, 8, 6, 17, 22, 16, 21, 7, 11, 20, 23, 10, 13, 9, 5, 4, 18, 1, 14, 3, 19, 15, 2]
Run 25:
Best OCplx: 0.40606253505121515
Best Sequence: [19, 11, 9, 7, 12, 13, 1, 22, 21, 8, 18, 17, 10, 16, 20, 5, 23, 6, 4, 3, 14, 15, 2]
Run 26:
Best OCplx: 0.5684875490717012
Best Sequence: [11, 22, 12, 13, 10, 16, 8, 9, 1, 17, 18, 5, 20, 21, 6, 23, 19, 4, 14, 7, 3, 15, 2]
Run 27:
Best OCplx: 0.37899169938113414
Best Sequence: [9, 8, 1, 21, 22, 19, 11, 6, 12, 23, 14, 18, 17, 20, 10, 4, 16, 7, 5, 2, 3, 15, 13]
Run 28:
Best OCplx: 0.35192086371105313
Best Sequence: [11, 21, 16, 19, 5, 7, 10, 17, 12, 8, 22, 14, 1, 23, 18, 9, 4, 20, 13, 2, 6, 3, 15]
Run 29:
Best OCplx: 0.4602042063913772
Best Sequence: [11, 9, 22, 12, 17, 4, 16, 19, 1, 5, 18, 21, 20, 23, 7, 8, 6, 13, 14, 10, 2, 3, 15]
Run 30:
Best OCplx: 0.47909090100863766
Best Sequence: [6, 11, 12, 1, 19, 8, 17, 13, 18, 10, 21, 14, 23, 16, 22, 9, 7, 20, 5, 4, 2, 3, 15]
Learning Rate: 1e-05
Epsilon: 0.1
Gamma: 0.99
Reward Version: v2.1
if_EWM: True
