Run 1:
Best OCplx: 0.7053205246774258
Best Sequence: [2, 21, 3, 24, 36, 26, 17, 29, 12, 30, 27, 28, 39, 1, 11, 18, 23, 15, 10, 16, 35, 7, 33, 9, 31, 19, 37, 14, 13, 22, 20, 5, 32, 34, 25, 8, 38, 6, 4]
Run 2:
Best OCplx: 0.7794102503357896
Best Sequence: [20, 11, 13, 24, 1, 15, 36, 29, 10, 34, 8, 23, 25, 22, 2, 21, 26, 28, 32, 14, 30, 5, 3, 35, 16, 39, 12, 27, 38, 7, 19, 18, 17, 37, 9, 6, 31, 4, 33]
Run 3:
Best OCplx: 0.718457565189276
Best Sequence: [15, 26, 11, 2, 20, 24, 27, 23, 3, 19, 5, 30, 8, 21, 7, 16, 34, 36, 18, 13, 22, 38, 25, 10, 35, 39, 9, 6, 29, 32, 28, 33, 1, 12, 17, 4, 37, 14, 31]
Run 4:
Best OCplx: 1.4122090897102155
Best Sequence: [39, 27, 20, 28, 17, 8, 15, 36, 21, 18, 1, 34, 4, 22, 12, 24, 38, 3, 29, 19, 14, 25, 16, 2, 7, 35, 30, 13, 26, 31, 11, 32, 10, 23, 9, 6, 33, 5, 37]
Run 5:
Best OCplx: 1.1191777118674051
Best Sequence: [11, 35, 22, 30, 13, 31, 17, 28, 24, 8, 34, 33, 10, 7, 25, 16, 15, 38, 29, 26, 32, 1, 14, 21, 12, 3, 23, 27, 36, 37, 20, 18, 2, 39, 19, 9, 6, 4, 5]
Run 6:
Best OCplx: 0.995535729740549
Best Sequence: [36, 15, 31, 7, 28, 14, 1, 29, 33, 39, 21, 16, 19, 32, 13, 25, 27, 17, 22, 34, 2, 37, 3, 30, 24, 26, 23, 38, 11, 10, 5, 20, 18, 8, 9, 6, 35, 12, 4]
Run 7:
Best OCplx: 1.5077910809466424
Best Sequence: [11, 39, 19, 36, 29, 21, 35, 30, 26, 1, 18, 7, 4, 3, 2, 23, 12, 27, 13, 24, 20, 8, 38, 10, 33, 32, 15, 22, 9, 37, 16, 14, 6, 17, 34, 25, 28, 31, 5]
Run 8:
Best OCplx: 1.1408209800591587
Best Sequence: [17, 36, 33, 5, 7, 19, 2, 32, 26, 22, 27, 14, 31, 29, 37, 3, 28, 11, 34, 1, 21, 30, 38, 35, 16, 23, 10, 20, 25, 9, 15, 8, 24, 18, 13, 12, 6, 4, 39]
Run 9:
Best OCplx: 0.8709503822893466
Best Sequence: [16, 17, 14, 23, 15, 19, 20, 3, 26, 13, 27, 38, 7, 11, 2, 10, 36, 35, 31, 8, 25, 24, 33, 18, 22, 21, 34, 1, 9, 6, 30, 37, 29, 32, 12, 5, 4, 28, 39]
Run 10:
Best OCplx: 1.2372585552324948
Best Sequence: [25, 15, 30, 7, 27, 16, 32, 10, 13, 11, 2, 29, 34, 9, 26, 33, 37, 1, 28, 35, 6, 3, 8, 14, 21, 23, 4, 38, 18, 19, 22, 20, 39, 36, 12, 24, 31, 17, 5]
Run 11:
Best OCplx: 0.8465236647609773
Best Sequence: [32, 21, 18, 11, 20, 36, 30, 15, 7, 25, 13, 12, 38, 33, 24, 28, 5, 22, 35, 8, 27, 14, 23, 39, 10, 34, 17, 2, 16, 29, 1, 19, 3, 26, 31, 37, 9, 6, 4]
Run 12:
Best OCplx: 0.740942494124586
Best Sequence: [26, 35, 27, 34, 38, 36, 3, 20, 29, 24, 17, 19, 23, 13, 16, 7, 11, 10, 33, 21, 37, 22, 15, 28, 1, 12, 32, 18, 25, 9, 14, 31, 8, 2, 30, 39, 6, 4, 5]
Run 13:
Best OCplx: 0.7264789463275884
Best Sequence: [5, 26, 23, 39, 11, 24, 21, 16, 12, 2, 34, 30, 3, 8, 27, 17, 10, 32, 36, 28, 20, 19, 7, 15, 38, 37, 18, 33, 9, 31, 14, 22, 6, 4, 35, 1, 25, 29, 13]
Run 14:
Best OCplx: 0.7568096936263367
Best Sequence: [22, 24, 11, 20, 2, 32, 16, 19, 8, 21, 26, 25, 27, 15, 18, 28, 14, 10, 1, 31, 38, 39, 3, 7, 12, 9, 30, 6, 29, 13, 33, 36, 35, 4, 23, 17, 34, 5, 37]
Run 15:
Best OCplx: 0.8545589690926425
Best Sequence: [13, 21, 23, 24, 32, 17, 35, 3, 8, 11, 29, 36, 22, 20, 19, 34, 15, 38, 5, 27, 14, 18, 28, 39, 31, 25, 30, 7, 12, 33, 16, 1, 10, 26, 9, 6, 2, 37, 4]
Run 16:
Best OCplx: 1.0441158906991639
Best Sequence: [10, 18, 3, 35, 17, 39, 20, 14, 27, 15, 8, 36, 34, 7, 33, 11, 22, 19, 21, 1, 24, 31, 12, 23, 37, 28, 9, 16, 13, 6, 2, 38, 32, 5, 26, 30, 4, 29, 25]
Run 17:
Best OCplx: 0.7848942446779499
Best Sequence: [24, 28, 16, 20, 8, 27, 15, 17, 38, 21, 18, 7, 29, 1, 33, 25, 23, 13, 30, 11, 10, 34, 14, 36, 32, 9, 37, 22, 19, 12, 3, 6, 35, 4, 2, 5, 31, 26, 39]
Run 18:
Best OCplx: 1.1983937338671378
Best Sequence: [3, 27, 5, 36, 32, 24, 39, 38, 34, 10, 37, 33, 19, 30, 9, 20, 6, 15, 23, 14, 26, 7, 28, 16, 4, 11, 21, 2, 18, 12, 35, 25, 8, 22, 1, 13, 17, 29, 31]
Run 19:
Best OCplx: 0.9497587021670943
Best Sequence: [28, 14, 1, 26, 36, 29, 30, 13, 11, 18, 16, 32, 27, 24, 39, 35, 38, 19, 3, 7, 33, 17, 5, 10, 20, 25, 34, 15, 22, 23, 9, 31, 8, 2, 37, 6, 21, 4, 12]
Run 20:
Best OCplx: 0.8755672719279404
Best Sequence: [11, 15, 1, 33, 24, 7, 14, 38, 36, 31, 3, 29, 13, 25, 28, 39, 10, 27, 32, 22, 9, 16, 2, 6, 4, 17, 21, 34, 23, 30, 35, 5, 8, 37, 19, 26, 12, 20, 18]
Run 21:
Best OCplx: 0.7074886927061299
Best Sequence: [7, 11, 15, 21, 30, 31, 32, 36, 24, 16, 3, 34, 18, 12, 13, 23, 27, 26, 28, 19, 8, 10, 22, 38, 2, 33, 29, 20, 35, 14, 17, 1, 39, 25, 37, 9, 6, 5, 4]
Run 22:
Best OCplx: 0.7701640664931192
Best Sequence: [32, 17, 22, 1, 39, 18, 7, 23, 34, 2, 11, 24, 21, 35, 36, 10, 15, 38, 3, 33, 14, 9, 27, 28, 29, 19, 30, 12, 6, 31, 25, 16, 37, 4, 5, 26, 13, 20, 8]
Run 23:
Best OCplx: 0.8921088039395095
Best Sequence: [7, 17, 26, 36, 5, 8, 38, 14, 30, 16, 3, 21, 33, 20, 13, 39, 27, 24, 34, 15, 37, 23, 11, 10, 1, 12, 22, 25, 35, 9, 19, 6, 2, 31, 32, 29, 28, 18, 4]
Run 24:
Best OCplx: 0.9293517574463552
Best Sequence: [22, 24, 13, 30, 8, 20, 27, 7, 16, 11, 34, 2, 18, 39, 25, 1, 37, 5, 15, 26, 36, 21, 10, 35, 14, 32, 17, 3, 19, 12, 38, 29, 9, 31, 6, 23, 28, 33, 4]
Run 25:
Best OCplx: 0.8470085113025682
Best Sequence: [17, 39, 21, 20, 11, 29, 10, 22, 8, 14, 28, 12, 13, 23, 15, 35, 34, 18, 24, 38, 16, 27, 32, 7, 9, 26, 36, 6, 3, 1, 19, 30, 4, 2, 37, 5, 33, 31, 25]
Run 26:
Best OCplx: 0.9411622906730579
Best Sequence: [7, 18, 36, 32, 17, 11, 34, 19, 25, 29, 39, 38, 27, 16, 22, 5, 14, 23, 2, 8, 28, 10, 26, 21, 33, 35, 13, 12, 37, 1, 24, 20, 31, 30, 3, 15, 9, 6, 4]
Run 27:
Best OCplx: 1.120387707579584
Best Sequence: [10, 33, 3, 24, 8, 35, 1, 21, 30, 19, 29, 16, 39, 20, 13, 38, 15, 11, 28, 12, 2, 9, 22, 34, 14, 31, 37, 36, 27, 6, 32, 23, 4, 7, 26, 25, 5, 18, 17]
Run 28:
Best OCplx: 0.9842723804828653
Best Sequence: [11, 34, 16, 23, 10, 5, 3, 22, 36, 20, 7, 1, 38, 35, 31, 33, 39, 26, 27, 32, 37, 19, 18, 21, 30, 25, 14, 12, 2, 28, 8, 13, 29, 15, 9, 17, 6, 4, 24]
Run 29:
Best OCplx: 0.9044804443285831
Best Sequence: [39, 13, 18, 2, 3, 30, 36, 20, 33, 5, 22, 38, 25, 24, 21, 29, 11, 7, 26, 27, 14, 10, 9, 28, 32, 19, 12, 31, 1, 17, 8, 35, 15, 23, 37, 34, 6, 4, 16]
Run 30:
Best OCplx: 0.9758548179892244
Best Sequence: [17, 24, 27, 36, 26, 5, 20, 38, 1, 34, 28, 3, 31, 14, 19, 13, 23, 32, 21, 25, 2, 15, 30, 11, 33, 39, 22, 10, 7, 37, 18, 8, 9, 16, 35, 12, 29, 6, 4]
Learning Rate: 1e-05
Epsilon: 0.1
Gamma: 0.99
Reward Version: v2.1
if_EWM: False
