Run 1:
Best OCplx: 0.44997704257325755
Best Sequence: [11, 6, 18, 10, 21, 12, 13, 9, 16, 1, 17, 19, 8, 22, 14, 20, 4, 5, 2, 23, 3, 15, 7]
Run 2:
Best OCplx: 0.51425947722658
Best Sequence: [16, 17, 23, 9, 21, 12, 11, 1, 19, 8, 10, 13, 7, 4, 22, 5, 20, 18, 2, 15, 6, 3, 14]
Run 3:
Best OCplx: 0.4499770425732575
Best Sequence: [1, 8, 21, 7, 12, 6, 17, 16, 13, 11, 9, 14, 5, 23, 22, 4, 2, 18, 3, 20, 10, 15, 19]
Run 4:
Best OCplx: 0.44997704257325755
Best Sequence: [8, 6, 11, 7, 12, 18, 21, 9, 17, 1, 19, 4, 22, 10, 14, 23, 5, 20, 2, 3, 16, 13, 15]
Run 5:
Best OCplx: 0.4178358252465963
Best Sequence: [9, 23, 13, 8, 22, 18, 19, 1, 12, 7, 5, 11, 4, 6, 21, 17, 20, 16, 2, 3, 15, 10, 14]
Run 6:
Best OCplx: 0.4821182598999188
Best Sequence: [21, 7, 11, 23, 16, 19, 10, 12, 13, 9, 18, 1, 8, 4, 14, 5, 2, 20, 6, 3, 17, 22, 15]
Run 7:
Best OCplx: 0.4821182598999188
Best Sequence: [11, 8, 18, 7, 22, 16, 10, 14, 17, 20, 5, 19, 12, 9, 13, 1, 4, 21, 6, 23, 2, 3, 15]
Run 8:
Best OCplx: 0.4821182598999188
Best Sequence: [18, 1, 16, 22, 13, 17, 19, 6, 20, 23, 11, 12, 7, 9, 10, 4, 5, 21, 8, 14, 2, 3, 15]
Run 9:
Best OCplx: 0.38569460791993504
Best Sequence: [12, 19, 11, 9, 20, 21, 1, 17, 16, 10, 4, 7, 5, 8, 22, 13, 6, 14, 2, 23, 18, 3, 15]
Run 10:
Best OCplx: 0.4821182598999188
Best Sequence: [20, 21, 1, 12, 9, 11, 4, 10, 17, 6, 13, 19, 7, 16, 5, 8, 22, 2, 14, 3, 15, 23, 18]
Run 11:
Best OCplx: 0.4821182598999188
Best Sequence: [11, 22, 18, 9, 21, 17, 16, 20, 8, 5, 12, 19, 6, 13, 7, 14, 1, 4, 23, 10, 2, 3, 15]
Run 12:
Best OCplx: 0.5464006945532414
Best Sequence: [7, 13, 1, 12, 8, 16, 9, 22, 11, 17, 4, 10, 6, 23, 21, 5, 2, 20, 15, 18, 3, 19, 14]
Run 13:
Best OCplx: 0.51425947722658
Best Sequence: [7, 11, 21, 9, 19, 1, 12, 13, 22, 8, 10, 23, 4, 6, 16, 18, 15, 17, 20, 14, 5, 2, 3]
Run 14:
Best OCplx: 0.25712973861329
Best Sequence: [7, 19, 8, 16, 11, 10, 22, 5, 21, 6, 17, 9, 1, 12, 4, 14, 2, 13, 3, 18, 15, 23, 20]
Run 15:
Best OCplx: 0.5464006945532414
Best Sequence: [9, 11, 1, 12, 22, 16, 14, 23, 10, 5, 7, 19, 4, 2, 21, 8, 17, 20, 6, 3, 13, 18, 15]
Run 16:
Best OCplx: 0.4178358252465963
Best Sequence: [17, 18, 23, 11, 22, 9, 1, 10, 12, 20, 19, 8, 4, 6, 13, 5, 2, 16, 3, 21, 7, 15, 14]
Run 17:
Best OCplx: 0.51425947722658
Best Sequence: [8, 17, 21, 20, 13, 5, 7, 9, 22, 16, 12, 23, 1, 6, 11, 10, 4, 2, 18, 19, 3, 15, 14]
Run 18:
Best OCplx: 0.38569460791993504
Best Sequence: [22, 23, 6, 18, 13, 9, 8, 11, 1, 19, 10, 7, 12, 17, 21, 5, 4, 20, 16, 2, 3, 15, 14]
Run 19:
Best OCplx: 0.4178358252465963
Best Sequence: [22, 12, 17, 21, 8, 11, 7, 10, 23, 9, 4, 13, 14, 16, 1, 18, 20, 5, 2, 6, 3, 15, 19]
Run 20:
Best OCplx: 0.25712973861329
Best Sequence: [21, 11, 18, 12, 10, 17, 13, 7, 19, 5, 8, 9, 1, 16, 6, 22, 4, 2, 3, 20, 14, 15, 23]
Run 21:
Best OCplx: 0.3535533905932738
Best Sequence: [13, 12, 11, 22, 16, 1, 17, 23, 10, 8, 9, 18, 14, 20, 6, 5, 19, 21, 4, 2, 7, 3, 15]
Run 22:
Best OCplx: 0.51425947722658
Best Sequence: [7, 16, 13, 1, 19, 17, 12, 8, 11, 23, 10, 18, 5, 4, 6, 9, 21, 14, 20, 2, 22, 3, 15]
Run 23:
Best OCplx: 0.32141217326661253
Best Sequence: [6, 11, 9, 19, 1, 10, 21, 5, 16, 8, 17, 12, 13, 22, 7, 4, 2, 14, 3, 18, 20, 23, 15]
Run 24:
Best OCplx: 0.44997704257325755
Best Sequence: [22, 11, 12, 9, 19, 13, 8, 6, 21, 1, 16, 4, 18, 10, 20, 5, 23, 2, 3, 17, 7, 14, 15]
Run 25:
Best OCplx: 0.44997704257325755
Best Sequence: [9, 12, 11, 18, 21, 22, 1, 8, 6, 7, 17, 10, 4, 5, 14, 19, 2, 16, 3, 20, 15, 13, 23]
Run 26:
Best OCplx: 0.3639849936787417
Best Sequence: [10, 21, 11, 8, 5, 12, 22, 6, 19, 1, 18, 13, 7, 17, 9, 4, 2, 16, 3, 15, 23, 14, 20]
Run 27:
Best OCplx: 0.4821182598999188
Best Sequence: [8, 19, 9, 12, 18, 22, 17, 7, 23, 11, 14, 6, 21, 10, 20, 4, 5, 1, 13, 2, 3, 16, 15]
Run 28:
Best OCplx: 0.32141217326661253
Best Sequence: [12, 22, 23, 9, 19, 13, 11, 10, 18, 4, 21, 1, 5, 16, 17, 8, 7, 6, 2, 14, 3, 15, 20]
Run 29:
Best OCplx: 0.51425947722658
Best Sequence: [18, 12, 17, 11, 4, 9, 6, 19, 16, 8, 7, 10, 1, 22, 5, 23, 2, 13, 3, 15, 21, 20, 14]
Run 30:
Best OCplx: 0.4282674283320642
Best Sequence: [10, 12, 13, 21, 5, 22, 9, 7, 4, 8, 19, 17, 23, 16, 11, 1, 2, 18, 20, 6, 14, 3, 15]
