Run 1:
Best OCplx: 2.09161459510167
Best Sequence: [17, 23, 13, 3, 14, 51, 15, 64, 8, 27, 65, 56, 62, 10, 36, 11, 58, 26, 19, 45, 44, 31, 16, 40, 28, 41, 2, 12, 47, 54, 59, 63, 24, 22, 20, 37, 57, 25, 4, 39, 7, 43, 34, 18, 53, 48, 38, 50, 6, 49, 29, 46, 5, 42, 21, 32, 61, 55, 1, 33, 30, 52, 35, 60, 9]
Run 2:
Best OCplx: 2.070868217521757
Best Sequence: [31, 65, 58, 27, 61, 62, 51, 63, 30, 28, 22, 44, 26, 14, 46, 55, 4, 34, 18, 25, 19, 1, 54, 20, 36, 33, 37, 13, 23, 5, 11, 41, 53, 57, 59, 29, 45, 21, 8, 12, 35, 6, 2, 40, 7, 64, 17, 48, 60, 38, 3, 15, 16, 43, 42, 32, 56, 47, 9, 24, 49, 10, 50, 39, 52]
Run 3:
Best OCplx: 1.78254820052661
Best Sequence: [19, 58, 55, 27, 63, 24, 59, 34, 44, 15, 49, 1, 53, 45, 31, 46, 60, 37, 57, 43, 22, 25, 61, 13, 16, 51, 42, 40, 41, 54, 8, 4, 39, 20, 28, 32, 21, 30, 35, 64, 14, 23, 38, 10, 29, 36, 17, 50, 12, 3, 48, 62, 5, 7, 33, 9, 11, 18, 47, 65, 52, 56, 2, 26, 6]
Run 4:
Best OCplx: 2.2372087730908676
Best Sequence: [65, 28, 62, 8, 58, 18, 15, 29, 37, 24, 42, 14, 49, 46, 2, 12, 13, 44, 33, 22, 38, 55, 6, 19, 1, 41, 36, 39, 56, 10, 50, 30, 53, 3, 59, 60, 64, 23, 47, 5, 51, 27, 7, 35, 43, 21, 4, 31, 45, 40, 52, 25, 57, 34, 48, 17, 63, 11, 32, 26, 54, 16, 9, 61, 20]
Run 5:
Best OCplx: 2.1526319014631987
Best Sequence: [27, 58, 54, 64, 61, 65, 16, 6, 22, 55, 33, 24, 47, 17, 9, 57, 10, 15, 14, 41, 49, 21, 29, 3, 45, 60, 40, 25, 31, 48, 5, 11, 8, 42, 53, 13, 7, 36, 43, 59, 1, 52, 18, 51, 26, 37, 19, 56, 28, 34, 62, 38, 46, 20, 23, 39, 32, 4, 44, 63, 35, 2, 30, 12, 50]
Run 6:
Best OCplx: 2.447387345223609
Best Sequence: [36, 13, 58, 49, 12, 30, 9, 38, 28, 29, 32, 47, 40, 61, 31, 3, 35, 65, 24, 22, 48, 27, 54, 60, 33, 62, 55, 1, 45, 25, 64, 43, 14, 16, 44, 41, 6, 26, 56, 23, 18, 46, 5, 34, 4, 19, 51, 17, 52, 20, 57, 50, 2, 11, 21, 59, 15, 37, 39, 8, 42, 10, 63, 53, 7]
Run 7:
Best OCplx: 2.2335210733411506
Best Sequence: [61, 58, 39, 63, 48, 47, 52, 4, 13, 36, 28, 41, 55, 37, 18, 29, 38, 60, 56, 3, 8, 1, 65, 50, 24, 42, 43, 62, 19, 27, 40, 22, 46, 25, 57, 16, 32, 15, 30, 53, 34, 51, 59, 26, 9, 45, 14, 10, 35, 6, 20, 11, 44, 33, 2, 17, 21, 31, 5, 23, 54, 49, 12, 7, 64]
Run 8:
Best OCplx: 1.931825443594547
Best Sequence: [58, 17, 37, 50, 40, 54, 51, 61, 55, 45, 1, 4, 27, 13, 14, 59, 42, 22, 57, 28, 48, 62, 26, 31, 46, 32, 49, 3, 34, 38, 64, 63, 52, 60, 56, 65, 47, 36, 6, 11, 8, 43, 19, 15, 7, 23, 30, 10, 16, 25, 5, 2, 24, 53, 39, 12, 44, 29, 41, 9, 20, 21, 18, 35, 33]
Run 9:
Best OCplx: 2.1571526546489874
Best Sequence: [11, 14, 19, 18, 65, 1, 58, 5, 51, 31, 17, 27, 63, 57, 29, 44, 55, 30, 45, 6, 28, 61, 7, 24, 48, 37, 56, 64, 33, 49, 59, 10, 52, 15, 13, 40, 32, 47, 50, 39, 12, 8, 60, 41, 38, 22, 62, 53, 42, 46, 34, 25, 4, 35, 2, 16, 54, 21, 20, 26, 43, 36, 23, 3, 9]
Run 10:
Best OCplx: 2.2574853736011327
Best Sequence: [1, 6, 36, 24, 58, 60, 35, 17, 53, 15, 2, 22, 7, 51, 28, 59, 41, 19, 33, 56, 44, 20, 54, 34, 38, 52, 12, 30, 27, 37, 13, 25, 48, 39, 31, 8, 14, 32, 11, 10, 57, 55, 50, 23, 16, 42, 49, 3, 26, 64, 46, 65, 43, 61, 62, 63, 18, 47, 4, 45, 29, 40, 5, 21, 9]
Run 11:
Best OCplx: 2.2584083791002088
Best Sequence: [58, 10, 35, 32, 6, 30, 7, 13, 33, 9, 51, 62, 2, 4, 37, 44, 45, 27, 29, 28, 55, 22, 59, 11, 15, 38, 21, 48, 24, 47, 54, 60, 43, 34, 17, 64, 16, 40, 8, 1, 50, 19, 26, 61, 56, 52, 39, 12, 23, 46, 18, 3, 42, 41, 25, 14, 63, 49, 36, 31, 53, 20, 65, 5, 57]
Run 12:
Best OCplx: 2.0852014630863493
Best Sequence: [13, 62, 58, 22, 2, 27, 16, 8, 23, 47, 46, 19, 61, 34, 15, 36, 53, 59, 37, 65, 55, 50, 39, 40, 18, 43, 32, 49, 41, 25, 45, 54, 30, 7, 21, 35, 28, 42, 24, 1, 3, 51, 17, 29, 26, 9, 11, 44, 20, 4, 14, 10, 33, 5, 56, 31, 6, 63, 12, 48, 60, 57, 64, 52, 38]
Run 13:
Best OCplx: 2.2330676338523916
Best Sequence: [58, 27, 22, 60, 36, 9, 53, 11, 19, 43, 6, 44, 50, 29, 57, 14, 12, 47, 25, 52, 62, 65, 13, 5, 34, 48, 45, 51, 24, 18, 61, 17, 21, 35, 54, 37, 3, 38, 1, 15, 56, 32, 8, 23, 33, 2, 42, 63, 16, 26, 59, 40, 41, 28, 4, 55, 7, 10, 49, 20, 46, 31, 64, 39, 30]
Run 14:
Best OCplx: 2.325540891803048
Best Sequence: [11, 58, 63, 15, 9, 16, 2, 4, 51, 27, 38, 59, 22, 13, 18, 52, 57, 26, 50, 35, 49, 48, 1, 24, 36, 65, 14, 30, 7, 31, 40, 28, 42, 6, 10, 56, 62, 33, 29, 64, 21, 54, 45, 39, 3, 37, 20, 34, 43, 5, 12, 47, 19, 32, 44, 61, 41, 25, 46, 8, 53, 60, 55, 17, 23]
Run 15:
Best OCplx: 2.216101480625624
Best Sequence: [13, 30, 58, 9, 51, 29, 27, 16, 1, 8, 37, 60, 47, 22, 25, 12, 6, 48, 40, 59, 11, 24, 52, 32, 19, 63, 64, 4, 65, 55, 38, 45, 18, 10, 42, 33, 20, 53, 17, 39, 49, 44, 7, 2, 62, 34, 41, 28, 31, 57, 26, 15, 36, 54, 46, 35, 50, 61, 21, 43, 14, 56, 23, 5, 3]
Run 16:
Best OCplx: 2.371831747064132
Best Sequence: [60, 19, 24, 57, 14, 13, 17, 20, 12, 39, 8, 58, 46, 16, 28, 22, 40, 59, 61, 9, 15, 34, 10, 53, 6, 63, 29, 54, 7, 1, 5, 11, 56, 33, 27, 55, 31, 50, 18, 32, 38, 52, 4, 3, 23, 37, 30, 25, 47, 49, 43, 44, 64, 26, 42, 36, 35, 45, 51, 62, 2, 65, 21, 48, 41]
Run 17:
Best OCplx: 2.2662854367070047
Best Sequence: [61, 58, 44, 1, 27, 62, 17, 64, 8, 59, 9, 2, 36, 56, 14, 65, 34, 37, 57, 22, 7, 52, 42, 41, 30, 51, 31, 23, 5, 39, 50, 33, 20, 53, 54, 29, 47, 60, 38, 32, 25, 11, 4, 3, 55, 43, 63, 28, 10, 48, 18, 6, 21, 46, 35, 24, 40, 13, 26, 12, 16, 49, 19, 15, 45]
Run 18:
Best OCplx: 2.181964402755716
Best Sequence: [58, 44, 45, 50, 27, 7, 64, 29, 22, 37, 30, 17, 23, 6, 20, 49, 36, 40, 2, 62, 21, 14, 12, 13, 9, 32, 46, 54, 61, 48, 35, 34, 11, 59, 8, 52, 57, 25, 65, 31, 41, 26, 53, 55, 51, 15, 47, 10, 16, 4, 42, 1, 3, 18, 39, 5, 43, 28, 38, 24, 63, 60, 19, 33, 56]
Run 19:
Best OCplx: 2.094512926728001
Best Sequence: [58, 55, 2, 34, 51, 65, 4, 40, 19, 47, 42, 54, 49, 30, 43, 60, 48, 15, 13, 61, 1, 10, 22, 36, 35, 24, 56, 8, 59, 41, 27, 37, 23, 11, 45, 62, 20, 50, 63, 14, 17, 25, 18, 57, 9, 44, 3, 28, 5, 33, 64, 21, 46, 29, 26, 32, 52, 12, 6, 16, 38, 31, 53, 39, 7]
Run 20:
Best OCplx: 2.342921222533537
Best Sequence: [9, 38, 57, 10, 27, 60, 31, 58, 46, 14, 24, 13, 15, 36, 22, 64, 50, 4, 44, 11, 6, 41, 1, 45, 43, 40, 53, 49, 17, 61, 2, 56, 26, 39, 62, 65, 42, 25, 63, 59, 37, 8, 34, 47, 12, 18, 19, 55, 5, 3, 33, 21, 52, 23, 29, 20, 51, 54, 16, 35, 32, 7, 28, 48, 30]
Run 21:
Best OCplx: 2.1415975737241144
Best Sequence: [59, 58, 22, 51, 27, 37, 55, 4, 46, 32, 13, 9, 23, 11, 25, 43, 36, 47, 17, 35, 19, 1, 7, 62, 30, 12, 38, 56, 8, 54, 49, 2, 45, 50, 63, 39, 41, 65, 42, 15, 53, 40, 24, 20, 14, 18, 3, 26, 60, 6, 33, 29, 64, 61, 5, 10, 16, 28, 34, 21, 57, 52, 44, 48, 31]
Run 22:
Best OCplx: 2.2807081060454526
Best Sequence: [58, 60, 37, 44, 27, 3, 15, 52, 21, 33, 8, 4, 16, 28, 50, 47, 64, 61, 26, 29, 24, 12, 22, 18, 62, 10, 14, 48, 19, 13, 30, 51, 59, 2, 45, 49, 23, 46, 54, 1, 31, 43, 17, 57, 55, 63, 35, 11, 7, 20, 9, 6, 36, 5, 65, 41, 25, 39, 32, 40, 53, 38, 42, 34, 56]
Run 23:
Best OCplx: 1.9812775742886817
Best Sequence: [23, 65, 16, 4, 58, 13, 61, 7, 32, 63, 19, 46, 30, 11, 36, 2, 60, 53, 10, 59, 9, 24, 14, 18, 6, 47, 52, 27, 38, 41, 29, 15, 22, 17, 8, 39, 1, 57, 25, 64, 48, 34, 54, 55, 51, 62, 40, 20, 45, 49, 31, 43, 44, 28, 26, 21, 33, 56, 50, 37, 42, 3, 12, 35, 5]
Run 24:
Best OCplx: 2.0178249169821
Best Sequence: [45, 47, 65, 27, 13, 58, 11, 3, 8, 14, 40, 59, 17, 4, 9, 33, 48, 25, 30, 32, 41, 10, 60, 51, 52, 22, 42, 6, 62, 38, 5, 46, 18, 44, 39, 21, 2, 16, 26, 29, 28, 19, 54, 7, 20, 63, 23, 43, 1, 57, 36, 35, 37, 55, 50, 12, 53, 34, 49, 15, 61, 24, 31, 56, 64]
Run 25:
Best OCplx: 2.0660904690002257
Best Sequence: [58, 54, 52, 13, 10, 30, 14, 8, 38, 22, 27, 15, 5, 46, 50, 61, 17, 7, 18, 26, 39, 31, 33, 45, 4, 23, 44, 62, 1, 57, 47, 25, 12, 3, 42, 32, 9, 29, 36, 60, 28, 19, 64, 24, 34, 41, 48, 16, 55, 65, 56, 53, 37, 63, 20, 40, 11, 43, 21, 49, 51, 35, 6, 2, 59]
Run 26:
Best OCplx: 2.140876734908252
Best Sequence: [58, 51, 44, 13, 64, 16, 24, 42, 57, 10, 22, 2, 25, 36, 1, 17, 37, 46, 35, 41, 8, 32, 18, 39, 45, 53, 38, 14, 7, 54, 19, 55, 33, 40, 65, 5, 63, 56, 47, 9, 30, 28, 29, 49, 48, 59, 21, 27, 4, 12, 60, 3, 61, 6, 26, 34, 11, 20, 23, 52, 31, 43, 50, 15, 62]
Run 27:
Best OCplx: 2.136833691324112
Best Sequence: [58, 48, 24, 18, 53, 1, 32, 14, 13, 33, 60, 52, 22, 8, 62, 64, 38, 3, 63, 57, 44, 65, 6, 16, 29, 51, 2, 39, 55, 36, 7, 17, 20, 4, 41, 28, 61, 27, 45, 31, 23, 26, 5, 37, 15, 42, 40, 49, 12, 11, 30, 54, 56, 35, 19, 59, 47, 46, 10, 21, 25, 34, 50, 9, 43]
Run 28:
Best OCplx: 2.0828535191638538
Best Sequence: [65, 58, 55, 20, 24, 15, 13, 52, 53, 42, 54, 4, 38, 39, 27, 30, 12, 37, 17, 29, 35, 31, 28, 40, 14, 62, 59, 45, 47, 51, 36, 32, 2, 63, 1, 25, 61, 33, 43, 48, 3, 10, 22, 57, 16, 41, 56, 6, 23, 64, 49, 21, 50, 46, 60, 26, 44, 7, 8, 11, 34, 9, 19, 5, 18]
Run 29:
Best OCplx: 2.1833884047992083
Best Sequence: [16, 58, 10, 37, 65, 45, 47, 26, 27, 48, 15, 24, 14, 53, 12, 38, 28, 5, 60, 39, 13, 20, 64, 42, 35, 29, 22, 32, 34, 43, 8, 4, 1, 61, 51, 52, 49, 3, 57, 62, 6, 23, 50, 2, 55, 21, 36, 56, 31, 19, 9, 54, 17, 7, 11, 30, 18, 59, 63, 25, 46, 41, 40, 33, 44]
Run 30:
Best OCplx: 2.062534555838976
Best Sequence: [24, 13, 8, 58, 28, 56, 6, 10, 62, 15, 48, 2, 42, 63, 19, 12, 7, 16, 59, 38, 22, 46, 49, 27, 53, 26, 57, 4, 36, 52, 18, 54, 9, 44, 1, 23, 30, 14, 5, 20, 40, 60, 3, 51, 29, 55, 37, 35, 11, 43, 65, 32, 47, 64, 17, 50, 21, 31, 61, 41, 33, 25, 34, 39, 45]
UPDATE_GLOBAL_ITER: 200
GAMMA: 0.99
MAX_EP: 3000
thread_count: 3
RL: 0.0001
if_EWM: False

