Run 1:
Best OCplx: 9.898365224566652
Best Sequence: [34, 9, 8, 5, 18, 31, 29, 20, 7, 37, 11, 1, 10, 42, 26, 16, 19, 25, 14, 27, 22, 41, 6, 4, 21, 28, 39, 38, 36, 32, 2, 13, 30, 44, 33, 17, 40, 43, 15, 35, 23, 3, 45, 12, 24]
Run 2:
Best OCplx: 8.98536070722571
Best Sequence: [31, 18, 15, 12, 20, 43, 39, 11, 34, 27, 7, 5, 8, 16, 17, 33, 38, 14, 42, 4, 37, 21, 28, 36, 40, 32, 22, 10, 13, 6, 9, 1, 19, 2, 29, 26, 25, 30, 44, 3, 41, 45, 35, 24, 23]
Run 3:
Best OCplx: 10.346603981541511
Best Sequence: [39, 20, 14, 15, 18, 16, 9, 13, 22, 17, 5, 1, 10, 44, 31, 12, 6, 42, 27, 38, 29, 26, 25, 2, 4, 21, 8, 41, 37, 33, 32, 30, 35, 36, 3, 34, 40, 7, 43, 19, 11, 45, 28, 24, 23]
Run 4:
Best OCplx: 9.205894332550317
Best Sequence: [1, 3, 10, 20, 13, 18, 27, 9, 25, 8, 12, 14, 5, 43, 7, 37, 34, 11, 44, 22, 17, 39, 26, 28, 19, 29, 16, 33, 4, 36, 38, 15, 21, 40, 31, 41, 32, 35, 42, 6, 30, 45, 2, 24, 23]
Run 5:
Best OCplx: 10.556123144169108
Best Sequence: [20, 16, 40, 29, 28, 41, 18, 14, 12, 13, 3, 39, 33, 34, 21, 44, 10, 19, 37, 26, 22, 30, 1, 38, 9, 25, 17, 15, 31, 43, 2, 8, 6, 7, 5, 27, 4, 36, 32, 42, 35, 11, 24, 23, 45]
Run 6:
Best OCplx: 9.889334388620231
Best Sequence: [18, 42, 14, 29, 13, 20, 17, 10, 12, 11, 1, 36, 31, 19, 8, 5, 22, 40, 39, 4, 44, 2, 43, 38, 28, 25, 34, 6, 30, 9, 15, 7, 41, 37, 3, 21, 33, 32, 35, 24, 16, 26, 23, 27, 45]
Run 7:
Best OCplx: 10.285500519588577
Best Sequence: [12, 16, 6, 34, 36, 3, 14, 9, 29, 8, 18, 25, 20, 44, 41, 17, 13, 5, 11, 21, 27, 33, 15, 4, 31, 26, 40, 35, 30, 28, 42, 10, 37, 7, 38, 22, 32, 2, 1, 19, 39, 43, 45, 24, 23]
Run 8:
Best OCplx: 9.640111404237688
Best Sequence: [20, 38, 12, 22, 18, 39, 44, 17, 31, 11, 41, 37, 7, 25, 30, 28, 15, 19, 36, 13, 5, 14, 21, 33, 40, 16, 4, 26, 6, 32, 3, 43, 35, 10, 8, 2, 27, 42, 1, 29, 23, 9, 34, 24, 45]
Run 9:
Best OCplx: 10.713000427705179
Best Sequence: [18, 20, 37, 40, 41, 13, 14, 11, 4, 19, 29, 27, 38, 31, 6, 36, 39, 10, 1, 22, 26, 9, 42, 30, 33, 34, 32, 43, 5, 2, 21, 3, 17, 12, 25, 44, 35, 7, 28, 15, 16, 8, 24, 23, 45]
Run 10:
Best OCplx: 9.489767071026348
Best Sequence: [16, 20, 18, 39, 9, 11, 30, 41, 36, 7, 43, 26, 38, 33, 14, 3, 22, 27, 42, 17, 8, 6, 5, 25, 40, 15, 29, 21, 12, 28, 31, 32, 34, 19, 4, 10, 44, 2, 13, 1, 35, 45, 37, 24, 23]
Run 11:
Best OCplx: 9.363972526380874
Best Sequence: [5, 22, 10, 9, 33, 14, 18, 4, 19, 31, 1, 39, 8, 17, 20, 16, 15, 25, 37, 34, 12, 41, 36, 28, 30, 38, 42, 43, 11, 29, 40, 21, 3, 2, 13, 27, 26, 6, 7, 35, 45, 44, 32, 24, 23]
Run 12:
Best OCplx: 10.229559782611243
Best Sequence: [15, 18, 20, 7, 43, 27, 29, 12, 5, 3, 4, 37, 11, 22, 40, 10, 13, 9, 38, 33, 8, 16, 34, 1, 26, 19, 28, 17, 30, 41, 39, 44, 14, 42, 31, 25, 2, 21, 35, 6, 32, 36, 24, 45, 23]
Run 13:
Best OCplx: 10.566251351010102
Best Sequence: [20, 18, 41, 13, 10, 39, 30, 15, 16, 29, 37, 19, 40, 22, 9, 42, 21, 33, 38, 8, 3, 26, 34, 36, 12, 25, 11, 2, 43, 31, 1, 32, 14, 6, 4, 28, 27, 7, 35, 17, 24, 23, 45, 44, 5]
Run 14:
Best OCplx: 10.682580002569406
Best Sequence: [10, 20, 29, 11, 15, 18, 8, 44, 21, 42, 37, 1, 22, 16, 27, 3, 5, 38, 7, 25, 19, 39, 26, 28, 13, 4, 2, 32, 30, 43, 36, 17, 12, 41, 33, 9, 6, 40, 31, 14, 24, 34, 35, 45, 23]
Run 15:
Best OCplx: 9.577957174057776
Best Sequence: [13, 20, 18, 11, 32, 8, 7, 36, 33, 9, 37, 34, 39, 29, 31, 22, 42, 4, 2, 26, 30, 44, 15, 40, 27, 19, 14, 5, 17, 41, 38, 25, 1, 28, 6, 16, 10, 43, 12, 3, 21, 35, 45, 23, 24]
Run 16:
Best OCplx: 9.884316391738226
Best Sequence: [20, 9, 18, 12, 3, 25, 34, 8, 6, 31, 13, 39, 22, 5, 41, 7, 36, 4, 38, 1, 29, 14, 17, 2, 11, 44, 28, 35, 16, 27, 19, 32, 21, 26, 42, 33, 37, 40, 30, 15, 45, 43, 23, 10, 24]
Run 17:
Best OCplx: 9.412898119731821
Best Sequence: [15, 20, 9, 25, 31, 14, 33, 42, 12, 11, 5, 38, 22, 36, 39, 17, 10, 30, 19, 6, 37, 34, 32, 28, 41, 13, 21, 1, 44, 18, 4, 43, 8, 29, 40, 2, 27, 45, 24, 26, 35, 16, 23, 3, 7]
Run 18:
Best OCplx: 10.153748762823348
Best Sequence: [12, 22, 20, 13, 30, 18, 10, 21, 27, 37, 5, 8, 39, 19, 40, 16, 31, 43, 25, 17, 44, 42, 4, 33, 3, 32, 36, 2, 34, 41, 11, 29, 1, 9, 26, 14, 35, 28, 6, 7, 15, 24, 38, 45, 23]
Run 19:
Best OCplx: 10.733243327689195
Best Sequence: [31, 44, 18, 20, 7, 5, 3, 42, 12, 10, 14, 38, 15, 22, 6, 27, 39, 21, 28, 43, 26, 17, 32, 34, 11, 16, 37, 4, 45, 41, 40, 25, 2, 29, 9, 33, 35, 1, 8, 19, 36, 13, 30, 23, 24]
Run 20:
Best OCplx: 9.646434051856499
Best Sequence: [18, 10, 22, 5, 14, 31, 25, 29, 27, 16, 1, 36, 20, 44, 12, 33, 38, 6, 19, 42, 13, 41, 15, 28, 4, 43, 2, 8, 32, 9, 39, 21, 30, 34, 17, 35, 37, 40, 26, 3, 11, 7, 45, 23, 24]
Run 21:
Best OCplx: 10.584658566800359
Best Sequence: [22, 16, 18, 8, 36, 5, 1, 44, 43, 37, 40, 35, 4, 42, 39, 15, 19, 31, 32, 20, 30, 33, 28, 41, 9, 3, 17, 38, 12, 11, 34, 13, 21, 7, 2, 25, 26, 29, 10, 6, 27, 14, 45, 24, 23]
Run 22:
Best OCplx: 9.825261212492139
Best Sequence: [31, 22, 8, 20, 37, 26, 13, 17, 19, 5, 25, 43, 15, 9, 10, 32, 44, 11, 18, 1, 39, 12, 4, 6, 21, 30, 36, 28, 34, 35, 38, 33, 16, 27, 41, 42, 40, 29, 7, 3, 45, 14, 2, 23, 24]
Run 23:
Best OCplx: 9.954757604665488
Best Sequence: [20, 14, 18, 44, 42, 9, 41, 7, 32, 19, 43, 13, 5, 40, 34, 2, 15, 26, 37, 25, 28, 12, 21, 33, 1, 17, 31, 36, 6, 8, 29, 22, 30, 4, 39, 10, 11, 35, 16, 38, 45, 27, 3, 24, 23]
Run 24:
Best OCplx: 10.552992125300259
Best Sequence: [12, 18, 25, 42, 32, 41, 5, 13, 20, 9, 43, 30, 16, 38, 29, 4, 6, 36, 37, 45, 19, 28, 10, 34, 22, 44, 11, 1, 7, 17, 14, 2, 33, 21, 26, 40, 27, 39, 35, 3, 8, 15, 31, 23, 24]
Run 25:
Best OCplx: 9.659244338325735
Best Sequence: [17, 14, 9, 30, 31, 20, 13, 6, 25, 18, 43, 7, 11, 41, 3, 4, 28, 10, 34, 44, 40, 22, 37, 33, 21, 15, 38, 32, 29, 1, 45, 2, 35, 27, 8, 26, 12, 42, 16, 39, 5, 19, 36, 24, 23]
Run 26:
Best OCplx: 9.857517115771287
Best Sequence: [7, 18, 1, 20, 17, 37, 26, 14, 41, 16, 30, 25, 5, 42, 44, 9, 36, 34, 39, 19, 22, 12, 31, 40, 43, 4, 15, 32, 29, 28, 33, 10, 11, 8, 38, 27, 6, 21, 2, 35, 23, 24, 45, 13, 3]
Run 27:
Best OCplx: 10.2894348979929
Best Sequence: [33, 18, 32, 8, 28, 20, 12, 34, 25, 21, 4, 41, 38, 22, 13, 9, 11, 36, 10, 42, 37, 40, 31, 17, 39, 15, 5, 1, 7, 3, 19, 2, 26, 16, 43, 35, 30, 44, 6, 27, 29, 14, 23, 24, 45]
Run 28:
Best OCplx: 10.170593452077473
Best Sequence: [25, 18, 20, 13, 14, 1, 31, 30, 42, 33, 5, 40, 37, 38, 6, 8, 32, 43, 28, 29, 10, 41, 26, 27, 15, 12, 3, 34, 22, 44, 7, 4, 39, 19, 21, 16, 2, 36, 9, 35, 11, 45, 17, 24, 23]
Run 29:
Best OCplx: 10.432879685387734
Best Sequence: [37, 43, 11, 20, 6, 7, 42, 9, 18, 30, 39, 34, 3, 16, 1, 17, 27, 38, 10, 41, 22, 40, 25, 5, 19, 4, 36, 13, 14, 26, 33, 44, 12, 21, 29, 2, 28, 15, 8, 31, 35, 32, 45, 23, 24]
Run 30:
Best OCplx: 9.960173430252595
Best Sequence: [10, 18, 14, 26, 7, 15, 16, 44, 31, 22, 20, 39, 28, 9, 42, 21, 11, 1, 32, 37, 12, 40, 43, 25, 27, 34, 13, 36, 29, 38, 6, 5, 2, 19, 30, 41, 33, 4, 8, 35, 17, 3, 23, 24, 45]
Learning Rate: 1e-05
Epsilon: 0.1
Gamma: 0.99
Target Update: 200
Memory Capacity: 20000
Batch Size: 256
if_EWM: False

