Run 1:
Best OCplx: 9.542863077715198
Best Sequence: [15, 4, 19, 39, 8, 30, 20, 44, 9, 11, 7, 18, 43, 16, 42, 1, 37, 5, 14, 45, 25, 13, 33, 3, 28, 21, 34, 38, 22, 12, 2, 26, 10, 35, 29, 6, 32, 31, 27, 36, 17, 41, 40, 24, 23]
Run 2:
Best OCplx: 8.659799760917167
Best Sequence: [34, 8, 20, 10, 28, 18, 39, 42, 31, 25, 38, 5, 35, 44, 22, 13, 37, 33, 32, 19, 14, 26, 4, 30, 15, 2, 16, 11, 43, 3, 17, 41, 24, 29, 1, 7, 9, 12, 40, 21, 6, 23, 36, 27, 45]
Run 3:
Best OCplx: 8.213569299247082
Best Sequence: [20, 43, 33, 15, 39, 22, 13, 18, 7, 42, 10, 11, 12, 4, 1, 28, 38, 19, 2, 34, 14, 31, 9, 26, 36, 30, 32, 21, 29, 41, 5, 8, 37, 35, 44, 45, 40, 6, 25, 16, 23, 27, 3, 24, 17]
Run 4:
Best OCplx: 10.84975442925857
Best Sequence: [5, 18, 22, 17, 7, 12, 4, 33, 25, 44, 15, 31, 39, 35, 30, 19, 27, 45, 41, 20, 1, 14, 6, 38, 10, 16, 13, 40, 34, 11, 8, 43, 9, 32, 28, 29, 42, 2, 3, 36, 37, 26, 24, 21, 23]
Run 5:
Best OCplx: 8.315004886387673
Best Sequence: [9, 20, 31, 12, 13, 32, 19, 5, 39, 34, 4, 42, 10, 41, 7, 1, 29, 11, 37, 25, 16, 6, 40, 14, 8, 33, 22, 18, 28, 2, 26, 30, 3, 21, 43, 36, 38, 35, 15, 27, 24, 44, 45, 17, 23]
Run 6:
Best OCplx: 8.751639950646524
Best Sequence: [7, 11, 13, 1, 44, 10, 18, 29, 20, 33, 9, 28, 38, 12, 39, 4, 14, 8, 30, 19, 5, 15, 6, 43, 31, 41, 25, 34, 21, 26, 36, 40, 27, 16, 37, 32, 24, 22, 2, 35, 23, 45, 42, 17, 3]
Run 7:
Best OCplx: 9.512713238323299
Best Sequence: [12, 25, 31, 32, 40, 20, 5, 26, 18, 22, 1, 33, 16, 34, 30, 4, 19, 35, 14, 43, 13, 9, 6, 7, 42, 41, 21, 10, 37, 15, 3, 39, 45, 29, 28, 11, 24, 36, 2, 27, 8, 44, 38, 17, 23]
Run 8:
Best OCplx: 9.608921730461603
Best Sequence: [44, 15, 20, 17, 18, 7, 37, 35, 39, 22, 12, 28, 19, 14, 9, 13, 38, 31, 21, 2, 30, 41, 33, 6, 26, 16, 32, 8, 45, 10, 42, 3, 11, 40, 43, 5, 29, 1, 36, 34, 25, 4, 24, 23, 27]
Run 9:
Best OCplx: 9.234966923148635
Best Sequence: [28, 43, 16, 12, 17, 7, 13, 29, 14, 9, 41, 18, 42, 31, 8, 5, 25, 40, 4, 20, 1, 32, 39, 30, 45, 33, 3, 2, 21, 15, 26, 11, 34, 19, 37, 36, 44, 24, 35, 27, 10, 6, 38, 23, 22]
Run 10:
Best OCplx: 11.178792399563864
Best Sequence: [42, 8, 20, 22, 28, 41, 16, 32, 33, 35, 15, 11, 9, 18, 43, 14, 38, 34, 3, 36, 6, 29, 45, 39, 1, 26, 5, 25, 4, 7, 37, 31, 30, 40, 19, 10, 44, 12, 17, 2, 27, 21, 13, 23, 24]
Run 11:
Best OCplx: 8.142529171363362
Best Sequence: [19, 13, 12, 18, 5, 9, 31, 20, 39, 10, 43, 17, 33, 38, 1, 36, 16, 21, 44, 42, 7, 14, 37, 25, 30, 6, 41, 40, 28, 32, 4, 29, 15, 27, 2, 35, 45, 22, 11, 34, 23, 8, 26, 24, 3]
Run 12:
Best OCplx: 8.988703972429844
Best Sequence: [16, 25, 29, 42, 13, 18, 10, 9, 43, 14, 5, 41, 4, 20, 33, 1, 38, 12, 22, 26, 28, 39, 2, 27, 7, 30, 19, 24, 44, 37, 31, 3, 36, 32, 11, 35, 45, 15, 40, 8, 6, 21, 34, 23, 17]
Run 13:
Best OCplx: 9.205045045834476
Best Sequence: [20, 12, 8, 11, 5, 31, 13, 18, 41, 33, 9, 14, 34, 19, 29, 4, 37, 21, 43, 27, 35, 38, 17, 30, 32, 7, 2, 16, 1, 36, 3, 10, 40, 44, 26, 39, 24, 15, 45, 25, 22, 42, 23, 28, 6]
Run 14:
Best OCplx: 8.782767593828257
Best Sequence: [16, 13, 10, 9, 18, 20, 30, 44, 31, 11, 39, 5, 38, 33, 32, 41, 6, 14, 29, 37, 25, 7, 28, 27, 43, 34, 21, 12, 40, 19, 36, 1, 4, 22, 15, 26, 35, 23, 8, 42, 45, 24, 2, 17, 3]
Run 15:
Best OCplx: 8.620810456895208
Best Sequence: [16, 9, 15, 20, 31, 18, 33, 7, 39, 22, 26, 19, 10, 30, 25, 42, 17, 13, 43, 4, 32, 1, 29, 44, 8, 41, 3, 40, 14, 36, 11, 21, 45, 2, 24, 35, 37, 12, 34, 5, 27, 28, 6, 23, 38]
Run 16:
Best OCplx: 8.975224358617657
Best Sequence: [18, 31, 20, 16, 33, 7, 4, 13, 11, 5, 34, 10, 43, 32, 8, 14, 39, 21, 37, 38, 42, 35, 25, 26, 45, 44, 9, 41, 6, 28, 40, 12, 15, 30, 29, 36, 19, 2, 27, 22, 24, 23, 3, 17, 1]
Run 17:
Best OCplx: 8.584082820689936
Best Sequence: [1, 10, 12, 13, 5, 22, 20, 9, 21, 18, 11, 33, 34, 37, 15, 30, 41, 19, 43, 16, 3, 39, 17, 36, 28, 4, 25, 29, 14, 2, 31, 32, 44, 27, 8, 40, 38, 24, 7, 42, 6, 26, 23, 45, 35]
Run 18:
Best OCplx: 9.725856487037332
Best Sequence: [17, 26, 41, 20, 5, 10, 6, 16, 19, 11, 8, 18, 14, 33, 30, 21, 29, 4, 40, 2, 25, 39, 31, 27, 3, 34, 28, 1, 36, 44, 37, 7, 32, 43, 13, 15, 45, 9, 35, 42, 12, 23, 38, 24, 22]
Run 19:
Best OCplx: 7.954614871572222
Best Sequence: [20, 31, 33, 32, 39, 7, 16, 10, 37, 25, 11, 5, 19, 8, 36, 14, 17, 15, 9, 6, 30, 18, 34, 4, 42, 44, 35, 40, 45, 43, 29, 41, 38, 28, 13, 12, 1, 22, 21, 2, 26, 27, 24, 3, 23]
Run 20:
Best OCplx: 8.737927216441072
Best Sequence: [20, 11, 43, 19, 18, 13, 29, 39, 37, 31, 32, 5, 8, 42, 41, 10, 38, 33, 21, 14, 30, 28, 44, 16, 45, 3, 22, 25, 15, 2, 4, 6, 27, 34, 36, 40, 35, 26, 12, 17, 24, 1, 7, 23, 9]
Run 21:
Best OCplx: 8.94630462419256
Best Sequence: [11, 26, 5, 34, 18, 4, 37, 20, 22, 8, 13, 28, 31, 1, 16, 14, 43, 42, 41, 9, 40, 35, 17, 21, 32, 39, 15, 12, 33, 27, 2, 7, 10, 30, 29, 3, 38, 36, 19, 25, 44, 45, 6, 24, 23]
Run 22:
Best OCplx: 10.431225968135378
Best Sequence: [12, 14, 20, 31, 18, 39, 1, 21, 9, 7, 22, 33, 41, 17, 15, 34, 40, 28, 32, 45, 37, 26, 38, 36, 30, 13, 8, 6, 43, 35, 11, 25, 5, 2, 4, 19, 44, 27, 10, 24, 23, 42, 3, 29, 16]
Run 23:
Best OCplx: 9.031332430561868
Best Sequence: [20, 28, 31, 25, 18, 42, 29, 38, 44, 33, 8, 19, 30, 4, 27, 15, 7, 39, 43, 10, 36, 41, 14, 40, 9, 21, 12, 45, 2, 26, 13, 37, 5, 35, 16, 34, 1, 22, 11, 3, 17, 6, 32, 24, 23]
Run 24:
Best OCplx: 8.505260858218108
Best Sequence: [12, 4, 20, 41, 18, 33, 34, 43, 39, 31, 11, 5, 7, 16, 17, 1, 10, 28, 25, 35, 44, 30, 29, 40, 22, 15, 13, 42, 8, 37, 9, 45, 14, 26, 3, 32, 21, 2, 24, 19, 36, 38, 23, 27, 6]
Run 25:
Best OCplx: 8.523722885731992
Best Sequence: [11, 42, 31, 20, 32, 14, 8, 7, 19, 12, 6, 18, 30, 41, 15, 33, 29, 4, 5, 43, 35, 38, 13, 21, 26, 22, 39, 40, 16, 45, 3, 9, 1, 25, 34, 10, 44, 37, 2, 28, 23, 27, 17, 24, 36]
Run 26:
Best OCplx: 10.013854638072237
Best Sequence: [4, 41, 20, 33, 19, 40, 36, 16, 11, 31, 18, 5, 1, 35, 28, 15, 27, 6, 39, 2, 32, 10, 43, 29, 9, 37, 25, 30, 44, 34, 12, 22, 14, 7, 42, 26, 3, 24, 17, 13, 45, 38, 21, 8, 23]
Run 27:
Best OCplx: 9.535770360480873
Best Sequence: [19, 18, 12, 41, 9, 16, 6, 20, 13, 25, 33, 8, 26, 14, 21, 34, 44, 4, 35, 1, 38, 22, 5, 30, 2, 45, 31, 43, 28, 11, 37, 7, 10, 39, 29, 15, 42, 40, 32, 3, 23, 17, 36, 24, 27]
Run 28:
Best OCplx: 7.628380036566156
Best Sequence: [20, 19, 36, 41, 12, 1, 17, 8, 42, 9, 31, 7, 10, 18, 43, 14, 11, 4, 5, 26, 28, 13, 32, 6, 38, 22, 39, 37, 30, 33, 16, 21, 40, 29, 25, 15, 34, 44, 45, 2, 35, 24, 3, 23, 27]
Run 29:
Best OCplx: 9.225339426705512
Best Sequence: [14, 4, 16, 3, 31, 20, 12, 28, 33, 11, 42, 32, 43, 19, 36, 18, 9, 1, 13, 41, 29, 21, 15, 26, 7, 39, 45, 2, 40, 22, 34, 35, 17, 10, 25, 27, 44, 37, 8, 5, 38, 30, 6, 23, 24]
Run 30:
Best OCplx: 8.98886945998371
Best Sequence: [20, 10, 16, 8, 18, 31, 13, 12, 22, 11, 44, 43, 5, 40, 25, 41, 27, 38, 33, 15, 35, 17, 30, 29, 26, 3, 32, 9, 19, 14, 1, 21, 36, 7, 4, 28, 39, 37, 42, 2, 34, 24, 45, 23, 6]
Actor Learning Rate: 1e-05
Critic Learning Rate: 0.0001
Hidden Dimension: 256
Gamma: 0.99
Lambda: 0.9
Epsilon: 0.2
if_EWM: True

Mean: 9.0805
Min: 7.6284 
Max: 11.1788
Std: 0.7921