Run 1:
Best OCplx: 2.0935642737368365
Best Sequence: [54, 13, 47, 27, 37, 65, 14, 26, 51, 8, 58, 25, 22, 4, 59, 12, 32, 38, 40, 48, 55, 16, 9, 15, 31, 17, 43, 60, 64, 5, 18, 23, 6, 63, 45, 7, 19, 28, 41, 42, 50, 3, 49, 34, 21, 52, 46, 62, 39, 57, 33, 36, 29, 11, 20, 24, 30, 35, 1, 53, 44, 2, 61, 10, 56]
Run 2:
Best OCplx: 2.388939734417812
Best Sequence: [19, 58, 32, 24, 39, 34, 27, 29, 64, 16, 28, 3, 49, 11, 17, 23, 18, 8, 22, 45, 50, 48, 7, 59, 43, 2, 1, 44, 30, 54, 63, 13, 52, 21, 65, 62, 40, 10, 33, 37, 15, 25, 56, 53, 55, 31, 60, 20, 6, 61, 26, 47, 41, 14, 51, 57, 35, 5, 12, 42, 36, 9, 46, 38, 4]
Run 3:
Best OCplx: 2.0594881684043056
Best Sequence: [14, 16, 24, 31, 47, 61, 15, 42, 59, 65, 13, 5, 52, 58, 27, 23, 55, 29, 21, 9, 48, 38, 22, 6, 49, 62, 8, 17, 32, 11, 10, 26, 2, 64, 34, 19, 1, 51, 43, 46, 54, 20, 35, 36, 7, 53, 3, 25, 18, 50, 60, 33, 63, 30, 37, 4, 28, 57, 12, 40, 39, 41, 56, 45, 44]
Run 4:
Best OCplx: 2.1668068625583294
Best Sequence: [7, 55, 14, 35, 60, 18, 27, 24, 65, 58, 22, 51, 3, 53, 26, 1, 44, 49, 46, 59, 38, 52, 15, 2, 28, 5, 12, 8, 25, 30, 23, 40, 47, 33, 56, 16, 45, 48, 10, 21, 17, 34, 54, 9, 61, 36, 39, 63, 31, 57, 42, 13, 19, 37, 32, 43, 20, 64, 4, 50, 11, 41, 62, 6, 29]
Run 5:
Best OCplx: 2.3289404310039457
Best Sequence: [29, 43, 7, 33, 65, 1, 64, 58, 13, 26, 49, 47, 46, 39, 52, 42, 23, 53, 3, 27, 62, 22, 17, 59, 32, 15, 2, 60, 48, 40, 14, 44, 41, 11, 51, 34, 50, 20, 45, 28, 36, 30, 5, 6, 37, 55, 56, 57, 54, 31, 8, 38, 35, 12, 10, 18, 19, 16, 9, 4, 25, 21, 63, 24, 61]
Run 6:
Best OCplx: 1.9994352584488793
Best Sequence: [65, 58, 14, 48, 17, 9, 59, 20, 40, 11, 22, 43, 27, 47, 54, 15, 23, 37, 38, 33, 26, 56, 44, 52, 41, 4, 2, 6, 25, 57, 50, 12, 36, 28, 46, 5, 32, 1, 55, 30, 53, 39, 29, 8, 35, 7, 13, 18, 3, 24, 34, 19, 60, 49, 63, 42, 10, 16, 61, 64, 51, 45, 31, 62, 21]
Run 7:
Best OCplx: 2.2756565520699126
Best Sequence: [38, 4, 15, 24, 58, 9, 43, 22, 51, 20, 60, 30, 46, 53, 34, 39, 54, 7, 48, 21, 13, 19, 50, 40, 27, 44, 36, 42, 41, 49, 28, 14, 23, 63, 10, 11, 45, 33, 1, 2, 12, 8, 18, 16, 62, 52, 35, 17, 59, 55, 6, 25, 29, 56, 3, 47, 5, 64, 37, 61, 32, 65, 26, 31, 57]
Run 8:
Best OCplx: 1.8084743924106312
Best Sequence: [65, 54, 15, 27, 58, 26, 29, 10, 1, 56, 4, 14, 33, 40, 55, 31, 61, 60, 22, 52, 59, 62, 13, 64, 53, 3, 25, 9, 48, 63, 38, 41, 51, 12, 34, 16, 20, 6, 8, 5, 50, 28, 57, 30, 44, 47, 24, 21, 11, 39, 23, 17, 36, 19, 42, 2, 18, 49, 35, 37, 45, 43, 7, 32, 46]
Run 9:
Best OCplx: 2.405144931588047
Best Sequence: [10, 46, 35, 58, 42, 15, 24, 56, 33, 55, 22, 29, 1, 41, 12, 48, 53, 21, 9, 28, 14, 43, 34, 30, 38, 27, 65, 47, 8, 40, 3, 13, 4, 60, 11, 6, 31, 17, 18, 61, 49, 44, 36, 39, 59, 5, 57, 63, 62, 20, 45, 7, 32, 52, 23, 54, 37, 50, 19, 51, 64, 16, 26, 25, 2]
Run 10:
Best OCplx: 2.3833939024968194
Best Sequence: [17, 58, 44, 65, 33, 50, 13, 9, 40, 1, 22, 60, 52, 51, 42, 8, 55, 32, 25, 54, 47, 34, 61, 15, 3, 31, 46, 39, 23, 41, 28, 49, 45, 14, 43, 63, 59, 38, 12, 30, 36, 20, 64, 21, 26, 53, 2, 29, 19, 16, 5, 57, 24, 11, 27, 7, 18, 10, 48, 35, 56, 37, 4, 6, 62]
Run 11:
Best OCplx: 2.175375545728941
Best Sequence: [63, 21, 65, 29, 2, 58, 34, 36, 10, 54, 23, 9, 27, 32, 11, 59, 38, 22, 57, 20, 24, 13, 14, 5, 15, 53, 17, 35, 18, 48, 8, 31, 44, 55, 6, 40, 52, 25, 4, 45, 33, 26, 46, 64, 30, 51, 49, 42, 28, 1, 62, 43, 19, 12, 61, 3, 16, 56, 7, 47, 41, 39, 37, 50, 60]
Run 12:
Best OCplx: 2.3698878938699743
Best Sequence: [61, 17, 65, 58, 24, 15, 6, 53, 19, 48, 60, 8, 49, 29, 34, 52, 56, 25, 54, 46, 11, 38, 33, 41, 64, 45, 9, 59, 26, 21, 7, 16, 3, 10, 14, 13, 55, 1, 62, 39, 37, 51, 18, 28, 4, 27, 23, 5, 44, 22, 2, 43, 36, 12, 42, 31, 30, 32, 50, 47, 57, 35, 40, 20, 63]
Run 13:
Best OCplx: 2.3049207542757855
Best Sequence: [41, 28, 13, 37, 35, 65, 27, 11, 58, 56, 24, 14, 57, 64, 59, 15, 6, 48, 53, 5, 3, 34, 36, 17, 39, 25, 47, 45, 40, 23, 9, 60, 7, 4, 2, 49, 30, 22, 63, 21, 54, 50, 51, 38, 8, 62, 31, 32, 52, 26, 1, 20, 12, 18, 46, 16, 19, 61, 29, 10, 44, 33, 43, 55, 42]
Run 14:
Best OCplx: 1.996699148779316
Best Sequence: [9, 27, 14, 13, 63, 31, 65, 58, 35, 42, 49, 38, 22, 53, 40, 25, 26, 48, 43, 2, 12, 10, 15, 3, 30, 11, 24, 39, 1, 51, 32, 8, 62, 56, 16, 52, 46, 50, 19, 23, 59, 54, 55, 18, 29, 7, 64, 61, 20, 6, 17, 37, 60, 5, 21, 41, 47, 34, 4, 36, 33, 44, 57, 45, 28]
Run 15:
Best OCplx: 2.1482835740988047
Best Sequence: [54, 21, 65, 58, 3, 23, 16, 36, 60, 53, 37, 39, 24, 10, 61, 41, 45, 33, 44, 48, 49, 40, 29, 46, 27, 14, 63, 28, 17, 62, 1, 31, 19, 55, 11, 52, 43, 2, 6, 9, 5, 13, 34, 22, 32, 8, 50, 59, 4, 47, 25, 57, 42, 51, 35, 56, 20, 64, 38, 12, 18, 30, 26, 7, 15]
Run 16:
Best OCplx: 2.380262259352737
Best Sequence: [51, 16, 21, 33, 65, 27, 18, 58, 52, 64, 20, 57, 13, 22, 56, 40, 49, 53, 4, 25, 55, 3, 48, 62, 44, 31, 61, 42, 43, 30, 28, 37, 38, 15, 17, 10, 36, 11, 54, 14, 39, 26, 35, 7, 12, 1, 59, 8, 50, 24, 46, 47, 29, 60, 63, 5, 34, 2, 45, 23, 32, 6, 19, 9, 41]
Run 17:
Best OCplx: 2.2747960071219344
Best Sequence: [26, 53, 58, 57, 19, 27, 61, 22, 9, 64, 39, 63, 29, 4, 8, 13, 48, 44, 25, 14, 2, 56, 50, 51, 28, 60, 30, 1, 20, 17, 24, 32, 49, 11, 55, 45, 33, 23, 52, 46, 37, 15, 41, 5, 47, 31, 59, 38, 7, 34, 43, 10, 35, 42, 54, 3, 21, 65, 16, 12, 6, 18, 62, 40, 36]
Run 18:
Best OCplx: 2.23558755624491
Best Sequence: [7, 55, 4, 12, 43, 65, 3, 58, 22, 9, 46, 23, 13, 41, 32, 14, 5, 45, 39, 36, 15, 59, 30, 10, 63, 38, 64, 50, 40, 48, 54, 52, 16, 29, 24, 37, 28, 20, 47, 21, 53, 6, 34, 33, 51, 31, 26, 19, 8, 27, 11, 35, 44, 18, 49, 17, 42, 61, 1, 62, 25, 56, 2, 57, 60]
Run 19:
Best OCplx: 2.16639656409677
Best Sequence: [61, 13, 15, 23, 46, 65, 58, 22, 54, 3, 18, 21, 39, 48, 57, 14, 52, 34, 27, 28, 9, 53, 47, 55, 33, 29, 56, 2, 42, 37, 12, 31, 45, 63, 44, 60, 40, 26, 5, 6, 62, 32, 38, 20, 41, 8, 19, 10, 30, 17, 24, 36, 25, 51, 11, 1, 35, 64, 43, 49, 59, 4, 50, 7, 16]
Run 20:
Best OCplx: 2.3014125458813783
Best Sequence: [34, 56, 7, 27, 41, 65, 30, 58, 10, 38, 22, 40, 33, 13, 12, 3, 62, 52, 29, 44, 47, 42, 16, 59, 48, 35, 23, 1, 8, 51, 9, 63, 43, 24, 39, 46, 11, 6, 54, 49, 45, 61, 18, 2, 14, 21, 20, 32, 31, 19, 37, 4, 15, 60, 36, 17, 64, 55, 25, 5, 53, 57, 28, 26, 50]
Run 21:
Best OCplx: 1.8306469336966928
Best Sequence: [14, 60, 65, 15, 13, 58, 2, 32, 36, 64, 17, 33, 22, 5, 57, 26, 28, 8, 38, 9, 42, 7, 35, 37, 34, 19, 49, 61, 54, 16, 41, 52, 63, 46, 3, 24, 44, 40, 43, 55, 27, 48, 6, 53, 30, 1, 25, 59, 47, 23, 11, 10, 51, 4, 39, 45, 18, 12, 31, 29, 20, 21, 50, 62, 56]
Run 22:
Best OCplx: 2.2711715783292794
Best Sequence: [25, 14, 56, 1, 65, 24, 58, 38, 59, 6, 43, 61, 62, 10, 60, 30, 22, 34, 15, 31, 45, 28, 23, 57, 32, 26, 44, 7, 51, 48, 54, 52, 3, 19, 29, 11, 39, 41, 16, 64, 2, 9, 37, 20, 47, 55, 27, 36, 49, 8, 46, 53, 42, 35, 13, 17, 4, 63, 21, 33, 50, 5, 18, 40, 12]
Run 23:
Best OCplx: 2.1923995192438643
Best Sequence: [19, 37, 27, 11, 14, 65, 7, 62, 55, 26, 20, 24, 54, 58, 44, 60, 51, 32, 13, 2, 1, 31, 22, 43, 28, 30, 23, 61, 6, 38, 57, 29, 33, 48, 3, 17, 59, 50, 41, 42, 8, 36, 9, 63, 46, 18, 52, 10, 21, 45, 53, 40, 56, 4, 12, 35, 39, 49, 15, 25, 5, 64, 16, 34, 47]
Run 24:
Best OCplx: 2.041619461059593
Best Sequence: [58, 27, 60, 19, 10, 22, 61, 43, 45, 55, 28, 38, 39, 42, 25, 48, 9, 6, 3, 17, 57, 14, 32, 44, 46, 62, 31, 13, 11, 20, 30, 8, 37, 16, 59, 41, 4, 24, 36, 21, 54, 51, 64, 40, 29, 65, 35, 50, 7, 34, 2, 47, 12, 18, 49, 5, 1, 15, 53, 23, 52, 26, 56, 63, 33]
Run 25:
Best OCplx: 2.500319410088585
Best Sequence: [65, 58, 55, 48, 6, 40, 17, 53, 56, 49, 64, 47, 10, 12, 51, 18, 63, 60, 24, 19, 14, 28, 21, 20, 4, 26, 39, 16, 33, 59, 22, 50, 30, 43, 3, 2, 15, 52, 29, 7, 9, 35, 23, 25, 38, 32, 57, 62, 61, 5, 31, 45, 42, 36, 44, 13, 41, 54, 11, 46, 8, 37, 1, 27, 34]
Run 26:
Best OCplx: 2.2304949931436004
Best Sequence: [9, 10, 7, 21, 8, 65, 60, 61, 31, 46, 1, 58, 27, 47, 43, 19, 41, 40, 59, 26, 54, 24, 22, 15, 39, 36, 62, 34, 4, 29, 13, 35, 37, 11, 6, 14, 25, 49, 52, 57, 33, 48, 64, 18, 38, 51, 56, 32, 30, 17, 28, 53, 5, 42, 55, 50, 12, 16, 45, 63, 3, 23, 2, 20, 44]
Run 27:
Best OCplx: 2.045840704587492
Best Sequence: [16, 43, 33, 24, 15, 27, 65, 58, 3, 22, 39, 37, 38, 18, 14, 40, 50, 6, 54, 25, 55, 7, 1, 52, 19, 10, 30, 21, 36, 63, 46, 13, 41, 2, 53, 4, 23, 47, 5, 34, 9, 12, 57, 51, 56, 32, 62, 8, 48, 35, 44, 59, 29, 61, 28, 45, 42, 31, 17, 64, 20, 26, 60, 49, 11]
Run 28:
Best OCplx: 2.2028721694346545
Best Sequence: [10, 2, 12, 49, 36, 62, 7, 65, 58, 61, 39, 27, 38, 11, 48, 50, 31, 14, 52, 29, 56, 3, 64, 24, 17, 46, 60, 23, 22, 59, 44, 19, 8, 5, 21, 6, 13, 1, 28, 30, 16, 41, 53, 4, 55, 26, 37, 43, 57, 54, 47, 45, 20, 25, 63, 40, 34, 18, 15, 32, 42, 9, 35, 51, 33]
Run 29:
Best OCplx: 2.1499123639646935
Best Sequence: [51, 58, 54, 4, 10, 60, 13, 53, 14, 8, 36, 27, 31, 19, 20, 17, 61, 11, 24, 35, 37, 52, 22, 15, 26, 7, 25, 48, 21, 3, 56, 5, 16, 46, 28, 40, 64, 2, 30, 43, 1, 12, 9, 55, 50, 6, 33, 32, 23, 38, 42, 41, 45, 47, 59, 29, 44, 49, 57, 39, 34, 62, 63, 65, 18]
Run 30:
Best OCplx: 2.2254328562695114
Best Sequence: [28, 12, 24, 58, 27, 47, 13, 39, 4, 52, 45, 62, 63, 56, 10, 61, 8, 42, 19, 22, 29, 2, 18, 25, 17, 55, 14, 3, 49, 53, 64, 23, 40, 65, 16, 41, 6, 21, 15, 57, 20, 54, 60, 9, 32, 30, 35, 1, 5, 34, 48, 37, 7, 38, 33, 26, 51, 36, 31, 59, 11, 44, 50, 46, 43]
