Run 1:
Best OCplx: 2.574025200333765
Best Sequence: [11, 18, 10, 17, 2, 12, 19, 3, 9, 13, 16, 14, 15, 5, 8, 7, 4, 1, 6]
Run 2:
Best OCplx: 3.2418405351986985
Best Sequence: [17, 2, 10, 11, 12, 18, 19, 3, 15, 13, 9, 6, 16, 14, 1, 8, 4, 7, 5]
Run 3:
Best OCplx: 2.930824339997427
Best Sequence: [11, 10, 17, 18, 12, 2, 19, 3, 9, 15, 16, 14, 13, 8, 4, 1, 7, 5, 6]
Run 4:
Best OCplx: 2.7866537455739913
Best Sequence: [18, 17, 11, 2, 10, 12, 19, 3, 13, 16, 9, 14, 6, 15, 1, 4, 7, 5, 8]
Run 5:
Best OCplx: 2.8189579283643273
Best Sequence: [18, 11, 10, 17, 2, 12, 19, 3, 9, 14, 16, 13, 6, 15, 4, 7, 1, 8, 5]
Run 6:
Best OCplx: 3.0326182482845283
Best Sequence: [3, 18, 12, 10, 11, 17, 2, 19, 16, 15, 14, 9, 13, 7, 6, 5, 1, 4, 8]
Run 7:
Best OCplx: 3.229320875308236
Best Sequence: [10, 11, 18, 17, 3, 12, 2, 1, 19, 15, 6, 16, 9, 14, 13, 8, 4, 7, 5]
Run 8:
Best OCplx: 3.1364349035120287
Best Sequence: [17, 18, 2, 10, 12, 11, 19, 3, 16, 9, 6, 1, 13, 15, 14, 7, 5, 8, 4]
Run 9:
Best OCplx: 3.2552209867449706
Best Sequence: [11, 12, 10, 17, 18, 2, 3, 6, 19, 15, 9, 1, 16, 13, 14, 5, 7, 4, 8]
Run 10:
Best OCplx: 2.9056076105022814
Best Sequence: [3, 17, 2, 9, 10, 19, 12, 1, 11, 18, 6, 15, 16, 14, 13, 8, 5, 7, 4]
Run 11:
Best OCplx: 2.8971308025123754
Best Sequence: [12, 18, 17, 11, 10, 2, 19, 3, 9, 16, 14, 15, 1, 6, 4, 13, 7, 5, 8]
Run 12:
Best OCplx: 3.196699261140735
Best Sequence: [11, 2, 18, 9, 3, 19, 1, 15, 10, 12, 17, 16, 14, 13, 6, 5, 8, 4, 7]
Run 13:
Best OCplx: 3.3648623723517446
Best Sequence: [18, 11, 2, 17, 10, 12, 19, 3, 15, 16, 9, 6, 14, 1, 13, 7, 8, 4, 5]
Run 14:
Best OCplx: 2.8400287960289456
Best Sequence: [18, 11, 10, 12, 17, 2, 3, 19, 9, 1, 15, 16, 13, 6, 7, 14, 8, 4, 5]
Run 15:
Best OCplx: 3.045639359543547
Best Sequence: [18, 10, 11, 17, 2, 12, 3, 13, 19, 9, 15, 6, 16, 5, 14, 8, 1, 7, 4]
Run 16:
Best OCplx: 2.8047192967327614
Best Sequence: [3, 11, 12, 10, 18, 17, 2, 1, 19, 15, 9, 13, 6, 16, 14, 5, 8, 7, 4]
Run 17:
Best OCplx: 3.2524387589394497
Best Sequence: [12, 2, 10, 18, 11, 17, 19, 3, 9, 16, 6, 1, 14, 13, 15, 7, 4, 5, 8]
Run 18:
Best OCplx: 3.1531424680449613
Best Sequence: [3, 12, 11, 10, 2, 19, 18, 17, 9, 1, 13, 6, 16, 14, 15, 7, 4, 5, 8]
Run 19:
Best OCplx: 3.127925738549816
Best Sequence: [18, 2, 10, 11, 19, 3, 17, 12, 9, 6, 15, 1, 16, 13, 14, 5, 8, 7, 4]
Run 20:
Best OCplx: 2.6733214912282532
Best Sequence: [10, 18, 11, 17, 2, 12, 3, 9, 13, 19, 16, 15, 14, 7, 5, 1, 4, 6, 8]
Run 21:
Best OCplx: 3.130933225347191
Best Sequence: [18, 17, 2, 12, 11, 10, 19, 3, 6, 16, 13, 1, 9, 14, 15, 4, 7, 5, 8]
Run 22:
Best OCplx: 2.930824339997427
Best Sequence: [12, 11, 3, 17, 2, 18, 9, 19, 6, 16, 15, 1, 14, 10, 13, 7, 4, 8, 5]
Run 23:
Best OCplx: 2.930824339997427
Best Sequence: [17, 11, 12, 10, 18, 2, 19, 3, 9, 15, 13, 16, 6, 14, 8, 5, 7, 4, 1]
Run 24:
Best OCplx: 2.742095013819173
Best Sequence: [18, 17, 11, 12, 10, 2, 19, 9, 3, 16, 13, 15, 6, 1, 14, 5, 8, 7, 4]
Run 25:
Best OCplx: 2.8400287960289456
Best Sequence: [18, 11, 12, 10, 17, 2, 19, 3, 9, 15, 1, 16, 13, 8, 6, 14, 4, 5, 7]
Run 26:
Best OCplx: 2.9315997843201194
Best Sequence: [3, 11, 17, 10, 2, 19, 18, 12, 1, 9, 15, 6, 16, 13, 14, 7, 5, 4, 8]
Run 27:
Best OCplx: 3.1073949004088415
Best Sequence: [12, 10, 18, 17, 11, 2, 19, 9, 3, 15, 6, 1, 16, 13, 5, 14, 8, 7, 4]
Run 28:
Best OCplx: 2.6733214912282532
Best Sequence: [18, 10, 12, 11, 17, 2, 19, 3, 9, 6, 16, 1, 14, 13, 8, 15, 7, 4, 5]
Run 29:
Best OCplx: 3.1355262625785856
Best Sequence: [3, 17, 10, 18, 12, 2, 11, 15, 19, 9, 16, 1, 13, 6, 14, 5, 8, 7, 4]
Run 30:
Best OCplx: 2.8413913047136607
Best Sequence: [10, 12, 18, 11, 17, 2, 19, 9, 3, 13, 16, 14, 15, 6, 7, 8, 1, 5, 4]
