Run 1:
Best OCplx: 0.8135407866907594
Best Sequence: [11, 16, 22, 19, 20, 1, 35, 27, 15, 18, 28, 7, 10, 9, 34, 29, 30, 23, 37, 38, 13, 21, 8, 2, 14, 3, 17, 32, 12, 6, 24, 39, 4, 33, 25, 5, 31, 26, 36]
Run 2:
Best OCplx: 0.9715315213263432
Best Sequence: [15, 38, 22, 35, 33, 16, 21, 28, 18, 13, 39, 3, 11, 12, 27, 23, 24, 7, 8, 17, 20, 25, 30, 37, 19, 2, 10, 36, 26, 34, 9, 5, 31, 14, 1, 29, 32, 6, 4]
Run 3:
Best OCplx: 0.9574108645379585
Best Sequence: [20, 11, 13, 38, 2, 39, 21, 28, 22, 10, 15, 24, 30, 36, 9, 6, 26, 29, 17, 12, 34, 8, 35, 27, 33, 31, 16, 18, 19, 1, 4, 32, 23, 7, 14, 3, 5, 25, 37]
Run 4:
Best OCplx: 0.7315946057011258
Best Sequence: [21, 11, 39, 1, 5, 38, 7, 30, 17, 27, 23, 12, 36, 28, 13, 19, 10, 32, 8, 22, 29, 34, 15, 14, 18, 20, 24, 16, 26, 9, 6, 25, 31, 4, 3, 35, 33, 37, 2]
Run 5:
Best OCplx: 1.1398767309359865
Best Sequence: [21, 13, 19, 8, 1, 36, 33, 22, 32, 31, 26, 39, 35, 3, 2, 24, 7, 20, 38, 14, 37, 30, 5, 27, 29, 11, 10, 15, 25, 17, 12, 9, 6, 34, 28, 23, 16, 4, 18]
Run 6:
Best OCplx: 0.6051839812298322
Best Sequence: [2, 13, 17, 26, 16, 21, 36, 30, 22, 12, 11, 27, 28, 38, 10, 9, 6, 23, 3, 5, 20, 15, 31, 4, 35, 24, 8, 32, 7, 18, 19, 33, 34, 14, 25, 37, 39, 1, 29]
Run 7:
Best OCplx: 1.2520904379981155
Best Sequence: [24, 14, 36, 2, 18, 7, 29, 11, 34, 27, 17, 8, 32, 10, 3, 37, 16, 9, 39, 20, 12, 38, 5, 25, 1, 19, 35, 6, 28, 31, 22, 23, 4, 13, 26, 30, 21, 33, 15]
Run 8:
Best OCplx: 0.9225403720202223
Best Sequence: [31, 22, 16, 14, 3, 36, 7, 27, 20, 1, 26, 2, 24, 13, 35, 33, 18, 38, 29, 15, 11, 39, 10, 9, 34, 23, 28, 8, 37, 30, 19, 17, 32, 5, 6, 21, 12, 4, 25]
Run 9:
Best OCplx: 1.1655010396110523
Best Sequence: [18, 5, 22, 2, 34, 10, 28, 35, 7, 21, 38, 31, 13, 9, 27, 11, 15, 8, 33, 36, 39, 6, 12, 17, 30, 20, 29, 24, 19, 16, 4, 32, 1, 26, 14, 23, 3, 25, 37]
Run 10:
Best OCplx: 0.8312184562204229
Best Sequence: [14, 11, 16, 7, 21, 27, 22, 30, 2, 19, 20, 5, 10, 8, 39, 35, 1, 34, 18, 28, 13, 38, 24, 23, 36, 15, 32, 17, 31, 33, 37, 12, 26, 25, 29, 9, 6, 3, 4]
Run 11:
Best OCplx: 0.6614311115514894
Best Sequence: [24, 23, 36, 38, 11, 39, 19, 30, 21, 10, 7, 34, 9, 32, 26, 1, 3, 5, 27, 35, 6, 20, 2, 8, 4, 17, 18, 15, 16, 31, 14, 28, 33, 25, 22, 37, 13, 12, 29]
Run 12:
Best OCplx: 0.857977383785714
Best Sequence: [22, 11, 34, 20, 27, 10, 13, 30, 21, 18, 35, 15, 37, 26, 24, 31, 16, 7, 39, 32, 9, 28, 17, 6, 2, 29, 3, 8, 4, 33, 1, 19, 38, 12, 14, 23, 25, 36, 5]
Run 13:
Best OCplx: 0.8633735967404369
Best Sequence: [18, 15, 32, 33, 36, 11, 16, 29, 26, 39, 34, 38, 8, 21, 27, 10, 20, 12, 7, 22, 24, 25, 23, 19, 1, 9, 6, 3, 5, 35, 28, 17, 14, 13, 31, 30, 4, 2, 37]
Run 14:
Best OCplx: 1.1872608193757743
Best Sequence: [32, 21, 13, 39, 38, 14, 1, 24, 33, 10, 15, 30, 11, 25, 20, 16, 22, 8, 36, 26, 27, 7, 9, 17, 34, 37, 12, 2, 35, 6, 4, 5, 29, 28, 31, 19, 3, 18, 23]
Run 15:
Best OCplx: 0.886918402573062
Best Sequence: [38, 18, 5, 21, 1, 35, 36, 7, 31, 27, 29, 34, 11, 3, 28, 39, 10, 9, 30, 13, 8, 23, 17, 15, 16, 37, 20, 24, 33, 19, 6, 4, 14, 32, 25, 2, 26, 12, 22]
Run 16:
Best OCplx: 1.0487327803377575
Best Sequence: [2, 29, 24, 20, 31, 27, 30, 39, 8, 10, 17, 1, 28, 16, 34, 19, 35, 38, 7, 21, 12, 11, 22, 18, 26, 9, 33, 5, 6, 23, 3, 4, 15, 37, 36, 14, 13, 32, 25]
Run 17:
Best OCplx: 0.7002811259246685
Best Sequence: [7, 16, 33, 13, 1, 19, 27, 28, 26, 3, 39, 21, 22, 20, 32, 36, 11, 29, 10, 9, 38, 30, 23, 15, 2, 31, 34, 35, 24, 6, 8, 18, 4, 25, 17, 5, 37, 14, 12]
Run 18:
Best OCplx: 0.7072081391249443
Best Sequence: [11, 38, 21, 27, 7, 39, 18, 10, 35, 9, 8, 16, 22, 33, 36, 6, 24, 15, 34, 3, 5, 1, 4, 23, 2, 29, 19, 17, 26, 28, 25, 32, 20, 31, 13, 37, 30, 14, 12]
Run 19:
Best OCplx: 0.9648850617072527
Best Sequence: [17, 5, 33, 11, 7, 29, 14, 27, 28, 20, 38, 35, 10, 18, 9, 15, 2, 30, 24, 1, 25, 31, 21, 26, 6, 22, 32, 23, 36, 16, 13, 34, 4, 19, 12, 37, 39, 3, 8]
Run 20:
Best OCplx: 0.851345731158802
Best Sequence: [36, 28, 35, 34, 24, 2, 21, 7, 19, 39, 3, 20, 25, 15, 31, 29, 13, 33, 27, 11, 26, 18, 38, 10, 30, 12, 16, 37, 9, 1, 22, 5, 6, 32, 4, 8, 14, 23, 17]
Run 21:
Best OCplx: 0.8547771852464007
Best Sequence: [19, 3, 16, 5, 28, 23, 15, 36, 39, 33, 17, 35, 32, 24, 20, 34, 11, 27, 7, 29, 10, 21, 9, 8, 6, 22, 37, 12, 13, 30, 14, 1, 26, 31, 4, 18, 38, 2, 25]
Run 22:
Best OCplx: 0.8959857374153366
Best Sequence: [36, 11, 10, 32, 7, 13, 29, 31, 38, 17, 24, 19, 9, 1, 14, 37, 28, 8, 27, 6, 23, 21, 20, 30, 18, 22, 16, 5, 2, 15, 25, 26, 4, 35, 33, 34, 39, 12, 3]
Run 23:
Best OCplx: 0.815161770750445
Best Sequence: [11, 15, 10, 17, 21, 26, 2, 35, 38, 20, 3, 29, 27, 34, 39, 9, 30, 23, 19, 24, 31, 22, 33, 18, 28, 36, 6, 8, 13, 5, 7, 16, 14, 25, 4, 1, 32, 37, 12]
Run 24:
Best OCplx: 0.9873839138359157
Best Sequence: [32, 17, 1, 11, 22, 30, 21, 18, 19, 23, 29, 7, 16, 36, 31, 39, 35, 27, 38, 10, 8, 12, 9, 20, 5, 24, 6, 26, 34, 4, 13, 28, 3, 14, 33, 15, 37, 25, 2]
Run 25:
Best OCplx: 0.8593038910708616
Best Sequence: [24, 22, 20, 26, 13, 14, 3, 19, 15, 18, 11, 10, 25, 36, 30, 35, 9, 32, 29, 27, 37, 21, 12, 28, 34, 39, 16, 8, 17, 23, 5, 6, 4, 33, 7, 1, 2, 31, 38]
Run 26:
Best OCplx: 0.8296253185474427
Best Sequence: [19, 27, 16, 38, 32, 18, 17, 15, 22, 34, 23, 30, 21, 13, 39, 11, 36, 5, 28, 12, 7, 3, 14, 10, 1, 20, 35, 26, 9, 25, 2, 24, 31, 29, 6, 4, 33, 8, 37]
Run 27:
Best OCplx: 0.7524863969634557
Best Sequence: [23, 31, 21, 39, 3, 2, 18, 17, 38, 36, 15, 27, 11, 24, 1, 12, 10, 19, 7, 35, 16, 5, 22, 28, 34, 32, 9, 30, 26, 8, 20, 6, 33, 29, 14, 25, 13, 4, 37]
Run 28:
Best OCplx: 1.1169947368465227
Best Sequence: [38, 35, 28, 39, 26, 33, 13, 5, 31, 21, 37, 30, 17, 7, 22, 23, 3, 12, 11, 2, 36, 27, 10, 9, 18, 32, 1, 34, 6, 20, 15, 14, 4, 19, 29, 24, 8, 16, 25]
Run 29:
Best OCplx: 0.8375843622583279
Best Sequence: [21, 27, 11, 10, 34, 17, 15, 30, 7, 37, 32, 28, 13, 2, 9, 26, 8, 6, 29, 22, 36, 24, 31, 33, 19, 16, 18, 5, 39, 3, 20, 35, 38, 12, 14, 23, 25, 4, 1]
Run 30:
Best OCplx: 0.9964651718715429
Best Sequence: [28, 3, 36, 2, 20, 7, 32, 8, 16, 26, 11, 5, 29, 33, 14, 18, 13, 10, 30, 31, 9, 21, 12, 1, 27, 17, 24, 37, 38, 15, 23, 6, 35, 22, 39, 25, 34, 19, 4]
Learning Rate: 1e-05
Epsilon: 0.1
Gamma: 0.99
Target Update: 200
Memory Capacity: 20000
Batch Size: 256

