Run 1:
Best OCplx: 2.9442463930766536
Best Sequence: [12, 18, 11, 10, 17, 2, 19, 3, 1, 9, 13, 6, 14, 15, 16, 5, 8, 4, 7]
Run 2:
Best OCplx: 3.1498153550583003
Best Sequence: [11, 17, 3, 18, 2, 10, 12, 19, 6, 9, 1, 15, 13, 16, 14, 4, 8, 7, 5]
Run 3:
Best OCplx: 3.2678327090165364
Best Sequence: [17, 12, 11, 18, 2, 10, 19, 3, 13, 15, 1, 9, 16, 14, 8, 6, 5, 7, 4]
Run 4:
Best OCplx: 3.2756105607016734
Best Sequence: [18, 11, 17, 12, 10, 2, 19, 3, 13, 15, 9, 6, 1, 14, 5, 16, 8, 4, 7]
Run 5:
Best OCplx: 3.2293208753082365
Best Sequence: [3, 10, 18, 11, 12, 17, 2, 19, 6, 1, 13, 15, 9, 16, 14, 7, 8, 5, 4]
Run 6:
Best OCplx: 3.1531424680449613
Best Sequence: [12, 2, 18, 11, 3, 19, 10, 17, 9, 1, 15, 13, 6, 16, 14, 7, 5, 4, 8]
Run 7:
Best OCplx: 3.479805742351785
Best Sequence: [12, 10, 3, 17, 18, 2, 11, 19, 6, 15, 1, 9, 16, 14, 13, 5, 7, 8, 4]
Run 8:
Best OCplx: 3.1652008870991817
Best Sequence: [11, 3, 10, 18, 17, 2, 19, 12, 1, 6, 15, 9, 16, 13, 7, 14, 5, 8, 4]
Run 9:
Best OCplx: 2.840028796028945
Best Sequence: [18, 11, 17, 10, 3, 2, 9, 16, 12, 13, 19, 1, 15, 7, 6, 14, 8, 4, 5]
Run 10:
Best OCplx: 3.249668847731984
Best Sequence: [11, 3, 18, 17, 2, 12, 10, 19, 15, 6, 13, 9, 1, 14, 16, 4, 8, 7, 5]
Run 11:
Best OCplx: 3.1531424680449613
Best Sequence: [3, 18, 2, 9, 11, 17, 12, 10, 19, 16, 15, 1, 13, 6, 14, 4, 8, 5, 7]
Run 12:
Best OCplx: 3.331204211692964
Best Sequence: [11, 18, 12, 10, 17, 2, 19, 9, 3, 1, 15, 6, 13, 8, 16, 14, 7, 4, 5]
Run 13:
Best OCplx: 3.2825851897557903
Best Sequence: [18, 11, 17, 2, 10, 19, 12, 9, 15, 3, 1, 6, 13, 14, 16, 7, 4, 5, 8]
Run 14:
Best OCplx: 3.1757570680279894
Best Sequence: [17, 3, 11, 2, 10, 12, 18, 19, 9, 13, 15, 14, 16, 6, 5, 1, 8, 4, 7]
Run 15:
Best OCplx: 3.2524387589394497
Best Sequence: [3, 2, 9, 18, 10, 6, 17, 11, 12, 19, 15, 1, 16, 14, 13, 7, 5, 8, 4]
Run 16:
Best OCplx: 3.3648623723517446
Best Sequence: [12, 2, 3, 18, 11, 10, 15, 19, 17, 16, 9, 6, 14, 1, 13, 5, 4, 8, 7]
Run 17:
Best OCplx: 3.4116506916681657
Best Sequence: [18, 17, 3, 15, 19, 12, 10, 11, 2, 9, 6, 16, 1, 13, 14, 8, 4, 7, 5]
Run 18:
Best OCplx: 3.056112804709753
Best Sequence: [3, 17, 2, 11, 12, 18, 19, 10, 1, 9, 15, 16, 6, 14, 13, 4, 7, 8, 5]
Run 19:
Best OCplx: 3.383915709783353
Best Sequence: [11, 12, 18, 3, 1, 17, 2, 10, 19, 6, 15, 13, 16, 14, 9, 4, 7, 8, 5]
Run 20:
Best OCplx: 3.1968279356926077
Best Sequence: [11, 17, 10, 18, 2, 12, 19, 3, 9, 1, 16, 6, 13, 15, 7, 14, 5, 8, 4]
Run 21:
Best OCplx: 3.130024584413748
Best Sequence: [12, 18, 11, 10, 17, 2, 19, 3, 16, 15, 6, 1, 9, 13, 14, 5, 8, 7, 4]
Run 22:
Best OCplx: 2.9183046801069645
Best Sequence: [11, 18, 10, 17, 12, 2, 19, 3, 1, 6, 9, 15, 13, 16, 14, 4, 5, 7, 8]
Run 23:
Best OCplx: 3.505437753089531
Best Sequence: [18, 17, 11, 10, 12, 2, 19, 6, 3, 1, 15, 13, 9, 16, 14, 7, 5, 8, 4]
Run 24:
Best OCplx: 3.1684293840704214
Best Sequence: [12, 18, 11, 10, 17, 2, 19, 6, 3, 9, 1, 15, 13, 16, 14, 8, 5, 4, 7]
Run 25:
Best OCplx: 3.1531424680449613
Best Sequence: [2, 12, 3, 9, 6, 11, 18, 16, 10, 19, 17, 15, 13, 1, 14, 5, 8, 4, 7]
Run 26:
Best OCplx: 3.229320875308236
Best Sequence: [3, 12, 18, 10, 11, 17, 2, 19, 15, 6, 1, 16, 9, 14, 13, 4, 7, 8, 5]
Run 27:
Best OCplx: 3.3839157097833525
Best Sequence: [11, 18, 17, 12, 10, 2, 19, 3, 15, 16, 14, 13, 1, 6, 9, 8, 7, 4, 5]
Run 28:
Best OCplx: 2.911033569352875
Best Sequence: [3, 18, 11, 17, 10, 12, 2, 19, 15, 1, 16, 9, 6, 13, 14, 7, 8, 5, 4]
Run 29:
Best OCplx: 2.785745104640548
Best Sequence: [11, 12, 18, 17, 10, 2, 19, 3, 15, 13, 9, 1, 6, 16, 14, 7, 4, 8, 5]
Run 30:
Best OCplx: 3.004736119701422
Best Sequence: [11, 10, 18, 12, 17, 2, 19, 3, 6, 13, 15, 9, 16, 14, 8, 4, 1, 7, 5]
