Run 1:
Best OCplx: 2.9789415516804123
Best Sequence: [4, 8, 3, 5, 16, 10, 21, 23, 12, 17, 19, 25, 22, 7, 15, 2, 20, 18, 6, 9, 1, 14, 11, 13, 24]
Run 2:
Best OCplx: 2.704247410141466
Best Sequence: [15, 3, 16, 4, 17, 21, 2, 9, 20, 6, 1, 19, 10, 12, 24, 18, 14, 5, 25, 8, 22, 7, 13, 11, 23]
Run 3:
Best OCplx: 3.17591557221345
Best Sequence: [21, 3, 16, 22, 10, 20, 15, 7, 2, 1, 12, 11, 24, 6, 23, 18, 5, 14, 19, 9, 8, 4, 17, 25, 13]
Run 4:
Best OCplx: 3.226450580493576
Best Sequence: [16, 1, 19, 3, 5, 24, 10, 14, 20, 4, 8, 11, 13, 23, 12, 15, 22, 2, 25, 17, 21, 18, 6, 7, 9]
Run 5:
Best OCplx: 3.1129193229944585
Best Sequence: [15, 16, 23, 3, 2, 9, 8, 10, 1, 14, 12, 17, 19, 13, 11, 5, 4, 21, 7, 18, 6, 22, 24, 20, 25]
Run 6:
Best OCplx: 3.3366525474179385
Best Sequence: [15, 24, 23, 4, 3, 16, 12, 19, 20, 7, 6, 10, 5, 21, 13, 17, 22, 14, 1, 8, 9, 2, 18, 11, 25]
Run 7:
Best OCplx: 3.156403559101348
Best Sequence: [8, 16, 10, 22, 21, 9, 19, 7, 15, 3, 23, 2, 1, 12, 25, 24, 6, 17, 18, 14, 5, 4, 20, 13, 11]
Run 8:
Best OCplx: 3.117745187659951
Best Sequence: [16, 9, 3, 2, 19, 17, 8, 22, 15, 4, 7, 11, 10, 20, 24, 23, 12, 18, 13, 21, 25, 6, 14, 1, 5]
Run 9:
Best OCplx: 3.18451375379088
Best Sequence: [14, 16, 10, 2, 22, 25, 8, 12, 3, 20, 1, 4, 17, 19, 11, 5, 24, 21, 15, 7, 6, 23, 9, 18, 13]
Run 10:
Best OCplx: 3.1149682692023797
Best Sequence: [4, 8, 16, 3, 22, 6, 12, 1, 10, 23, 9, 14, 7, 13, 5, 15, 20, 21, 2, 18, 17, 19, 25, 24, 11]
Run 11:
Best OCplx: 3.2553495901499243
Best Sequence: [16, 3, 9, 25, 19, 20, 8, 21, 1, 13, 2, 6, 12, 11, 10, 4, 15, 7, 23, 18, 5, 14, 22, 17, 24]
Run 12:
Best OCplx: 2.9830994442690435
Best Sequence: [3, 16, 6, 21, 19, 10, 24, 1, 22, 2, 18, 7, 25, 9, 11, 4, 20, 12, 23, 8, 14, 17, 5, 15, 13]
Run 13:
Best OCplx: 2.8649027873551867
Best Sequence: [4, 16, 3, 20, 21, 15, 19, 13, 22, 23, 14, 24, 10, 12, 6, 1, 7, 2, 8, 25, 5, 9, 18, 17, 11]
Run 14:
Best OCplx: 3.213347497986119
Best Sequence: [16, 2, 22, 15, 5, 7, 3, 10, 4, 8, 23, 1, 9, 17, 6, 11, 19, 14, 25, 21, 20, 18, 13, 12, 24]
Run 15:
Best OCplx: 3.4581409431592043
Best Sequence: [15, 16, 17, 10, 8, 5, 12, 21, 18, 7, 1, 23, 19, 20, 3, 14, 11, 24, 2, 22, 6, 4, 9, 13, 25]
Run 16:
Best OCplx: 2.819168148019655
Best Sequence: [16, 3, 10, 9, 6, 21, 12, 2, 23, 15, 1, 22, 19, 5, 11, 20, 8, 17, 24, 25, 14, 18, 13, 4, 7]
Run 17:
Best OCplx: 3.333296064962528
Best Sequence: [16, 3, 12, 9, 19, 2, 6, 10, 13, 21, 18, 4, 5, 1, 17, 20, 8, 23, 7, 24, 22, 14, 15, 11, 25]
Run 18:
Best OCplx: 3.369922528562298
Best Sequence: [10, 12, 9, 2, 3, 4, 14, 16, 19, 21, 23, 15, 18, 1, 17, 5, 20, 6, 22, 13, 11, 8, 25, 24, 7]
Run 19:
Best OCplx: 3.235465962258357
Best Sequence: [3, 16, 2, 5, 23, 25, 11, 12, 20, 19, 17, 14, 4, 7, 1, 8, 22, 13, 6, 9, 15, 21, 10, 24, 18]
Run 20:
Best OCplx: 3.2787441733058045
Best Sequence: [16, 19, 3, 21, 24, 10, 6, 15, 7, 2, 5, 20, 13, 25, 17, 1, 18, 14, 12, 11, 4, 8, 23, 22, 9]
Run 21:
Best OCplx: 3.1483699309756052
Best Sequence: [3, 6, 8, 15, 23, 5, 16, 19, 20, 10, 1, 22, 14, 13, 17, 2, 11, 24, 9, 7, 18, 12, 21, 25, 4]
Run 22:
Best OCplx: 2.930496834734929
Best Sequence: [3, 9, 16, 20, 12, 23, 7, 21, 17, 4, 8, 22, 2, 11, 10, 6, 18, 5, 15, 1, 25, 13, 14, 19, 24]
Run 23:
Best OCplx: 3.1693145010112906
Best Sequence: [15, 22, 16, 5, 12, 9, 6, 3, 1, 20, 21, 10, 2, 7, 19, 23, 8, 17, 4, 14, 13, 25, 11, 18, 24]
Run 24:
Best OCplx: 3.2547422438224762
Best Sequence: [15, 4, 16, 14, 10, 24, 17, 1, 2, 3, 23, 8, 20, 21, 18, 7, 22, 6, 19, 13, 12, 5, 25, 11, 9]
Run 25:
Best OCplx: 3.1368609308890085
Best Sequence: [16, 12, 10, 22, 21, 2, 25, 7, 3, 6, 24, 9, 14, 8, 1, 11, 19, 17, 4, 23, 5, 20, 15, 13, 18]
Run 26:
Best OCplx: 3.0058471059656506
Best Sequence: [8, 16, 3, 15, 10, 19, 23, 12, 2, 20, 4, 22, 25, 1, 9, 17, 18, 13, 24, 7, 14, 5, 6, 11, 21]
Run 27:
Best OCplx: 2.8434731408860197
Best Sequence: [16, 17, 11, 19, 5, 3, 6, 20, 12, 7, 10, 22, 21, 2, 1, 13, 23, 4, 14, 25, 24, 15, 9, 8, 18]
Run 28:
Best OCplx: 3.1912572732246383
Best Sequence: [3, 16, 20, 2, 21, 7, 5, 9, 14, 17, 25, 22, 18, 4, 1, 6, 10, 8, 13, 12, 15, 11, 24, 23, 19]
Run 29:
Best OCplx: 3.2260967537937946
Best Sequence: [3, 16, 2, 5, 14, 10, 21, 20, 12, 7, 11, 8, 23, 1, 22, 25, 6, 24, 4, 9, 19, 18, 15, 13, 17]
Run 30:
Best OCplx: 2.9049582134690546
Best Sequence: [16, 12, 4, 8, 10, 2, 3, 21, 19, 17, 9, 1, 11, 20, 6, 23, 7, 25, 5, 15, 14, 22, 24, 13, 18]
UPDATE_GLOBAL_ITER: 200
GAMMA: 0.99
MAX_EP: 3000
thread_count: 3
RL: 5e-05
if_EWM: True

