Run 1:
Best OCplx: 0.38569460791993504
Best Sequence: [1, 39, 22, 15, 36, 8, 35, 32, 14, 27, 12, 38, 45, 23, 13, 2, 37, 31, 41, 25, 34, 5, 9, 24, 3, 26, 7, 21, 44, 4, 19, 6, 30, 42, 18, 11, 10, 43, 33, 28, 20, 16, 40, 17, 29]
Run 2:
Best OCplx: 0.38569460791993504
Best Sequence: [31, 35, 26, 20, 1, 8, 3, 36, 30, 38, 7, 9, 4, 32, 41, 14, 22, 23, 2, 44, 12, 21, 34, 5, 45, 33, 40, 43, 10, 15, 37, 13, 25, 11, 24, 18, 27, 19, 16, 28, 39, 6, 17, 42, 29]
Run 3:
Best OCplx: 0.22498852128662877
Best Sequence: [37, 15, 22, 13, 30, 21, 5, 2, 25, 6, 45, 14, 11, 36, 3, 43, 34, 31, 32, 20, 8, 38, 12, 4, 9, 10, 1, 24, 27, 26, 41, 44, 7, 39, 40, 19, 23, 33, 35, 42, 18, 16, 17, 29, 28]
Run 4:
Best OCplx: 0.32141217326661253
Best Sequence: [25, 26, 5, 9, 33, 34, 3, 22, 36, 7, 10, 44, 35, 31, 32, 15, 2, 45, 24, 37, 11, 27, 4, 30, 43, 6, 19, 38, 39, 1, 13, 20, 40, 41, 21, 23, 28, 8, 42, 18, 12, 16, 17, 14, 29]
Run 5:
Best OCplx: 0.38569460791993504
Best Sequence: [25, 13, 34, 36, 3, 8, 45, 22, 10, 31, 11, 4, 15, 6, 30, 33, 21, 43, 39, 38, 14, 1, 9, 23, 32, 44, 41, 27, 26, 24, 7, 28, 12, 19, 20, 42, 2, 40, 37, 5, 18, 16, 35, 17, 29]
Run 6:
Best OCplx: 0.22498852128662877
Best Sequence: [44, 43, 5, 36, 31, 37, 21, 41, 26, 4, 22, 20, 23, 2, 3, 25, 32, 9, 1, 12, 38, 39, 35, 7, 45, 13, 27, 8, 6, 30, 40, 24, 11, 15, 10, 28, 34, 18, 19, 33, 14, 16, 42, 17, 29]
Run 7:
Best OCplx: 0.2892709559399513
Best Sequence: [2, 38, 25, 23, 33, 4, 43, 39, 11, 20, 41, 44, 5, 30, 3, 35, 34, 15, 31, 36, 8, 45, 12, 24, 6, 14, 22, 32, 37, 9, 42, 26, 21, 13, 10, 18, 1, 19, 7, 27, 16, 40, 17, 28, 29]
Run 8:
Best OCplx: 0.16070608663330627
Best Sequence: [2, 23, 1, 21, 34, 44, 30, 43, 13, 4, 3, 8, 31, 36, 15, 22, 7, 14, 37, 10, 5, 27, 41, 26, 32, 18, 25, 12, 9, 20, 11, 39, 33, 45, 40, 38, 24, 19, 42, 35, 6, 16, 17, 28, 29]
Run 9:
Best OCplx: 0.3535533905932738
Best Sequence: [4, 34, 23, 41, 25, 36, 35, 27, 3, 26, 14, 5, 10, 30, 38, 7, 6, 32, 39, 9, 33, 44, 18, 13, 1, 24, 31, 37, 19, 40, 2, 8, 45, 22, 20, 12, 42, 21, 15, 28, 11, 16, 43, 17, 29]
Run 10:
Best OCplx: 0.25712973861329
Best Sequence: [4, 27, 6, 5, 22, 43, 25, 35, 9, 13, 7, 2, 3, 37, 41, 23, 44, 30, 31, 26, 8, 34, 18, 39, 32, 28, 15, 20, 1, 11, 36, 40, 12, 10, 14, 42, 45, 21, 24, 19, 16, 33, 38, 17, 29]
Run 11:
Best OCplx: 0.22498852128662877
Best Sequence: [33, 6, 14, 32, 30, 27, 31, 12, 36, 7, 22, 34, 37, 1, 9, 4, 2, 43, 20, 38, 10, 35, 25, 26, 11, 13, 23, 24, 21, 44, 39, 45, 41, 8, 5, 3, 18, 19, 40, 15, 28, 42, 16, 17, 29]
Run 12:
Best OCplx: 0.22498852128662877
Best Sequence: [15, 22, 14, 41, 38, 5, 13, 3, 7, 1, 2, 27, 4, 43, 9, 36, 32, 31, 26, 20, 11, 25, 24, 34, 33, 44, 30, 39, 6, 37, 23, 10, 12, 45, 19, 40, 18, 28, 42, 35, 21, 16, 8, 17, 29]
Run 13:
Best OCplx: 0.2892709559399513
Best Sequence: [43, 7, 12, 21, 34, 44, 4, 30, 1, 31, 15, 25, 20, 38, 23, 13, 11, 22, 36, 9, 35, 14, 39, 26, 3, 24, 2, 6, 37, 19, 8, 45, 32, 41, 40, 18, 27, 28, 42, 10, 33, 16, 5, 17, 29]
Run 14:
Best OCplx: 0.19284730395996752
Best Sequence: [35, 12, 22, 26, 30, 14, 23, 21, 37, 27, 25, 1, 43, 13, 10, 32, 5, 33, 39, 15, 24, 20, 8, 45, 3, 34, 38, 44, 19, 9, 41, 18, 31, 42, 11, 36, 2, 4, 16, 7, 6, 40, 17, 29, 28]
Run 15:
Best OCplx: 0.25712973861329
Best Sequence: [34, 11, 22, 1, 8, 31, 15, 12, 35, 6, 43, 4, 21, 25, 23, 24, 10, 20, 36, 7, 26, 40, 18, 13, 5, 27, 3, 39, 45, 30, 32, 33, 9, 19, 2, 16, 44, 17, 29, 37, 14, 38, 42, 41, 28]
Run 16:
Best OCplx: 0.2892709559399513
Best Sequence: [10, 39, 15, 4, 12, 23, 37, 22, 3, 31, 14, 30, 20, 11, 7, 34, 25, 44, 1, 35, 45, 13, 27, 6, 32, 21, 43, 24, 36, 41, 19, 8, 26, 9, 38, 5, 42, 18, 33, 16, 2, 17, 29, 28, 40]
Run 17:
Best OCplx: 0.22498852128662877
Best Sequence: [26, 22, 5, 2, 8, 13, 20, 1, 4, 3, 15, 41, 14, 34, 9, 12, 25, 24, 31, 43, 39, 44, 10, 30, 27, 40, 7, 36, 37, 32, 45, 19, 23, 18, 42, 16, 33, 17, 35, 29, 6, 21, 38, 11, 28]
Run 18:
Best OCplx: 0.3535533905932738
Best Sequence: [41, 36, 43, 4, 12, 11, 39, 25, 13, 8, 30, 34, 10, 37, 5, 45, 6, 26, 44, 32, 35, 42, 2, 27, 20, 1, 22, 23, 9, 31, 7, 14, 40, 3, 38, 21, 28, 24, 33, 18, 19, 15, 16, 17, 29]
Run 19:
Best OCplx: 0.25712973861329
Best Sequence: [22, 43, 33, 6, 1, 2, 5, 23, 8, 25, 13, 14, 41, 12, 26, 10, 36, 11, 9, 4, 44, 21, 24, 15, 39, 27, 20, 7, 40, 18, 30, 45, 42, 38, 35, 34, 37, 19, 3, 32, 31, 28, 16, 17, 29]
Run 20:
Best OCplx: 0.2892709559399513
Best Sequence: [20, 1, 11, 5, 3, 27, 32, 30, 21, 36, 14, 9, 26, 13, 4, 37, 12, 41, 45, 22, 34, 43, 35, 44, 25, 24, 2, 23, 8, 38, 33, 40, 7, 6, 18, 19, 39, 42, 15, 31, 10, 16, 17, 29, 28]
Run 21:
Best OCplx: 0.44997704257325755
Best Sequence: [23, 27, 6, 12, 34, 25, 39, 21, 35, 45, 36, 33, 26, 13, 8, 2, 37, 14, 41, 20, 1, 32, 4, 7, 9, 43, 22, 40, 11, 30, 15, 42, 24, 38, 10, 5, 31, 19, 3, 28, 18, 44, 16, 17, 29]
Run 22:
Best OCplx: 0.2892709559399513
Best Sequence: [26, 7, 14, 2, 5, 3, 23, 34, 33, 11, 8, 21, 43, 25, 22, 9, 24, 38, 27, 39, 20, 31, 19, 15, 44, 40, 30, 13, 37, 4, 42, 6, 35, 32, 36, 1, 10, 41, 45, 12, 28, 18, 16, 17, 29]
Run 23:
Best OCplx: 0.32141217326661253
Best Sequence: [12, 34, 22, 20, 37, 5, 3, 4, 30, 14, 38, 43, 33, 21, 39, 7, 6, 13, 35, 31, 25, 23, 26, 42, 32, 8, 27, 44, 45, 10, 24, 9, 18, 40, 1, 28, 11, 41, 15, 19, 2, 36, 16, 17, 29]
Run 24:
Best OCplx: 0.16070608663330627
Best Sequence: [6, 4, 22, 13, 9, 23, 38, 14, 3, 34, 20, 2, 36, 26, 32, 15, 44, 12, 25, 21, 1, 10, 18, 27, 43, 40, 41, 11, 39, 42, 33, 8, 24, 7, 5, 19, 45, 30, 31, 37, 16, 35, 17, 29, 28]
Run 25:
Best OCplx: 0.25712973861329
Best Sequence: [27, 34, 38, 22, 6, 43, 10, 4, 25, 14, 31, 9, 32, 33, 41, 30, 13, 15, 20, 11, 35, 39, 2, 40, 23, 26, 42, 44, 45, 8, 36, 24, 21, 19, 3, 7, 12, 1, 5, 18, 37, 16, 17, 28, 29]
Run 26:
Best OCplx: 0.22498852128662877
Best Sequence: [26, 20, 38, 2, 6, 5, 30, 44, 35, 4, 41, 13, 3, 10, 11, 37, 34, 23, 43, 15, 21, 25, 33, 32, 12, 7, 1, 14, 36, 31, 39, 27, 8, 40, 9, 24, 18, 19, 42, 45, 16, 22, 17, 29, 28]
Run 27:
Best OCplx: 0.22498852128662877
Best Sequence: [43, 7, 38, 14, 11, 34, 15, 25, 21, 22, 13, 26, 10, 37, 20, 31, 2, 32, 9, 28, 44, 27, 8, 6, 36, 39, 45, 40, 12, 24, 41, 35, 1, 23, 4, 3, 19, 30, 42, 18, 33, 5, 16, 17, 29]
Run 28:
Best OCplx: 0.25712973861329
Best Sequence: [34, 33, 15, 10, 21, 14, 35, 37, 23, 32, 22, 7, 44, 31, 26, 4, 1, 30, 20, 43, 38, 9, 25, 27, 12, 6, 2, 8, 3, 28, 40, 41, 39, 13, 24, 11, 36, 19, 18, 45, 42, 5, 16, 17, 29]
Run 29:
Best OCplx: 0.128564869306645
Best Sequence: [22, 26, 12, 2, 30, 15, 23, 31, 9, 43, 7, 3, 34, 25, 6, 20, 21, 1, 11, 5, 44, 4, 39, 37, 45, 8, 41, 27, 24, 40, 36, 14, 42, 32, 35, 38, 33, 10, 19, 13, 18, 16, 17, 29, 28]
Run 30:
Best OCplx: 0.3535533905932738
Best Sequence: [7, 25, 11, 39, 27, 36, 14, 3, 38, 44, 45, 34, 24, 6, 26, 31, 10, 21, 13, 40, 5, 43, 30, 42, 15, 12, 41, 32, 4, 19, 22, 1, 9, 2, 8, 35, 37, 33, 28, 23, 20, 18, 16, 17, 29]
