Run 1:
Best OCplx: 0.7043196619959253
Best Sequence: [1, 20, 11, 3, 15, 14, 16, 26, 10, 18, 36, 35, 23, 32, 2, 34, 24, 17, 39, 29, 33, 38, 22, 21, 30, 31, 7, 28, 5, 19, 37, 8, 12, 27, 25, 9, 13, 6, 4]
Run 2:
Best OCplx: 0.6654176119529895
Best Sequence: [32, 36, 1, 26, 23, 29, 20, 34, 24, 15, 3, 5, 17, 2, 11, 30, 10, 21, 19, 35, 8, 27, 39, 28, 18, 31, 7, 33, 22, 13, 25, 16, 37, 14, 38, 12, 9, 6, 4]
Run 3:
Best OCplx: 0.7718262647825173
Best Sequence: [28, 21, 18, 17, 7, 13, 19, 16, 34, 23, 5, 36, 3, 8, 1, 11, 30, 20, 10, 2, 35, 15, 25, 38, 29, 39, 33, 26, 32, 27, 22, 31, 14, 37, 24, 12, 9, 6, 4]
Run 4:
Best OCplx: 0.7761596415507902
Best Sequence: [24, 36, 27, 39, 21, 28, 13, 29, 19, 22, 7, 32, 17, 16, 8, 11, 38, 31, 10, 34, 33, 23, 20, 35, 5, 2, 3, 14, 1, 12, 15, 30, 25, 26, 37, 18, 9, 6, 4]
Run 5:
Best OCplx: 0.7264995259300855
Best Sequence: [24, 30, 21, 11, 38, 12, 19, 17, 39, 26, 27, 15, 36, 32, 10, 33, 16, 20, 14, 3, 13, 28, 35, 25, 34, 5, 31, 2, 23, 7, 29, 8, 22, 1, 18, 37, 9, 6, 4]
Run 6:
Best OCplx: 0.7798534901325841
Best Sequence: [11, 27, 28, 1, 20, 7, 36, 5, 21, 17, 10, 24, 23, 26, 33, 29, 34, 18, 15, 13, 37, 35, 31, 38, 14, 19, 2, 30, 3, 22, 32, 8, 12, 25, 39, 16, 9, 6, 4]
Run 7:
Best OCplx: 0.8010030974989619
Best Sequence: [33, 3, 36, 38, 26, 24, 16, 34, 22, 11, 8, 1, 20, 7, 39, 23, 27, 30, 15, 17, 35, 13, 19, 2, 5, 29, 31, 18, 32, 28, 10, 25, 14, 37, 21, 9, 6, 4, 12]
Run 8:
Best OCplx: 0.6762873892250577
Best Sequence: [20, 31, 22, 17, 36, 23, 7, 29, 11, 21, 12, 3, 38, 8, 15, 32, 10, 24, 5, 2, 34, 18, 28, 16, 30, 39, 19, 25, 13, 14, 1, 26, 27, 35, 33, 37, 9, 6, 4]
Run 9:
Best OCplx: 0.6654176119529894
Best Sequence: [11, 13, 20, 36, 17, 16, 7, 10, 32, 15, 18, 2, 39, 22, 3, 8, 23, 24, 25, 30, 14, 19, 27, 29, 34, 35, 33, 5, 31, 28, 21, 12, 9, 26, 37, 1, 6, 4, 38]
Run 10:
Best OCplx: 0.703184526021319
Best Sequence: [14, 27, 8, 11, 24, 20, 2, 15, 3, 32, 13, 18, 34, 39, 1, 36, 21, 38, 28, 22, 10, 33, 29, 12, 17, 35, 31, 26, 19, 30, 5, 37, 23, 7, 25, 9, 16, 6, 4]
Run 11:
Best OCplx: 0.7784434590879734
Best Sequence: [11, 23, 1, 30, 20, 36, 34, 33, 28, 3, 10, 38, 2, 7, 31, 35, 15, 21, 17, 14, 16, 13, 5, 26, 27, 24, 29, 19, 39, 37, 22, 12, 25, 8, 32, 9, 6, 4, 18]
Run 12:
Best OCplx: 0.7532849510320477
Best Sequence: [23, 16, 8, 21, 22, 17, 38, 36, 14, 2, 20, 34, 7, 30, 1, 24, 19, 3, 39, 5, 11, 27, 26, 10, 18, 32, 28, 25, 33, 29, 37, 13, 12, 31, 15, 35, 9, 6, 4]
Run 13:
Best OCplx: 0.9337366071519624
Best Sequence: [24, 11, 23, 17, 7, 32, 34, 20, 5, 10, 18, 16, 30, 13, 1, 2, 15, 35, 27, 19, 33, 28, 39, 37, 25, 38, 8, 22, 26, 31, 3, 29, 14, 21, 12, 9, 6, 36, 4]
Run 14:
Best OCplx: 0.7375053954019181
Best Sequence: [39, 17, 24, 5, 28, 38, 16, 30, 3, 2, 20, 36, 13, 11, 7, 22, 19, 10, 1, 18, 21, 34, 26, 23, 15, 14, 35, 33, 29, 27, 8, 25, 32, 37, 12, 31, 9, 6, 4]
Run 15:
Best OCplx: 0.8683777297027891
Best Sequence: [11, 8, 15, 26, 38, 23, 36, 16, 20, 32, 39, 10, 3, 21, 13, 34, 35, 29, 22, 31, 14, 25, 17, 7, 2, 5, 30, 24, 19, 33, 28, 18, 12, 37, 1, 9, 27, 6, 4]
Run 16:
Best OCplx: 0.7043196619959253
Best Sequence: [17, 26, 28, 1, 23, 16, 11, 20, 5, 10, 29, 22, 38, 30, 24, 21, 36, 33, 7, 2, 39, 3, 19, 8, 18, 31, 15, 27, 34, 25, 32, 14, 35, 37, 12, 13, 9, 6, 4]
Run 17:
Best OCplx: 0.7294917156398215
Best Sequence: [7, 3, 27, 39, 36, 20, 18, 38, 13, 2, 28, 11, 15, 8, 35, 14, 30, 22, 10, 17, 29, 34, 33, 26, 16, 31, 19, 1, 32, 24, 25, 23, 5, 21, 37, 12, 9, 6, 4]
Run 18:
Best OCplx: 0.8620850114760581
Best Sequence: [23, 36, 30, 29, 21, 3, 24, 17, 15, 14, 19, 25, 22, 32, 16, 31, 20, 38, 18, 13, 33, 26, 5, 1, 2, 11, 35, 27, 34, 39, 7, 28, 8, 37, 10, 12, 9, 6, 4]
Run 19:
Best OCplx: 0.7275229502103926
Best Sequence: [39, 34, 13, 27, 11, 32, 1, 17, 26, 24, 19, 20, 38, 28, 15, 8, 30, 10, 5, 22, 36, 14, 29, 16, 35, 7, 25, 23, 31, 3, 18, 33, 2, 37, 21, 12, 9, 6, 4]
Run 20:
Best OCplx: 0.7930607875675557
Best Sequence: [2, 25, 23, 20, 36, 11, 7, 39, 3, 24, 10, 31, 16, 33, 26, 29, 5, 15, 27, 1, 28, 32, 34, 21, 30, 13, 14, 35, 8, 19, 17, 22, 37, 18, 38, 12, 9, 6, 4]
Run 21:
Best OCplx: 0.7518076717737461
Best Sequence: [1, 11, 21, 16, 2, 13, 20, 33, 19, 36, 27, 10, 15, 39, 17, 29, 7, 23, 32, 5, 35, 12, 24, 3, 14, 26, 8, 18, 38, 34, 30, 25, 28, 37, 31, 22, 9, 6, 4]
Run 22:
Best OCplx: 0.7306403972023983
Best Sequence: [16, 28, 21, 27, 1, 34, 17, 20, 36, 35, 22, 30, 38, 26, 39, 13, 32, 15, 11, 24, 2, 29, 14, 23, 19, 8, 3, 12, 7, 5, 18, 25, 10, 33, 37, 31, 9, 6, 4]
Run 23:
Best OCplx: 0.7807272766251565
Best Sequence: [21, 26, 27, 19, 20, 7, 13, 11, 39, 15, 17, 22, 5, 12, 3, 34, 36, 32, 25, 18, 8, 24, 16, 30, 38, 29, 2, 10, 1, 28, 35, 33, 31, 23, 37, 9, 6, 4, 14]
Run 24:
Best OCplx: 0.7220544374675132
Best Sequence: [16, 7, 21, 2, 20, 34, 36, 19, 18, 11, 10, 3, 8, 15, 29, 17, 28, 22, 35, 32, 30, 12, 24, 39, 31, 26, 25, 13, 38, 33, 23, 27, 5, 37, 14, 9, 1, 6, 4]
Run 25:
Best OCplx: 0.720919301492907
Best Sequence: [27, 7, 11, 22, 38, 39, 36, 20, 10, 5, 35, 29, 23, 13, 28, 2, 32, 33, 21, 16, 3, 15, 8, 30, 37, 14, 34, 17, 18, 26, 24, 25, 31, 1, 19, 12, 9, 6, 4]
Run 26:
Best OCplx: 0.8184941906934861
Best Sequence: [27, 2, 39, 28, 11, 20, 14, 34, 38, 16, 22, 24, 15, 32, 8, 30, 10, 33, 13, 19, 17, 31, 21, 23, 5, 12, 1, 25, 18, 36, 7, 26, 35, 29, 37, 3, 9, 6, 4]
Run 27:
Best OCplx: 0.7153146965502633
Best Sequence: [21, 1, 36, 2, 15, 16, 23, 20, 32, 38, 11, 7, 29, 8, 3, 22, 27, 17, 13, 18, 28, 39, 10, 5, 33, 34, 31, 30, 24, 9, 26, 25, 12, 19, 37, 35, 14, 6, 4]
Run 28:
Best OCplx: 0.7220679830554837
Best Sequence: [21, 26, 29, 22, 24, 20, 14, 3, 1, 30, 11, 2, 17, 27, 23, 32, 38, 15, 36, 19, 39, 10, 16, 5, 18, 8, 28, 31, 7, 34, 12, 35, 25, 13, 37, 33, 9, 6, 4]
Run 29:
Best OCplx: 0.834765232494743
Best Sequence: [22, 18, 7, 33, 38, 17, 36, 30, 1, 29, 26, 27, 24, 8, 20, 21, 11, 19, 28, 34, 39, 15, 12, 14, 32, 13, 37, 23, 10, 31, 35, 5, 3, 2, 16, 25, 9, 6, 4]
Run 30:
Best OCplx: 0.7483751726739862
Best Sequence: [36, 24, 27, 33, 30, 13, 29, 2, 1, 20, 32, 3, 15, 14, 26, 11, 5, 31, 7, 10, 35, 22, 17, 34, 37, 23, 38, 21, 19, 12, 9, 28, 18, 8, 25, 6, 4, 39, 16]
Learning Rate: 0.0001
Epsilon: 0.1
Gamma: 0.99
Reward Version: v2

Mean: 0.7568
Min: 0.6654
Max: 0.9337
Std: 0.0608