Run 1:
Best OCplx: 0.32141217326661253
Best Sequence: [11, 9, 13, 8, 10, 23, 6, 1, 16, 5, 7, 22, 19, 21, 17, 18, 12, 14, 4, 2, 20, 3, 15]
Run 2:
Best OCplx: 0.2892709559399513
Best Sequence: [6, 11, 21, 9, 12, 16, 8, 17, 23, 7, 1, 10, 20, 5, 22, 4, 2, 13, 3, 15, 14, 19, 18]
Run 3:
Best OCplx: 0.3535533905932738
Best Sequence: [9, 21, 11, 8, 12, 16, 1, 13, 6, 7, 23, 22, 14, 10, 5, 4, 18, 2, 17, 20, 19, 3, 15]
Run 4:
Best OCplx: 0.32141217326661253
Best Sequence: [11, 16, 10, 12, 21, 13, 8, 22, 9, 6, 5, 19, 23, 18, 17, 14, 20, 7, 1, 4, 2, 3, 15]
Run 5:
Best OCplx: 0.51425947722658
Best Sequence: [13, 11, 23, 16, 7, 8, 9, 6, 10, 5, 1, 12, 17, 20, 22, 4, 14, 19, 21, 18, 2, 3, 15]
Run 6:
Best OCplx: 0.25712973861329
Best Sequence: [1, 22, 9, 18, 8, 19, 21, 13, 16, 11, 7, 12, 14, 17, 20, 10, 23, 6, 5, 4, 2, 3, 15]
Run 7:
Best OCplx: 0.38569460791993504
Best Sequence: [18, 22, 19, 6, 21, 11, 17, 16, 23, 10, 8, 5, 20, 7, 13, 12, 1, 9, 4, 14, 2, 3, 15]
Run 8:
Best OCplx: 0.32141217326661253
Best Sequence: [7, 1, 11, 21, 8, 16, 17, 20, 22, 13, 23, 6, 19, 12, 14, 10, 18, 5, 9, 4, 2, 3, 15]
Run 9:
Best OCplx: 0.16070608663330627
Best Sequence: [8, 6, 22, 16, 11, 12, 21, 7, 9, 10, 1, 19, 13, 17, 23, 18, 20, 5, 4, 2, 3, 14, 15]
Run 10:
Best OCplx: 0.2892709559399513
Best Sequence: [11, 1, 8, 12, 7, 6, 10, 21, 19, 17, 22, 14, 9, 23, 18, 20, 13, 5, 4, 16, 2, 3, 15]
Run 11:
Best OCplx: 0.128564869306645
Best Sequence: [11, 21, 8, 19, 10, 17, 22, 23, 13, 18, 1, 12, 7, 16, 20, 9, 6, 5, 4, 2, 3, 15, 14]
Run 12:
Best OCplx: 0.32141217326661253
Best Sequence: [19, 11, 8, 6, 10, 21, 5, 7, 1, 17, 20, 9, 16, 23, 13, 22, 18, 14, 12, 4, 2, 3, 15]
Run 13:
Best OCplx: 0.22498852128662877
Best Sequence: [21, 1, 17, 13, 18, 9, 23, 8, 11, 6, 16, 12, 22, 19, 10, 7, 5, 4, 20, 2, 3, 15, 14]
Run 14:
Best OCplx: 0.6428243465332248
Best Sequence: [18, 9, 11, 16, 21, 5, 14, 22, 8, 19, 12, 10, 6, 1, 13, 7, 17, 20, 4, 23, 2, 3, 15]
Run 15:
Best OCplx: 0.4178358252465963
Best Sequence: [18, 16, 21, 7, 11, 22, 8, 23, 1, 10, 12, 5, 9, 14, 19, 17, 20, 13, 4, 2, 6, 3, 15]
Run 16:
Best OCplx: 0.25712973861329
Best Sequence: [19, 8, 6, 7, 1, 16, 11, 22, 21, 12, 13, 18, 10, 20, 17, 9, 23, 5, 4, 2, 3, 15, 14]
Run 17:
Best OCplx: 0.25712973861329
Best Sequence: [13, 12, 8, 21, 11, 6, 9, 16, 7, 22, 1, 10, 19, 17, 18, 20, 5, 4, 14, 23, 2, 3, 15]
Run 18:
Best OCplx: 0.25712973861329
Best Sequence: [19, 9, 21, 1, 11, 10, 13, 17, 12, 22, 16, 20, 4, 7, 6, 8, 23, 5, 18, 2, 3, 15, 14]
Run 19:
Best OCplx: 0.44997704257325755
Best Sequence: [9, 12, 22, 11, 23, 16, 21, 10, 18, 13, 20, 5, 8, 7, 1, 14, 19, 4, 17, 2, 6, 3, 15]
Run 20:
Best OCplx: 0.32141217326661253
Best Sequence: [13, 19, 22, 11, 18, 12, 21, 7, 6, 8, 17, 16, 20, 1, 9, 10, 23, 14, 5, 4, 2, 3, 15]
Run 21:
Best OCplx: 0.32141217326661253
Best Sequence: [21, 12, 16, 13, 8, 18, 6, 19, 11, 1, 7, 22, 10, 9, 17, 4, 23, 5, 2, 20, 14, 3, 15]
Run 22:
Best OCplx: 0.4178358252465963
Best Sequence: [12, 8, 9, 11, 18, 21, 13, 17, 22, 6, 16, 19, 1, 7, 20, 5, 23, 10, 4, 2, 3, 15, 14]
Run 23:
Best OCplx: 0.38569460791993504
Best Sequence: [22, 8, 19, 16, 20, 9, 21, 17, 7, 11, 1, 12, 23, 10, 6, 13, 4, 5, 14, 18, 2, 3, 15]
Run 24:
Best OCplx: 0.2892709559399513
Best Sequence: [11, 8, 23, 13, 12, 7, 10, 16, 1, 6, 21, 9, 18, 22, 19, 17, 4, 5, 2, 3, 15, 20, 14]
Run 25:
Best OCplx: 0.32141217326661253
Best Sequence: [8, 19, 13, 11, 23, 7, 1, 18, 10, 5, 16, 9, 21, 17, 6, 12, 4, 2, 3, 14, 20, 15, 22]
Run 26:
Best OCplx: 0.4821182598999188
Best Sequence: [6, 22, 9, 23, 13, 11, 18, 21, 19, 12, 8, 10, 1, 5, 4, 2, 20, 16, 17, 3, 7, 14, 15]
Run 27:
Best OCplx: 0.4178358252465963
Best Sequence: [16, 11, 19, 18, 6, 13, 22, 20, 7, 21, 10, 5, 9, 12, 4, 17, 1, 8, 23, 2, 3, 14, 15]
Run 28:
Best OCplx: 0.32141217326661253
Best Sequence: [13, 1, 19, 18, 21, 6, 12, 11, 7, 10, 17, 5, 20, 9, 4, 16, 8, 23, 2, 3, 14, 15, 22]
Run 29:
Best OCplx: 0.44997704257325755
Best Sequence: [13, 8, 11, 10, 18, 9, 12, 22, 16, 14, 6, 21, 7, 20, 5, 1, 4, 17, 19, 23, 2, 3, 15]
Run 30:
Best OCplx: 0.4178358252465963
Best Sequence: [19, 1, 17, 7, 12, 11, 8, 16, 6, 18, 20, 13, 21, 10, 22, 14, 23, 9, 4, 5, 2, 3, 15]
