1	8	1
1	17	1
1	21	12	
1	46	1
2	8	1
2	17	1
2	21	12	
2	46	1
3	4	1
3	12	5
3	25	1
3	30	0
3	32	8
3	46	2
4	8	1
4	21	12	
4	46	1
5	28	0
6	8	1
6	21	12
6	46	1
7	8	1
7	21	12
7	46	1
11	8	1
11	21	12
11	46	1
12	7	0
12	9	2
12	10	1
12	11	0
12	14	0
12	21	12
12	25	1
12	28	0
12	31	2	
12	32	8
12	35	4
12	37	9
12	46	1
12	51	6
12	55	7
12	60	0
14	21	12
16	8	1
16	21	12
16	46	1
18	8	1
18	13	1
18	21	12
18	28	0
18	46	1
19	8	1
19	21	12
19	46	1
19	49	0
20	10	1
20	21	12
20	25	1
20	32	8
20	44	0
21	5	2
21	8	1
21	11	0
21	28	0
21	49	0
22	46	4
22	47	1
23	8	1
23	21	12
23	28	0
23	46	1
24	8	1
24	21	12
24	46	1
25	8	1
25	21	12
25	46	1
26	8	1
26	21	12	
26	46	1
29	8	1
29	21	12
29	46	1
30	8	1
30	21	12
30	46	1
32	8	1
32	10	1
32	21	12
32	28	0
32	36	2
32	44	0
32	46	1
32	48	1
32	58	9
33	38	10
33	52	7
33	55	7
33	60	0
33	61	0
34	8	1
34	46	1
35	13	1
35	21	12
35	25	1
35	46	1
37	7	0
37	11	0
37	35	4
38	14	0
38	15	1
38	21	12
38	25	1
38	28	0
38	29	1
38	31	1
38	32	8
38	33	4
38	36	4
38	39	7
38	42	1
38	46	1
38	48	1
38	49	0
38	55	7
38	61	0
39	8	1
40	8	1
41	8	1
41	31	0
41	46	1
41	58	9
42	10	1
42	25	1
42	28	0
42	31	6
42	32	8
42	36	1
42	43	7
42	55	7
43	8	1
43	31	1
43	46	1
45	8	1
45	21	12
45	46	1
47	46	1
48	8	1
48	21	12
50	7	0
50	9	1
50	10	1
50	11	0
50	20	6
50	21	12
50	25	1
50	28	0
50	32	8
50	35	4
50	36	2
50	37	9
50	39	7
50	46	6
50	47	1
50	55	7
50	60	0
51	7	0
51	9	8
51	11	0
51	13	1
51	15	1
51	20	6
51	21	12	
51	31	2
51	35	4
51	36	3
51	37	9
51	39	7
51	46	8
51	47	1
51	55	7
51	59	0
52	14	0
52	21	12
52	28	0
52	31	2
52	33	4
52	38	10
52	55	7
52	61	0
53	15	0
53	27	0
53	31	0
53	36	0
54	8	1
54	21	12
54	46	1
55	8	1
55	10	1
55	15	1
55	21	12
55	25	1
55	27	2
55	29	1
55	36	4
55	43	7
55	46	2
56	8	1
56	21	12
56	46	1
57	8	1
57	21	12
57	46	1
58	8	1
58	28	0
58	44	0
58	46	1
59	35	0
60	21	0
60	55	0
60	61	0
61	55	0