1	8	1
1	17	4
1	21	2
1	46	0
2	8	1
2	17	4
2	21	1
2	46	0
3	4	1
3	12	2
3	25	1
3	30	1
3	32	1
3	46	0
4	8	1
4	21	1
4	46	0
5	28	1
6	8	1
6	21	5
6	46	0
7   8   1
7   21  1
7   46  0
11	8	1
11	21	1
11	46	0
12	7	1
12	9	0
12	10	0
12	11	1
12	14	1
12	21	6
12	25	1
12	28	1
12	31	0
12	32	2
12	35	2
12	37	9
12	46	2
12	51	4
12	55	3
12	60	2
14	21	6
16	8	1
16	21	1
16	46	0
18	8	1
18	13	0
18	21	1
18	28	1
18	46	0
19	8	1
19	21	1
19	46	0
19	49	1
20	10	1
20	21	2
20	25	1
20	32	4
20	44	1
20	46	1
21	5	8
21	8	3
21	11	1
21	28	1
21	49	1
22	46	0
22	47	6
23	8	1
23	21	2
23	28	1
23	46	0
24	8	1
24	21	1
24	46	0
25	8	1
25	21	5
25	46	0
26	8	1
26	21	5
26	46	2
29	8	1
29	21	2
29	46	1
30	8	1
30	21	1
30	46	0
32	8	1
32	10	1
32	21	3
32	28	1
32	36	0
32	44	1
32	46	1
32	48	3
32	58	2
33	38	1
33	52	1
33	55	1
33	60	2
33	61	2
34	8	1
34	46	0
35	13	0
35	21	1
35	25	1
35	46	0
37	7	1
37	11	1
37	35	1
38	14	1
38	15	0
38	21	1
38	25	1
38	28	1
38	29	2
38	31	1
38	32	1
38	33	1
38	36	0
38	39	1
38	42	1
38	46	0
38	48	1
38	49	1
38	55	9
38	61	0
39	8	1
39	44	1
39	46	0
40	8	1
40	46	0
41	8	1
41	31	1
41	46	0
41	58	2
42	10	0
42	25	1
42	28	1
42	31	0
42	32	1
42	36	0
42	43	9
42	55	4
43	8	1
43	31	1
43	46	0
45	8	1
45	21	1
45	46	0
47	46	0
48	8	1
48	21	1
50	7	1
50	9	0
50	10	0
50	11	1
50	20	2
50	21	6
50	25	1
50	28	1
50	32	5
50	35	6
50	36	0
50	37	6
50	39	1
50	46	0
50	47	2
50	55	3
50	60	2
51	7	1
51	9	0
51	11	1
51	13	0
51	15	0
51	20	2
51	21	5
51	31	0
51	35	10
51	36	0
51	36	7
51	39	4
51	46	2
51	47	2
51	55	4
51	59	1
52	14	1
52	21	1
52	28	1
52	31	0
52	33	1
52	38	2
52	55	3
52	61	2
53	15	1
53	27	1
53	31	1
53	36	1
54	8	1
54	21	1
54	46	0
55	8	1
55	10	1
55	15	0
55	21	2
55	25	1
55	27	0
55	29	3
55	36	2
55	43	1
55	46	1
56	8	1
56	21	5
56	46	0
57	8	1
57	21	1
57	46	0
58	8	1
58	28	1
58	44	1
58	46	2
59	35	0
60	21	0
60	55	0
60	61	0
61	55	0