Run 1:
Best OCplx: 0.128564869306645
Best Sequence: [8, 12, 6, 11, 22, 9, 21, 16, 1, 17, 13, 23, 18, 10, 19, 7, 5, 20, 4, 2, 3, 15, 14]
Run 2:
Best OCplx: 0.128564869306645
Best Sequence: [11, 8, 16, 22, 13, 12, 6, 10, 9, 1, 21, 17, 19, 4, 23, 18, 7, 5, 2, 20, 3, 15, 14]
Run 3:
Best OCplx: 0.128564869306645
Best Sequence: [19, 11, 1, 13, 7, 16, 8, 9, 21, 6, 12, 17, 4, 10, 5, 22, 23, 2, 18, 20, 3, 15, 14]
Run 4:
Best OCplx: 0.128564869306645
Best Sequence: [19, 16, 7, 9, 12, 11, 8, 1, 21, 13, 10, 5, 22, 17, 6, 23, 18, 4, 2, 3, 20, 15, 14]
Run 5:
Best OCplx: 0.128564869306645
Best Sequence: [8, 9, 6, 7, 16, 13, 12, 22, 11, 1, 21, 17, 10, 5, 19, 4, 23, 18, 2, 3, 20, 15, 14]
Run 6:
Best OCplx: 0.16070608663330627
Best Sequence: [9, 8, 12, 21, 19, 13, 11, 6, 16, 1, 22, 17, 23, 7, 10, 5, 4, 18, 2, 20, 3, 14, 15]
Run 7:
Best OCplx: 0.128564869306645
Best Sequence: [11, 22, 21, 17, 10, 12, 1, 13, 9, 8, 23, 19, 16, 5, 18, 4, 6, 7, 20, 2, 3, 15, 14]
Run 8:
Best OCplx: 0.128564869306645
Best Sequence: [8, 1, 7, 11, 21, 6, 12, 13, 9, 22, 16, 17, 19, 23, 10, 4, 5, 2, 3, 18, 15, 14, 20]
Run 9:
Best OCplx: 0.128564869306645
Best Sequence: [8, 6, 7, 21, 12, 16, 11, 13, 9, 4, 10, 1, 5, 17, 19, 2, 22, 3, 23, 18, 20, 15, 14]
Run 10:
Best OCplx: 0.128564869306645
Best Sequence: [13, 7, 12, 1, 8, 22, 11, 9, 6, 19, 16, 4, 10, 21, 17, 5, 2, 23, 18, 20, 3, 15, 14]
Run 11:
Best OCplx: 0.128564869306645
Best Sequence: [21, 9, 19, 12, 8, 1, 11, 17, 10, 5, 22, 16, 23, 6, 7, 13, 18, 4, 2, 20, 3, 15, 14]
Run 12:
Best OCplx: 0.128564869306645
Best Sequence: [11, 22, 21, 1, 12, 9, 16, 4, 8, 10, 7, 17, 19, 23, 13, 6, 5, 18, 2, 20, 3, 15, 14]
Run 13:
Best OCplx: 0.128564869306645
Best Sequence: [8, 21, 7, 11, 9, 12, 16, 19, 10, 17, 22, 6, 1, 23, 18, 4, 13, 5, 2, 20, 3, 15, 14]
Run 14:
Best OCplx: 0.128564869306645
Best Sequence: [21, 11, 9, 8, 6, 12, 19, 1, 7, 10, 16, 22, 17, 23, 18, 5, 13, 4, 2, 3, 15, 14, 20]
Run 15:
Best OCplx: 0.128564869306645
Best Sequence: [1, 11, 8, 13, 21, 12, 16, 7, 10, 6, 9, 17, 22, 4, 5, 19, 23, 18, 2, 3, 15, 20, 14]
Run 16:
Best OCplx: 0.128564869306645
Best Sequence: [12, 9, 7, 8, 16, 13, 22, 21, 1, 11, 6, 17, 19, 10, 23, 5, 4, 18, 20, 2, 3, 15, 14]
Run 17:
Best OCplx: 0.128564869306645
Best Sequence: [1, 22, 8, 21, 6, 16, 12, 13, 9, 7, 17, 19, 23, 11, 10, 18, 5, 4, 2, 3, 15, 20, 14]
Run 18:
Best OCplx: 0.128564869306645
Best Sequence: [12, 9, 8, 11, 16, 10, 6, 21, 1, 22, 13, 7, 17, 23, 5, 19, 4, 18, 2, 20, 3, 15, 14]
Run 19:
Best OCplx: 0.128564869306645
Best Sequence: [16, 21, 17, 9, 8, 22, 11, 1, 7, 12, 19, 6, 13, 10, 23, 18, 5, 20, 4, 2, 3, 15, 14]
Run 20:
Best OCplx: 0.128564869306645
Best Sequence: [22, 8, 12, 9, 7, 19, 16, 21, 17, 1, 11, 13, 6, 10, 23, 5, 4, 2, 18, 3, 15, 14, 20]
Run 21:
Best OCplx: 0.16070608663330627
Best Sequence: [9, 22, 8, 11, 21, 16, 6, 10, 1, 17, 23, 13, 7, 12, 4, 5, 18, 19, 20, 2, 3, 14, 15]
Run 22:
Best OCplx: 0.128564869306645
Best Sequence: [21, 16, 7, 17, 13, 8, 12, 1, 6, 9, 22, 11, 19, 23, 10, 5, 4, 18, 2, 3, 20, 15, 14]
Run 23:
Best OCplx: 0.128564869306645
Best Sequence: [9, 8, 16, 21, 22, 11, 1, 12, 13, 7, 17, 19, 6, 23, 18, 10, 4, 20, 5, 2, 3, 15, 14]
Run 24:
Best OCplx: 0.128564869306645
Best Sequence: [11, 19, 22, 1, 9, 8, 13, 12, 7, 21, 17, 6, 23, 18, 10, 5, 16, 20, 4, 2, 3, 15, 14]
Run 25:
Best OCplx: 0.128564869306645
Best Sequence: [22, 13, 11, 8, 1, 12, 6, 9, 16, 21, 17, 4, 10, 7, 23, 5, 18, 2, 19, 20, 3, 15, 14]
Run 26:
Best OCplx: 0.128564869306645
Best Sequence: [7, 11, 13, 16, 8, 19, 21, 9, 6, 1, 12, 17, 22, 4, 23, 10, 18, 20, 5, 2, 3, 15, 14]
Run 27:
Best OCplx: 0.128564869306645
Best Sequence: [16, 22, 9, 8, 7, 1, 12, 13, 6, 11, 10, 5, 21, 17, 23, 4, 18, 19, 2, 20, 3, 15, 14]
Run 28:
Best OCplx: 0.128564869306645
Best Sequence: [12, 8, 16, 1, 21, 9, 19, 11, 13, 22, 17, 23, 6, 10, 5, 18, 4, 7, 2, 3, 15, 14, 20]
Run 29:
Best OCplx: 0.128564869306645
Best Sequence: [1, 9, 21, 8, 12, 11, 16, 13, 10, 7, 6, 17, 5, 19, 4, 23, 22, 18, 20, 2, 3, 15, 14]
Run 30:
Best OCplx: 0.128564869306645
Best Sequence: [8, 22, 13, 1, 21, 11, 12, 9, 17, 6, 16, 19, 10, 5, 4, 7, 2, 23, 18, 3, 20, 15, 14]
