Run 1:
Best OCplx: 2.1717097410613286
Best Sequence: [16, 7, 20, 8, 2, 3, 21, 1, 19, 17, 18, 9, 6, 4, 10, 11, 14, 13, 5, 15, 12]
Run 2:
Best OCplx: 2.4281330792938127
Best Sequence: [17, 6, 2, 7, 20, 21, 8, 9, 16, 10, 5, 19, 18, 14, 1, 11, 4, 15, 12, 13, 3]
Run 3:
Best OCplx: 2.6988357791559543
Best Sequence: [20, 1, 16, 3, 17, 2, 6, 21, 8, 4, 19, 18, 5, 9, 14, 7, 10, 11, 12, 15, 13]
Run 4:
Best OCplx: 2.6058773903591996
Best Sequence: [16, 6, 17, 21, 20, 9, 7, 8, 3, 4, 10, 5, 1, 18, 2, 11, 19, 14, 12, 13, 15]
Run 5:
Best OCplx: 3.289636208374923
Best Sequence: [8, 9, 20, 10, 19, 17, 21, 4, 18, 6, 3, 5, 16, 1, 12, 15, 14, 2, 11, 7, 13]
Run 6:
Best OCplx: 2.327117824838592
Best Sequence: [2, 17, 21, 20, 18, 16, 4, 7, 8, 9, 5, 1, 19, 6, 10, 3, 14, 12, 15, 13, 11]
Run 7:
Best OCplx: 3.00853496237528
Best Sequence: [16, 5, 4, 19, 6, 21, 20, 8, 9, 18, 1, 10, 3, 17, 11, 2, 14, 7, 13, 15, 12]
Run 8:
Best OCplx: 2.27272499551655
Best Sequence: [7, 17, 6, 20, 16, 18, 1, 21, 2, 3, 8, 9, 5, 10, 14, 19, 4, 13, 12, 11, 15]
Run 9:
Best OCplx: 2.27272499551655
Best Sequence: [20, 17, 7, 21, 5, 16, 4, 1, 2, 3, 6, 8, 9, 10, 14, 13, 19, 11, 18, 12, 15]
Run 10:
Best OCplx: 2.1717097410613286
Best Sequence: [7, 20, 21, 16, 6, 8, 9, 17, 1, 10, 4, 19, 14, 18, 2, 11, 3, 15, 5, 13, 12]
Run 11:
Best OCplx: 2.819507406421992
Best Sequence: [6, 3, 16, 8, 21, 17, 20, 19, 18, 4, 9, 1, 14, 10, 15, 13, 2, 11, 7, 5, 12]
Run 12:
Best OCplx: 2.3737402499717706
Best Sequence: [17, 20, 6, 8, 18, 21, 9, 16, 7, 2, 10, 3, 5, 4, 11, 19, 14, 1, 15, 12, 13]
Run 13:
Best OCplx: 2.3737402499717706
Best Sequence: [20, 19, 17, 8, 5, 16, 18, 1, 21, 2, 6, 3, 9, 10, 11, 7, 14, 4, 13, 15, 12]
Run 14:
Best OCplx: 2.1717097410613286
Best Sequence: [16, 20, 21, 2, 7, 8, 18, 3, 9, 1, 17, 19, 10, 5, 11, 14, 4, 15, 6, 13, 12]
Run 15:
Best OCplx: 2.6128321105528776
Best Sequence: [21, 20, 18, 2, 6, 17, 19, 16, 9, 8, 10, 3, 13, 1, 5, 7, 14, 11, 12, 4, 15]
Run 16:
Best OCplx: 2.5496203905550363
Best Sequence: [16, 7, 21, 20, 3, 5, 8, 1, 9, 6, 17, 10, 14, 2, 19, 12, 18, 15, 4, 13, 11]
Run 17:
Best OCplx: 2.6738689315351203
Best Sequence: [20, 21, 8, 7, 9, 19, 17, 13, 4, 18, 6, 16, 2, 10, 11, 12, 1, 3, 5, 15, 14]
Run 18:
Best OCplx: 2.3874536384716105
Best Sequence: [17, 19, 20, 16, 2, 3, 6, 1, 18, 21, 4, 5, 8, 7, 9, 10, 11, 14, 12, 13, 15]
Run 19:
Best OCplx: 2.1717097410613286
Best Sequence: [20, 16, 8, 7, 21, 19, 1, 2, 3, 17, 9, 18, 10, 14, 11, 6, 13, 5, 4, 15, 12]
Run 20:
Best OCplx: 2.3737402499717706
Best Sequence: [17, 20, 21, 8, 9, 16, 2, 6, 19, 3, 5, 4, 18, 1, 10, 11, 7, 13, 14, 15, 12]
Run 21:
Best OCplx: 2.6031975358818924
Best Sequence: [17, 21, 5, 8, 20, 16, 7, 18, 9, 2, 6, 4, 10, 13, 19, 11, 1, 3, 15, 12, 14]
Run 22:
Best OCplx: 2.8404252259808778
Best Sequence: [21, 20, 8, 5, 9, 18, 10, 15, 11, 6, 12, 1, 4, 13, 16, 7, 19, 17, 2, 3, 14]
Run 23:
Best OCplx: 2.8226330236521826
Best Sequence: [2, 17, 20, 18, 3, 21, 1, 19, 9, 8, 4, 10, 5, 16, 11, 6, 15, 14, 7, 12, 13]
Run 24:
Best OCplx: 2.434891747599975
Best Sequence: [21, 7, 16, 3, 20, 19, 1, 8, 9, 10, 2, 14, 17, 5, 11, 6, 13, 12, 4, 15, 18]
Run 25:
Best OCplx: 2.2864383840163898
Best Sequence: [21, 6, 16, 18, 17, 20, 2, 3, 7, 8, 5, 9, 10, 4, 1, 15, 19, 14, 13, 12, 11]
Run 26:
Best OCplx: 2.4281330792938127
Best Sequence: [6, 17, 21, 4, 7, 2, 20, 8, 9, 10, 5, 18, 3, 19, 11, 16, 14, 1, 12, 15, 13]
Run 27:
Best OCplx: 2.1717097410613286
Best Sequence: [7, 20, 16, 8, 2, 18, 19, 21, 9, 1, 17, 10, 11, 13, 5, 6, 3, 4, 14, 15, 12]
Run 28:
Best OCplx: 2.226102570383371
Best Sequence: [2, 20, 6, 16, 17, 8, 21, 3, 9, 10, 18, 1, 11, 4, 12, 7, 14, 19, 15, 13, 5]
Run 29:
Best OCplx: 2.535907002055196
Best Sequence: [3, 20, 8, 16, 18, 17, 5, 1, 6, 21, 9, 4, 10, 19, 14, 7, 15, 13, 11, 12, 2]
Run 30:
Best OCplx: 2.4555598562934926
Best Sequence: [2, 3, 16, 19, 17, 7, 6, 20, 1, 18, 5, 21, 4, 8, 9, 10, 11, 14, 12, 15, 13]
Learning Rate: 1e-05
Epsilon: 0.15
Gamma: 0.99
Target Update: 50
Memory Capacity: 20000
Batch Size: 128
if_EWM: False

