Run 1:
Best OCplx: 0.7947409028363537
Best Sequence: [8, 2, 24, 14, 38, 36, 27, 20, 16, 7, 1, 15, 35, 18, 34, 11, 10, 31, 21, 37, 39, 17, 32, 9, 22, 33, 12, 6, 23, 26, 3, 5, 30, 13, 19, 25, 28, 29, 4]
Run 2:
Best OCplx: 0.880476235914377
Best Sequence: [31, 24, 2, 39, 36, 34, 20, 5, 11, 38, 28, 1, 19, 21, 10, 27, 32, 7, 14, 15, 8, 35, 13, 18, 9, 37, 23, 6, 12, 16, 30, 4, 17, 25, 26, 22, 29, 3, 33]
Run 3:
Best OCplx: 0.8679142257582506
Best Sequence: [5, 26, 23, 1, 36, 11, 15, 24, 31, 27, 18, 10, 14, 21, 29, 39, 3, 8, 22, 34, 33, 35, 9, 13, 28, 16, 2, 30, 17, 19, 37, 20, 7, 25, 6, 32, 38, 4, 12]
Run 4:
Best OCplx: 0.8763326720507171
Best Sequence: [36, 11, 35, 15, 19, 32, 38, 21, 26, 22, 3, 27, 13, 33, 1, 20, 2, 8, 10, 31, 7, 24, 14, 9, 30, 37, 25, 17, 6, 28, 34, 29, 23, 39, 16, 4, 12, 5, 18]
Run 5:
Best OCplx: 0.7677776823106571
Best Sequence: [7, 36, 20, 28, 17, 32, 11, 8, 5, 34, 26, 18, 35, 24, 10, 27, 15, 21, 1, 23, 16, 14, 30, 22, 19, 39, 29, 12, 13, 25, 33, 31, 2, 3, 37, 9, 6, 38, 4]
Run 6:
Best OCplx: 0.843527759182069
Best Sequence: [3, 5, 11, 21, 8, 10, 16, 39, 24, 7, 31, 1, 26, 38, 15, 20, 33, 23, 27, 17, 2, 22, 12, 9, 18, 13, 29, 32, 34, 14, 35, 36, 37, 6, 19, 30, 4, 28, 25]
Run 7:
Best OCplx: 0.8668543488609358
Best Sequence: [18, 3, 35, 8, 28, 33, 27, 21, 23, 11, 20, 10, 36, 2, 7, 26, 39, 17, 16, 22, 30, 13, 9, 5, 24, 34, 6, 1, 29, 37, 38, 15, 19, 12, 32, 14, 25, 4, 31]
Run 8:
Best OCplx: 0.8593038910708616
Best Sequence: [27, 11, 29, 21, 10, 9, 26, 2, 17, 36, 6, 14, 38, 30, 3, 13, 39, 24, 12, 8, 23, 20, 31, 4, 34, 19, 37, 5, 28, 33, 7, 16, 18, 15, 32, 1, 25, 22, 35]
Run 9:
Best OCplx: 0.9067503169380771
Best Sequence: [31, 39, 35, 23, 21, 28, 14, 30, 3, 27, 19, 1, 38, 26, 22, 11, 34, 10, 8, 7, 20, 2, 5, 15, 13, 12, 9, 6, 29, 16, 24, 17, 18, 36, 25, 32, 37, 4, 33]
Run 10:
Best OCplx: 0.7809156066213326
Best Sequence: [11, 23, 20, 39, 30, 5, 7, 27, 10, 38, 33, 29, 34, 36, 24, 22, 25, 17, 13, 15, 18, 3, 9, 21, 31, 28, 16, 26, 6, 32, 1, 35, 4, 19, 12, 37, 8, 14, 2]
Run 11:
Best OCplx: 0.8055054823590941
Best Sequence: [11, 20, 27, 10, 22, 35, 31, 9, 30, 1, 7, 26, 3, 21, 34, 36, 19, 6, 17, 18, 8, 33, 24, 38, 14, 28, 2, 23, 32, 12, 37, 5, 15, 29, 39, 25, 13, 16, 4]
Run 12:
Best OCplx: 0.8205301373184627
Best Sequence: [17, 10, 3, 31, 22, 11, 7, 34, 2, 21, 20, 9, 15, 36, 1, 33, 16, 8, 13, 12, 35, 27, 28, 19, 23, 30, 18, 6, 25, 39, 26, 14, 4, 38, 32, 37, 24, 29, 5]
Run 13:
Best OCplx: 0.8225203401455968
Best Sequence: [38, 11, 1, 14, 27, 36, 7, 8, 19, 21, 17, 20, 26, 10, 15, 32, 30, 25, 33, 9, 12, 5, 22, 24, 13, 31, 39, 3, 6, 16, 2, 28, 18, 4, 29, 35, 37, 23, 34]
Run 14:
Best OCplx: 0.7351918693945929
Best Sequence: [11, 7, 15, 38, 30, 2, 22, 27, 20, 36, 10, 32, 26, 19, 24, 17, 25, 9, 33, 14, 35, 16, 8, 28, 13, 29, 18, 6, 39, 1, 3, 23, 37, 4, 31, 34, 5, 21, 12]
Run 15:
Best OCplx: 0.7990772388937619
Best Sequence: [24, 21, 14, 11, 18, 7, 22, 29, 1, 10, 13, 17, 33, 35, 27, 3, 12, 36, 9, 20, 38, 19, 16, 26, 39, 6, 15, 2, 34, 31, 4, 25, 28, 32, 37, 23, 5, 30, 8]
Run 16:
Best OCplx: 0.8565491719197764
Best Sequence: [20, 26, 24, 30, 28, 2, 5, 22, 7, 27, 21, 12, 1, 8, 32, 18, 3, 25, 11, 23, 39, 36, 38, 10, 29, 15, 16, 19, 13, 31, 17, 33, 9, 6, 37, 14, 35, 4, 34]
Run 17:
Best OCplx: 0.7318621198877842
Best Sequence: [29, 17, 24, 36, 20, 3, 21, 19, 27, 39, 7, 11, 38, 5, 13, 1, 10, 9, 23, 25, 30, 35, 14, 2, 6, 32, 22, 26, 4, 12, 33, 31, 28, 15, 37, 8, 16, 34, 18]
Run 18:
Best OCplx: 0.7627924577034405
Best Sequence: [28, 26, 24, 27, 11, 15, 38, 34, 20, 22, 21, 19, 10, 8, 30, 39, 31, 12, 29, 7, 36, 1, 16, 17, 35, 33, 14, 9, 25, 37, 6, 2, 23, 5, 32, 13, 18, 4, 3]
Run 19:
Best OCplx: 0.7601255199397929
Best Sequence: [38, 21, 20, 14, 11, 3, 39, 10, 22, 12, 35, 32, 17, 19, 29, 7, 30, 27, 34, 24, 36, 28, 13, 9, 23, 16, 31, 1, 6, 18, 25, 33, 4, 37, 15, 8, 26, 5, 2]
Run 20:
Best OCplx: 0.7996383460561328
Best Sequence: [18, 11, 24, 20, 19, 27, 15, 30, 2, 10, 22, 1, 25, 7, 39, 28, 17, 31, 5, 38, 9, 3, 33, 16, 6, 29, 23, 21, 32, 4, 35, 36, 14, 37, 12, 34, 13, 26, 8]
Run 21:
Best OCplx: 0.8467288415202082
Best Sequence: [3, 20, 36, 39, 11, 25, 7, 27, 1, 34, 17, 28, 2, 16, 21, 30, 24, 33, 14, 10, 19, 38, 8, 26, 37, 9, 6, 15, 12, 5, 4, 23, 22, 13, 18, 31, 32, 35, 29]
Run 22:
Best OCplx: 0.8949397837113746
Best Sequence: [38, 7, 35, 20, 16, 26, 15, 2, 27, 13, 39, 24, 18, 32, 1, 8, 14, 11, 17, 30, 10, 37, 21, 9, 34, 6, 19, 33, 23, 29, 4, 22, 31, 12, 3, 36, 5, 25, 28]
Run 23:
Best OCplx: 0.6903582071454847
Best Sequence: [21, 24, 36, 20, 35, 11, 18, 23, 26, 27, 10, 29, 19, 28, 34, 39, 32, 9, 15, 7, 2, 33, 30, 37, 25, 22, 38, 16, 13, 6, 31, 12, 14, 3, 17, 1, 5, 8, 4]
Run 24:
Best OCplx: 0.8976690589024496
Best Sequence: [32, 31, 22, 39, 23, 3, 38, 16, 34, 36, 27, 29, 11, 24, 35, 18, 19, 20, 21, 15, 30, 12, 10, 8, 13, 26, 25, 9, 7, 17, 6, 28, 37, 33, 4, 1, 14, 2, 5]
Run 25:
Best OCplx: 0.7695890361373956
Best Sequence: [28, 36, 27, 2, 11, 7, 17, 29, 20, 10, 3, 9, 21, 19, 32, 37, 23, 16, 22, 13, 5, 18, 33, 39, 24, 15, 25, 26, 12, 31, 35, 8, 38, 6, 14, 30, 1, 34, 4]
Run 26:
Best OCplx: 0.8588190445292707
Best Sequence: [27, 7, 35, 18, 29, 11, 16, 14, 10, 17, 5, 3, 1, 20, 19, 36, 2, 9, 23, 6, 34, 8, 13, 31, 4, 15, 33, 24, 39, 21, 12, 25, 22, 28, 30, 32, 38, 26, 37]
Run 27:
Best OCplx: 0.8379281370657664
Best Sequence: [30, 3, 13, 11, 26, 36, 20, 7, 5, 10, 2, 1, 9, 17, 33, 29, 39, 31, 38, 24, 34, 27, 25, 21, 37, 35, 8, 19, 32, 6, 22, 15, 4, 18, 14, 23, 28, 12, 16]
Run 28:
Best OCplx: 0.6895304695952807
Best Sequence: [30, 15, 11, 27, 10, 22, 18, 38, 21, 26, 32, 36, 31, 7, 33, 35, 1, 13, 9, 34, 24, 28, 17, 6, 37, 2, 23, 3, 16, 39, 4, 8, 20, 25, 29, 19, 14, 12, 5]
Run 29:
Best OCplx: 0.849177563130098
Best Sequence: [36, 28, 11, 26, 13, 14, 21, 19, 39, 30, 20, 24, 38, 31, 32, 27, 7, 25, 10, 22, 16, 9, 23, 3, 6, 17, 35, 8, 29, 2, 1, 34, 18, 37, 15, 5, 4, 12, 33]
Run 30:
Best OCplx: 0.8437952733687277
Best Sequence: [27, 19, 26, 38, 24, 21, 7, 14, 12, 25, 30, 22, 11, 1, 36, 23, 10, 9, 20, 35, 34, 15, 33, 5, 2, 8, 28, 16, 37, 13, 32, 39, 29, 6, 3, 18, 17, 4, 31]
