Run 1:
Best OCplx: 1.9398623561208317
Best Sequence: [15, 3, 16, 5, 9, 8, 12, 19, 1, 11, 14, 10, 7, 22, 20, 21, 2, 25, 23, 4, 18, 24, 17, 13, 6]
Run 2:
Best OCplx: 1.780292571208655
Best Sequence: [15, 16, 12, 3, 9, 8, 5, 10, 19, 22, 4, 1, 24, 20, 21, 7, 2, 25, 18, 11, 23, 14, 13, 17, 6]
Run 3:
Best OCplx: 2.2285047223099954
Best Sequence: [3, 16, 8, 5, 12, 9, 10, 20, 19, 22, 21, 23, 17, 18, 2, 24, 15, 13, 1, 4, 11, 14, 7, 25, 6]
Run 4:
Best OCplx: 2.419306220177747
Best Sequence: [12, 16, 9, 5, 10, 15, 3, 8, 4, 22, 19, 17, 20, 21, 23, 14, 1, 7, 2, 13, 6, 11, 24, 18, 25]
Run 5:
Best OCplx: 1.6844476179460701
Best Sequence: [4, 8, 12, 15, 16, 17, 5, 9, 3, 1, 22, 10, 7, 24, 11, 19, 20, 21, 18, 2, 23, 6, 14, 25, 13]
Run 6:
Best OCplx: 2.047899142952097
Best Sequence: [16, 12, 15, 3, 9, 22, 23, 19, 20, 2, 10, 7, 14, 17, 21, 4, 1, 24, 18, 11, 5, 25, 6, 13, 8]
Run 7:
Best OCplx: 1.9072154419559437
Best Sequence: [9, 3, 8, 16, 15, 12, 1, 10, 5, 7, 22, 11, 17, 19, 4, 24, 20, 21, 2, 6, 14, 23, 25, 18, 13]
Run 8:
Best OCplx: 1.8741214460740556
Best Sequence: [3, 16, 12, 19, 15, 8, 9, 5, 7, 1, 10, 17, 22, 11, 20, 21, 23, 2, 4, 18, 14, 24, 25, 6, 13]
Run 9:
Best OCplx: 2.1183383826871056
Best Sequence: [15, 16, 9, 12, 3, 8, 5, 19, 1, 14, 4, 20, 17, 7, 11, 21, 10, 23, 22, 18, 2, 25, 24, 13, 6]
Run 10:
Best OCplx: 1.9072154419559442
Best Sequence: [5, 9, 3, 16, 19, 8, 12, 15, 17, 1, 22, 10, 7, 11, 24, 4, 20, 21, 23, 2, 14, 6, 18, 25, 13]
Run 11:
Best OCplx: 1.7908055352653691
Best Sequence: [12, 3, 15, 9, 14, 4, 8, 16, 23, 5, 19, 7, 20, 21, 2, 1, 11, 17, 6, 10, 22, 25, 18, 13, 24]
Run 12:
Best OCplx: 1.8793854016914084
Best Sequence: [15, 12, 16, 3, 5, 1, 8, 9, 22, 20, 7, 17, 21, 10, 2, 19, 14, 23, 6, 24, 4, 11, 25, 18, 13]
Run 13:
Best OCplx: 2.20641873936122
Best Sequence: [16, 15, 12, 20, 5, 3, 8, 19, 17, 9, 4, 7, 1, 21, 23, 2, 10, 24, 6, 14, 22, 11, 18, 13, 25]
Run 14:
Best OCplx: 2.0460084950630195
Best Sequence: [15, 12, 16, 3, 5, 22, 8, 10, 19, 1, 21, 6, 11, 23, 20, 2, 9, 4, 18, 13, 17, 14, 24, 25, 7]
Run 15:
Best OCplx: 2.282145692851893
Best Sequence: [9, 16, 8, 12, 3, 15, 5, 10, 1, 19, 22, 7, 20, 11, 2, 6, 21, 24, 17, 14, 18, 23, 25, 13, 4]
Run 16:
Best OCplx: 1.5858521142668456
Best Sequence: [15, 5, 3, 16, 12, 22, 1, 9, 10, 11, 17, 8, 7, 19, 20, 21, 2, 23, 4, 24, 6, 14, 18, 25, 13]
Run 17:
Best OCplx: 2.093900930314516
Best Sequence: [15, 9, 3, 16, 12, 4, 8, 5, 10, 19, 22, 20, 7, 1, 21, 13, 18, 2, 23, 17, 25, 14, 11, 24, 6]
Run 18:
Best OCplx: 2.12735981205647
Best Sequence: [15, 16, 12, 21, 9, 3, 5, 2, 4, 23, 8, 1, 14, 11, 10, 22, 6, 19, 17, 7, 24, 20, 25, 18, 13]
Run 19:
Best OCplx: 1.7914457450164885
Best Sequence: [9, 16, 12, 3, 5, 15, 8, 1, 22, 19, 17, 10, 7, 20, 21, 2, 11, 4, 6, 24, 23, 14, 25, 18, 13]
Run 20:
Best OCplx: 1.9011875178369677
Best Sequence: [15, 5, 12, 16, 3, 9, 17, 8, 1, 10, 19, 22, 20, 4, 23, 7, 21, 2, 6, 24, 14, 11, 25, 18, 13]
Run 21:
Best OCplx: 2.4608219487054797
Best Sequence: [16, 12, 3, 5, 10, 15, 19, 24, 22, 20, 2, 6, 4, 18, 7, 1, 25, 8, 13, 21, 23, 9, 17, 14, 11]
Run 22:
Best OCplx: 2.10873015284102
Best Sequence: [9, 16, 12, 3, 5, 1, 15, 19, 23, 22, 10, 24, 8, 20, 11, 2, 25, 6, 4, 21, 17, 18, 7, 13, 14]
Run 23:
Best OCplx: 2.126495122912181
Best Sequence: [15, 16, 12, 3, 5, 9, 1, 8, 10, 4, 7, 22, 19, 11, 20, 17, 21, 6, 18, 2, 23, 24, 14, 13, 25]
Run 24:
Best OCplx: 2.163577996582447
Best Sequence: [15, 16, 12, 5, 9, 3, 1, 8, 22, 20, 19, 21, 4, 10, 2, 24, 7, 14, 25, 11, 13, 17, 6, 18, 23]
Run 25:
Best OCplx: 1.9548801152954676
Best Sequence: [12, 8, 16, 3, 5, 15, 9, 10, 22, 7, 17, 19, 20, 21, 2, 23, 1, 6, 4, 14, 11, 24, 13, 25, 18]
Run 26:
Best OCplx: 2.0301125717205664
Best Sequence: [15, 4, 9, 16, 5, 12, 3, 8, 1, 10, 7, 23, 17, 22, 19, 24, 14, 20, 21, 6, 13, 2, 11, 18, 25]
Run 27:
Best OCplx: 2.2352919262325814
Best Sequence: [16, 12, 3, 5, 15, 4, 20, 21, 19, 10, 2, 22, 9, 25, 23, 1, 17, 24, 18, 7, 6, 13, 8, 14, 11]
Run 28:
Best OCplx: 2.232467951266949
Best Sequence: [16, 8, 9, 12, 3, 15, 5, 20, 1, 2, 4, 22, 19, 10, 21, 24, 17, 7, 18, 13, 14, 11, 25, 23, 6]
Run 29:
Best OCplx: 1.6945485835025562
Best Sequence: [12, 8, 15, 5, 16, 3, 10, 9, 7, 1, 22, 17, 11, 23, 19, 24, 20, 21, 2, 4, 6, 14, 25, 18, 13]
Run 30:
Best OCplx: 1.949798699177289
Best Sequence: [9, 4, 16, 12, 8, 5, 3, 15, 20, 7, 17, 1, 10, 11, 21, 22, 19, 2, 6, 14, 23, 24, 18, 13, 25]
