Run 1:
Best OCplx: 0.7557005186961216
Best Sequence: [36, 34, 11, 38, 24, 26, 5, 13, 7, 2, 19, 16, 10, 35, 31, 27, 9, 15, 18, 8, 25, 14, 30, 28, 6, 21, 29, 39, 3, 20, 12, 17, 33, 1, 23, 32, 37, 4, 22]
Run 2:
Best OCplx: 0.7452164927545667
Best Sequence: [16, 39, 22, 14, 27, 24, 11, 19, 30, 17, 18, 10, 7, 15, 34, 35, 9, 33, 8, 36, 25, 3, 23, 26, 28, 6, 4, 21, 5, 38, 13, 2, 31, 20, 1, 32, 12, 37, 29]
Run 3:
Best OCplx: 0.7945366098759482
Best Sequence: [21, 30, 11, 24, 2, 39, 5, 20, 17, 22, 10, 15, 34, 7, 38, 16, 32, 8, 33, 18, 35, 3, 12, 28, 37, 19, 36, 14, 25, 29, 27, 9, 6, 23, 31, 4, 26, 13, 1]
Run 4:
Best OCplx: 0.7704306968809522
Best Sequence: [1, 20, 17, 36, 28, 39, 7, 2, 32, 15, 14, 29, 18, 8, 34, 24, 11, 13, 5, 16, 21, 10, 27, 30, 9, 19, 3, 38, 35, 37, 6, 4, 12, 26, 22, 23, 33, 25, 31]
Run 5:
Best OCplx: 0.7771394939274701
Best Sequence: [21, 11, 24, 5, 16, 36, 27, 20, 33, 35, 28, 23, 3, 18, 29, 32, 2, 15, 22, 34, 7, 10, 30, 17, 37, 13, 19, 1, 25, 39, 8, 38, 9, 12, 31, 26, 14, 6, 4]
Run 6:
Best OCplx: 0.8134390821099694
Best Sequence: [21, 20, 23, 26, 24, 36, 16, 32, 30, 13, 17, 33, 15, 5, 11, 10, 35, 28, 34, 7, 38, 3, 2, 14, 39, 31, 19, 22, 25, 1, 8, 37, 29, 12, 27, 18, 9, 6, 4]
Run 7:
Best OCplx: 0.8332086590475573
Best Sequence: [2, 38, 33, 36, 11, 32, 3, 17, 24, 39, 14, 19, 20, 34, 16, 30, 23, 1, 13, 5, 27, 15, 28, 21, 10, 7, 22, 8, 37, 35, 29, 25, 9, 18, 26, 31, 6, 4, 12]
Run 8:
Best OCplx: 0.7953159331920773
Best Sequence: [28, 35, 2, 24, 30, 21, 14, 17, 11, 39, 36, 31, 34, 23, 12, 27, 16, 3, 10, 29, 26, 15, 19, 20, 33, 1, 32, 13, 8, 37, 7, 22, 9, 6, 4, 5, 38, 18, 25]
Run 9:
Best OCplx: 0.6404769828617323
Best Sequence: [3, 34, 11, 2, 24, 27, 10, 13, 22, 35, 39, 14, 7, 26, 23, 9, 1, 36, 17, 6, 31, 19, 21, 30, 15, 38, 8, 32, 20, 28, 37, 18, 5, 33, 29, 25, 4, 12, 16]
Run 10:
Best OCplx: 0.777918817243599
Best Sequence: [7, 23, 21, 15, 20, 14, 2, 26, 3, 11, 19, 28, 27, 30, 29, 34, 32, 10, 9, 39, 18, 31, 6, 38, 12, 33, 4, 22, 24, 17, 8, 5, 37, 36, 1, 25, 13, 35, 16]
Run 11:
Best OCplx: 0.8070108386446372
Best Sequence: [16, 36, 11, 23, 13, 24, 1, 8, 32, 39, 22, 30, 20, 3, 29, 27, 35, 38, 10, 9, 2, 21, 34, 6, 5, 33, 31, 26, 15, 12, 17, 25, 7, 18, 19, 14, 37, 4, 28]
Run 12:
Best OCplx: 0.9667726761547712
Best Sequence: [26, 7, 35, 2, 23, 22, 21, 17, 28, 33, 38, 11, 10, 27, 3, 34, 9, 20, 15, 18, 30, 25, 13, 14, 39, 31, 19, 8, 29, 6, 4, 5, 37, 12, 32, 36, 24, 1, 16]
Run 13:
Best OCplx: 0.9193262502875561
Best Sequence: [14, 36, 18, 20, 31, 21, 29, 32, 39, 5, 26, 34, 33, 15, 3, 12, 1, 27, 30, 11, 10, 23, 24, 7, 13, 17, 22, 19, 2, 25, 16, 8, 37, 35, 28, 38, 9, 6, 4]
Run 14:
Best OCplx: 0.8234637054699433
Best Sequence: [33, 35, 34, 7, 36, 1, 19, 28, 29, 24, 21, 38, 13, 30, 17, 11, 22, 14, 3, 20, 2, 18, 26, 39, 16, 5, 27, 10, 32, 9, 31, 15, 8, 37, 6, 23, 12, 25, 4]
Run 15:
Best OCplx: 0.7482123983334747
Best Sequence: [38, 32, 8, 26, 20, 11, 33, 28, 7, 17, 30, 27, 2, 10, 9, 16, 22, 15, 18, 6, 36, 31, 35, 19, 29, 13, 37, 23, 3, 39, 5, 1, 21, 14, 4, 24, 12, 34, 25]
Run 16:
Best OCplx: 0.8759356068965632
Best Sequence: [36, 30, 19, 31, 22, 3, 20, 8, 32, 27, 18, 1, 28, 26, 11, 10, 17, 37, 2, 13, 33, 38, 24, 39, 5, 7, 15, 21, 12, 14, 29, 23, 34, 35, 16, 25, 9, 6, 4]
Run 17:
Best OCplx: 0.7237242271765034
Best Sequence: [16, 11, 21, 20, 38, 34, 2, 3, 12, 36, 23, 15, 25, 22, 39, 27, 28, 5, 30, 31, 24, 19, 10, 14, 8, 13, 33, 35, 17, 29, 7, 1, 32, 37, 18, 26, 9, 6, 4]
Run 18:
Best OCplx: 0.741503601286957
Best Sequence: [16, 5, 3, 2, 22, 11, 35, 1, 19, 30, 36, 28, 21, 17, 7, 24, 39, 23, 27, 10, 33, 34, 18, 29, 31, 20, 14, 15, 9, 13, 26, 38, 25, 8, 32, 37, 6, 12, 4]
Run 19:
Best OCplx: 0.7985300549247434
Best Sequence: [14, 13, 8, 39, 30, 35, 28, 17, 16, 15, 21, 19, 22, 11, 38, 3, 20, 27, 1, 18, 36, 34, 24, 7, 2, 5, 10, 29, 26, 25, 9, 31, 33, 12, 32, 37, 23, 6, 4]
Run 20:
Best OCplx: 0.6255285885231436
Best Sequence: [28, 22, 23, 16, 39, 29, 17, 36, 2, 21, 15, 8, 14, 11, 7, 1, 34, 27, 12, 13, 30, 10, 24, 31, 9, 35, 32, 20, 18, 6, 26, 19, 33, 38, 37, 25, 5, 3, 4]
Run 21:
Best OCplx: 0.7591812708166209
Best Sequence: [39, 20, 11, 14, 15, 18, 10, 3, 7, 5, 36, 31, 21, 1, 23, 34, 22, 26, 27, 17, 35, 19, 25, 30, 38, 2, 13, 29, 28, 8, 32, 33, 16, 37, 12, 9, 6, 24, 4]
Run 22:
Best OCplx: 0.8248041359484435
Best Sequence: [23, 2, 8, 5, 36, 33, 3, 19, 31, 15, 20, 39, 11, 7, 21, 1, 24, 27, 38, 12, 16, 29, 18, 32, 10, 25, 9, 26, 6, 30, 13, 35, 28, 34, 14, 37, 4, 17, 22]
Run 23:
Best OCplx: 0.7519252898010846
Best Sequence: [21, 38, 7, 11, 3, 27, 36, 2, 19, 15, 1, 17, 28, 30, 18, 16, 20, 10, 39, 29, 5, 8, 25, 9, 23, 35, 31, 34, 22, 37, 26, 14, 6, 12, 13, 32, 24, 4, 33]
Run 24:
Best OCplx: 0.7583535332664169
Best Sequence: [32, 17, 21, 34, 3, 16, 26, 39, 24, 7, 36, 29, 19, 18, 14, 11, 2, 1, 23, 10, 15, 9, 35, 31, 20, 28, 8, 38, 25, 13, 27, 6, 4, 30, 5, 33, 37, 12, 22]
Run 25:
Best OCplx: 0.881037343076748
Best Sequence: [8, 11, 36, 17, 34, 13, 26, 10, 1, 20, 39, 31, 27, 32, 19, 28, 21, 15, 12, 29, 18, 3, 37, 25, 35, 2, 14, 22, 7, 33, 38, 5, 23, 30, 16, 9, 24, 6, 4]
Run 26:
Best OCplx: 0.7115305519889998
Best Sequence: [24, 5, 29, 36, 20, 31, 11, 21, 27, 17, 8, 2, 28, 7, 15, 18, 12, 19, 38, 1, 22, 34, 10, 3, 26, 35, 23, 14, 30, 32, 33, 16, 25, 13, 37, 39, 9, 6, 4]
Run 27:
Best OCplx: 0.7571919517883122
Best Sequence: [20, 36, 2, 15, 17, 25, 29, 33, 3, 22, 11, 24, 21, 8, 23, 13, 27, 38, 10, 7, 34, 35, 18, 19, 16, 39, 5, 12, 31, 30, 9, 6, 28, 37, 26, 4, 1, 32, 14]
Run 28:
Best OCplx: 0.6962392666417984
Best Sequence: [24, 23, 2, 21, 35, 3, 38, 36, 11, 16, 19, 22, 32, 15, 39, 26, 28, 29, 17, 18, 27, 7, 25, 1, 10, 33, 31, 20, 9, 6, 34, 14, 4, 30, 12, 13, 8, 37, 5]
Run 29:
Best OCplx: 0.7781993708247846
Best Sequence: [36, 32, 16, 22, 5, 15, 35, 17, 26, 3, 34, 18, 20, 24, 14, 38, 2, 33, 39, 11, 23, 29, 21, 7, 13, 19, 28, 12, 27, 30, 10, 1, 9, 6, 31, 4, 8, 25, 37]
Run 30:
Best OCplx: 0.7221171663101704
Best Sequence: [11, 7, 21, 20, 26, 16, 32, 15, 13, 1, 39, 34, 19, 2, 22, 24, 38, 23, 10, 33, 5, 17, 25, 30, 36, 35, 3, 29, 31, 27, 14, 28, 9, 8, 37, 6, 12, 4, 18]
