Run 1:
Best OCplx: 0.4663303026929735
Best Sequence: [22, 11, 27, 24, 38, 21, 36, 28, 23, 2, 17, 7, 20, 10, 16, 33, 32, 13, 1, 3, 34, 35, 9, 29, 18, 26, 15, 30, 31, 19, 39, 37, 14, 25, 8, 6, 5, 4, 12]
Run 2:
Best OCplx: 0.5269719072800457
Best Sequence: [34, 20, 21, 24, 39, 3, 16, 19, 11, 17, 23, 10, 36, 35, 2, 22, 7, 1, 32, 15, 8, 31, 28, 18, 25, 9, 30, 27, 33, 29, 26, 14, 12, 38, 37, 13, 6, 5, 4]
Run 3:
Best OCplx: 0.5150787057276704
Best Sequence: [24, 36, 27, 19, 38, 28, 23, 15, 1, 11, 10, 22, 34, 29, 20, 32, 18, 25, 33, 17, 30, 7, 26, 2, 31, 3, 35, 21, 13, 39, 16, 9, 14, 8, 12, 37, 6, 4, 5]
Run 4:
Best OCplx: 0.4497442087839623
Best Sequence: [7, 36, 28, 21, 27, 24, 2, 11, 16, 23, 3, 32, 10, 29, 34, 9, 8, 17, 31, 20, 39, 33, 22, 1, 26, 13, 15, 35, 18, 38, 19, 37, 30, 25, 14, 12, 6, 5, 4]
Run 5:
Best OCplx: 0.46747898425555023
Best Sequence: [36, 38, 3, 26, 7, 32, 28, 16, 11, 34, 30, 24, 20, 18, 21, 1, 15, 27, 10, 9, 29, 8, 33, 35, 17, 37, 13, 2, 31, 22, 19, 23, 39, 14, 12, 25, 6, 4, 5]
Run 6:
Best OCplx: 0.5538690440763069
Best Sequence: [14, 3, 36, 27, 30, 19, 17, 16, 28, 20, 34, 1, 21, 22, 29, 2, 15, 24, 11, 10, 31, 13, 33, 7, 23, 26, 35, 38, 32, 37, 9, 8, 18, 12, 25, 6, 5, 39, 4]
Run 7:
Best OCplx: 0.4663303026929735
Best Sequence: [24, 7, 28, 34, 16, 21, 3, 22, 27, 30, 11, 20, 36, 32, 10, 26, 31, 38, 15, 33, 9, 35, 29, 1, 12, 37, 8, 17, 2, 18, 19, 23, 6, 25, 14, 13, 5, 39, 4]
Run 8:
Best OCplx: 0.45946530449345374
Best Sequence: [23, 13, 17, 3, 11, 36, 30, 21, 7, 20, 32, 24, 27, 39, 19, 29, 15, 10, 14, 35, 22, 16, 9, 26, 33, 34, 38, 28, 8, 6, 31, 18, 1, 25, 2, 37, 12, 5, 4]
Run 9:
Best OCplx: 0.4880698572371099
Best Sequence: [3, 2, 24, 1, 36, 38, 27, 28, 39, 29, 21, 32, 13, 11, 23, 20, 7, 26, 30, 10, 15, 19, 8, 9, 22, 18, 34, 35, 33, 16, 31, 25, 6, 37, 17, 14, 12, 5, 4]
Run 10:
Best OCplx: 0.5172508115705542
Best Sequence: [13, 7, 30, 28, 32, 36, 11, 20, 3, 38, 26, 34, 27, 10, 21, 33, 24, 39, 22, 1, 15, 2, 35, 16, 12, 23, 29, 17, 37, 18, 19, 9, 8, 31, 6, 14, 25, 5, 4]
Run 11:
Best OCplx: 0.48406507816456146
Best Sequence: [38, 36, 30, 28, 21, 20, 15, 34, 24, 32, 11, 7, 10, 9, 17, 29, 14, 31, 18, 3, 8, 23, 33, 35, 13, 27, 22, 19, 39, 16, 37, 26, 25, 1, 6, 2, 12, 5, 4]
Run 12:
Best OCplx: 0.4274282526500377
Best Sequence: [36, 7, 23, 39, 34, 2, 30, 29, 3, 24, 11, 21, 1, 27, 22, 10, 38, 17, 35, 13, 20, 28, 18, 19, 9, 31, 32, 15, 33, 37, 26, 8, 14, 25, 16, 12, 6, 4, 5]
Run 13:
Best OCplx: 0.47376758086528187
Best Sequence: [24, 11, 36, 32, 7, 27, 10, 17, 22, 20, 8, 30, 2, 34, 15, 21, 14, 16, 39, 38, 29, 35, 18, 3, 33, 28, 23, 31, 1, 9, 37, 6, 19, 13, 25, 26, 5, 4, 12]
Run 14:
Best OCplx: 0.5195346291077374
Best Sequence: [11, 10, 36, 32, 24, 22, 34, 20, 27, 39, 21, 17, 26, 7, 28, 33, 16, 3, 30, 15, 29, 31, 9, 38, 23, 35, 19, 37, 8, 2, 13, 1, 18, 12, 14, 25, 6, 5, 4]
Run 15:
Best OCplx: 0.4840650781645614
Best Sequence: [2, 20, 34, 17, 26, 11, 1, 21, 22, 24, 18, 36, 19, 27, 28, 32, 16, 7, 38, 15, 39, 13, 10, 31, 3, 9, 29, 14, 33, 23, 30, 35, 8, 37, 25, 6, 12, 5, 4]
Run 16:
Best OCplx: 0.49836735453638953
Best Sequence: [7, 3, 23, 13, 36, 34, 19, 1, 11, 27, 22, 10, 21, 20, 39, 2, 17, 33, 24, 29, 32, 35, 38, 31, 26, 15, 28, 18, 16, 30, 9, 37, 25, 8, 6, 14, 12, 5, 4]
Run 17:
Best OCplx: 0.48063257906480156
Best Sequence: [39, 11, 36, 7, 24, 20, 17, 21, 26, 29, 1, 3, 16, 38, 23, 10, 28, 34, 22, 30, 13, 15, 9, 33, 32, 2, 8, 35, 19, 31, 18, 14, 27, 12, 25, 37, 6, 5, 4]
Run 18:
Best OCplx: 0.48063257906480156
Best Sequence: [20, 1, 16, 26, 15, 14, 18, 3, 27, 11, 10, 2, 23, 39, 24, 36, 28, 31, 19, 32, 7, 9, 38, 13, 33, 21, 22, 29, 17, 30, 35, 34, 37, 8, 12, 6, 25, 5, 4]
Run 19:
Best OCplx: 0.4892185387996867
Best Sequence: [24, 8, 20, 39, 3, 36, 19, 15, 14, 22, 29, 11, 27, 7, 38, 10, 26, 9, 31, 18, 1, 35, 23, 28, 17, 21, 2, 32, 33, 30, 37, 13, 25, 16, 34, 6, 4, 5, 12]
Run 20:
Best OCplx: 0.4308607517497976
Best Sequence: [21, 17, 3, 32, 38, 27, 7, 20, 11, 36, 39, 10, 15, 16, 28, 34, 33, 24, 29, 31, 19, 13, 9, 35, 30, 22, 37, 2, 26, 1, 23, 8, 14, 18, 25, 6, 12, 5, 4]
Run 21:
Best OCplx: 0.46633030269297354
Best Sequence: [21, 36, 2, 11, 27, 30, 10, 20, 7, 3, 33, 29, 35, 15, 38, 34, 24, 19, 39, 17, 32, 22, 26, 14, 31, 18, 25, 16, 13, 9, 8, 28, 1, 37, 23, 6, 5, 12, 4]
Run 22:
Best OCplx: 0.44859552722138546
Best Sequence: [20, 22, 24, 18, 17, 11, 27, 19, 30, 36, 23, 3, 34, 10, 35, 1, 39, 7, 32, 16, 15, 9, 28, 33, 31, 21, 25, 29, 38, 13, 37, 2, 8, 26, 14, 6, 5, 4, 12]
Run 23:
Best OCplx: 0.46289780359321364
Best Sequence: [27, 36, 34, 29, 11, 21, 10, 7, 31, 35, 33, 9, 24, 1, 3, 17, 19, 20, 28, 32, 22, 38, 15, 26, 39, 23, 2, 30, 8, 13, 37, 16, 18, 25, 14, 6, 12, 4, 5]
Run 24:
Best OCplx: 0.4441396038413186
Best Sequence: [28, 3, 38, 17, 27, 15, 20, 11, 36, 2, 24, 34, 7, 23, 10, 21, 32, 9, 22, 35, 29, 18, 39, 33, 30, 19, 1, 31, 25, 26, 37, 13, 16, 14, 8, 6, 12, 5, 4]
Run 25:
Best OCplx: 0.520683310670314
Best Sequence: [11, 27, 23, 20, 24, 1, 15, 19, 18, 3, 10, 31, 39, 36, 22, 38, 34, 28, 2, 35, 17, 32, 30, 25, 7, 33, 21, 26, 37, 16, 14, 9, 6, 29, 13, 8, 12, 5, 4]
Run 26:
Best OCplx: 0.4485955272213855
Best Sequence: [28, 3, 11, 36, 17, 22, 7, 32, 20, 27, 24, 21, 10, 23, 29, 35, 1, 33, 19, 30, 9, 38, 18, 34, 2, 31, 15, 8, 12, 37, 13, 39, 16, 26, 14, 25, 6, 4, 5]
Run 27:
Best OCplx: 0.5017998536361493
Best Sequence: [39, 7, 32, 24, 27, 22, 23, 16, 17, 11, 36, 3, 10, 29, 9, 33, 20, 34, 28, 35, 30, 31, 8, 38, 18, 2, 37, 21, 1, 15, 26, 25, 13, 19, 14, 6, 5, 12, 4]
Run 28:
Best OCplx: 0.5092371318084578
Best Sequence: [36, 38, 16, 3, 34, 1, 30, 27, 35, 20, 39, 11, 17, 2, 29, 15, 7, 32, 23, 24, 19, 10, 22, 33, 31, 21, 13, 28, 9, 26, 18, 37, 6, 25, 8, 14, 5, 12, 4]
Run 29:
Best OCplx: 0.5269719072800456
Best Sequence: [3, 20, 15, 1, 26, 13, 38, 11, 24, 30, 23, 27, 7, 16, 31, 22, 18, 34, 10, 36, 35, 9, 39, 17, 19, 14, 28, 29, 32, 21, 8, 33, 37, 2, 25, 12, 6, 5, 4]
Run 30:
Best OCplx: 0.49150235633686973
Best Sequence: [34, 3, 22, 27, 38, 24, 16, 1, 8, 32, 11, 36, 10, 30, 28, 20, 7, 21, 17, 29, 9, 31, 15, 23, 35, 26, 33, 2, 13, 37, 18, 14, 25, 19, 39, 12, 6, 5, 4]
