Run 1:
Best OCplx: 13.472953815103352
Best Sequence: [12, 20, 30, 9, 15, 38, 43, 6, 28, 18, 42, 11, 31, 26, 13, 34, 21, 40, 2, 5, 39, 10, 1, 41, 29, 27, 24, 8, 3, 36, 14, 7, 33, 16, 35, 22, 25, 19, 17, 4, 45, 32, 37, 44, 23]
Run 2:
Best OCplx: 9.100504888006617
Best Sequence: [22, 20, 13, 18, 27, 44, 9, 7, 26, 17, 36, 4, 15, 39, 10, 43, 19, 14, 35, 33, 12, 25, 30, 31, 6, 11, 16, 38, 5, 41, 34, 37, 45, 1, 8, 28, 40, 21, 29, 3, 32, 2, 24, 23, 42]
Run 3:
Best OCplx: 10.386395728942679
Best Sequence: [1, 12, 9, 42, 14, 18, 13, 5, 22, 25, 26, 16, 36, 27, 35, 20, 37, 15, 40, 33, 19, 38, 6, 28, 17, 10, 43, 31, 29, 41, 11, 44, 21, 32, 3, 7, 34, 8, 39, 4, 30, 24, 45, 2, 23]
Run 4:
Best OCplx: 12.101586467744017
Best Sequence: [9, 41, 13, 18, 34, 7, 8, 12, 27, 36, 5, 11, 38, 40, 14, 20, 10, 29, 4, 22, 39, 28, 35, 31, 37, 15, 43, 42, 45, 1, 30, 19, 24, 25, 21, 17, 2, 44, 26, 3, 6, 16, 32, 33, 23]
Run 5:
Best OCplx: 12.145724940068042
Best Sequence: [12, 20, 25, 15, 8, 9, 30, 1, 26, 18, 35, 31, 34, 36, 4, 10, 33, 21, 7, 40, 44, 41, 28, 13, 29, 22, 39, 5, 43, 16, 27, 45, 14, 42, 11, 3, 24, 17, 2, 37, 19, 32, 6, 38, 23]
Run 6:
Best OCplx: 13.175214719698724
Best Sequence: [34, 5, 19, 8, 25, 33, 18, 36, 10, 29, 11, 26, 40, 14, 2, 20, 3, 4, 32, 15, 41, 30, 9, 27, 28, 22, 16, 31, 7, 42, 17, 45, 38, 35, 13, 43, 39, 21, 12, 1, 6, 37, 44, 23, 24]
Run 7:
Best OCplx: 13.47704583067823
Best Sequence: [20, 22, 14, 25, 4, 12, 41, 35, 26, 45, 11, 16, 21, 27, 19, 18, 44, 7, 10, 37, 9, 6, 39, 36, 32, 15, 13, 3, 8, 42, 5, 1, 43, 33, 30, 17, 28, 29, 31, 23, 34, 40, 38, 2, 24]
Run 8:
Best OCplx: 12.37338228523132
Best Sequence: [14, 34, 20, 11, 6, 38, 17, 40, 18, 4, 42, 36, 26, 28, 10, 39, 7, 25, 33, 31, 27, 5, 19, 12, 2, 3, 41, 30, 21, 44, 22, 1, 37, 29, 35, 9, 13, 24, 16, 45, 15, 23, 32, 8, 43]
Run 9:
Best OCplx: 13.575747191865402
Best Sequence: [6, 39, 36, 12, 18, 8, 10, 22, 3, 5, 33, 17, 29, 7, 20, 14, 35, 26, 11, 19, 31, 16, 41, 43, 45, 37, 21, 15, 30, 25, 2, 28, 40, 1, 9, 44, 32, 4, 34, 42, 23, 38, 24, 27, 13]
Run 10:
Best OCplx: 13.104157781500842
Best Sequence: [20, 16, 12, 43, 26, 18, 10, 28, 29, 30, 19, 17, 15, 31, 37, 2, 40, 22, 25, 3, 9, 44, 4, 39, 27, 34, 33, 13, 8, 11, 6, 24, 45, 7, 42, 38, 5, 41, 36, 23, 14, 21, 1, 35, 32]
Run 11:
Best OCplx: 13.303955160603897
Best Sequence: [19, 7, 13, 22, 10, 30, 9, 18, 12, 5, 31, 11, 4, 45, 26, 17, 32, 25, 33, 20, 2, 28, 38, 3, 35, 29, 16, 21, 37, 40, 41, 44, 36, 43, 23, 8, 34, 24, 1, 6, 27, 39, 42, 14, 15]
Run 12:
Best OCplx: 12.547226862448857
Best Sequence: [3, 14, 33, 26, 6, 4, 43, 9, 18, 44, 20, 15, 45, 31, 36, 27, 37, 39, 34, 35, 7, 32, 13, 8, 28, 40, 12, 25, 29, 42, 38, 19, 16, 41, 10, 1, 30, 2, 22, 11, 17, 5, 21, 24, 23]
Run 13:
Best OCplx: 11.722480575153346
Best Sequence: [33, 15, 16, 41, 1, 36, 3, 7, 9, 20, 26, 19, 10, 11, 6, 8, 40, 4, 35, 31, 17, 13, 25, 37, 32, 34, 14, 42, 12, 30, 43, 22, 18, 28, 21, 45, 27, 38, 29, 44, 2, 39, 5, 23, 24]
Run 14:
Best OCplx: 12.443273953829435
Best Sequence: [31, 20, 25, 35, 30, 28, 18, 37, 5, 13, 27, 40, 7, 39, 19, 6, 16, 42, 44, 10, 38, 26, 3, 34, 11, 9, 8, 21, 12, 33, 2, 29, 43, 22, 15, 41, 32, 36, 45, 4, 1, 14, 23, 17, 24]
Run 15:
Best OCplx: 12.841944874906714
Best Sequence: [36, 29, 11, 18, 32, 16, 39, 5, 27, 21, 4, 20, 30, 34, 14, 25, 35, 1, 22, 15, 37, 12, 31, 44, 17, 40, 33, 2, 45, 43, 9, 10, 7, 38, 24, 6, 42, 41, 28, 19, 8, 13, 3, 26, 23]
Run 16:
Best OCplx: 12.415955428265772
Best Sequence: [20, 9, 33, 12, 31, 35, 29, 44, 5, 10, 18, 41, 17, 13, 32, 25, 21, 7, 36, 39, 1, 14, 16, 38, 37, 43, 40, 3, 30, 26, 8, 27, 19, 6, 42, 28, 2, 22, 11, 15, 24, 45, 34, 4, 23]
Run 17:
Best OCplx: 12.929335042257094
Best Sequence: [3, 42, 31, 44, 18, 4, 20, 35, 28, 16, 11, 43, 2, 36, 32, 38, 22, 8, 29, 34, 25, 1, 15, 21, 9, 37, 12, 33, 41, 40, 17, 14, 45, 27, 5, 26, 19, 10, 13, 30, 23, 7, 6, 39, 24]
Run 18:
Best OCplx: 12.070355592749905
Best Sequence: [4, 42, 31, 25, 40, 18, 38, 36, 34, 8, 9, 20, 30, 28, 5, 14, 16, 37, 43, 13, 22, 35, 32, 17, 39, 33, 6, 29, 44, 11, 1, 41, 2, 26, 10, 3, 24, 27, 7, 19, 21, 15, 12, 45, 23]
Run 19:
Best OCplx: 13.25867176253062
Best Sequence: [12, 30, 42, 19, 41, 29, 4, 13, 15, 6, 20, 28, 8, 33, 25, 1, 31, 40, 16, 32, 3, 44, 27, 35, 43, 21, 38, 34, 18, 45, 36, 5, 7, 14, 2, 11, 10, 17, 9, 24, 22, 37, 26, 39, 23]
Run 20:
Best OCplx: 12.862954993796409
Best Sequence: [21, 20, 22, 37, 8, 10, 28, 11, 39, 14, 2, 5, 7, 41, 9, 27, 25, 38, 17, 16, 45, 15, 4, 13, 40, 18, 36, 35, 6, 30, 19, 31, 42, 29, 26, 32, 44, 3, 1, 33, 43, 24, 34, 12, 23]
Run 21:
Best OCplx: 10.901248955401567
Best Sequence: [6, 13, 20, 34, 7, 25, 32, 18, 28, 44, 10, 41, 15, 12, 21, 29, 5, 42, 1, 16, 37, 22, 40, 11, 39, 2, 27, 36, 31, 17, 30, 8, 35, 9, 38, 26, 33, 19, 3, 43, 4, 14, 24, 45, 23]
Run 22:
Best OCplx: 13.088644756498043
Best Sequence: [37, 31, 18, 19, 8, 33, 14, 20, 3, 17, 41, 27, 15, 7, 12, 44, 6, 25, 36, 22, 43, 38, 29, 21, 40, 4, 30, 5, 1, 10, 9, 34, 13, 11, 26, 39, 2, 28, 42, 35, 23, 45, 24, 32, 16]
Run 23:
Best OCplx: 12.388456344300538
Best Sequence: [22, 29, 42, 28, 18, 16, 5, 20, 26, 30, 43, 44, 10, 6, 11, 41, 4, 19, 45, 17, 14, 25, 37, 21, 31, 35, 32, 27, 12, 40, 2, 9, 33, 3, 34, 1, 7, 8, 15, 24, 38, 39, 13, 36, 23]
Run 24:
Best OCplx: 11.640991853887853
Best Sequence: [12, 20, 26, 37, 18, 4, 15, 14, 19, 34, 16, 44, 33, 10, 25, 31, 6, 27, 35, 40, 9, 41, 1, 17, 45, 43, 38, 11, 29, 39, 32, 30, 5, 21, 13, 3, 28, 42, 7, 24, 2, 8, 22, 36, 23]
Run 25:
Best OCplx: 14.448657225767695
Best Sequence: [15, 3, 44, 18, 43, 12, 20, 1, 33, 16, 22, 41, 34, 11, 36, 29, 2, 27, 8, 19, 9, 25, 45, 31, 42, 7, 40, 32, 21, 4, 28, 37, 10, 23, 6, 30, 14, 13, 17, 35, 24, 38, 39, 5, 26]
Run 26:
Best OCplx: 11.8101072454606
Best Sequence: [43, 40, 17, 13, 26, 44, 19, 30, 31, 29, 9, 32, 15, 37, 11, 12, 20, 18, 25, 10, 6, 14, 42, 38, 34, 1, 7, 33, 4, 2, 41, 22, 8, 27, 35, 28, 3, 39, 24, 16, 21, 5, 36, 23, 45]
Run 27:
Best OCplx: 13.467465808302816
Best Sequence: [11, 39, 20, 18, 35, 26, 43, 12, 28, 29, 14, 5, 33, 32, 25, 21, 38, 42, 37, 4, 34, 24, 31, 9, 10, 2, 7, 19, 6, 22, 15, 3, 40, 30, 44, 16, 27, 8, 45, 36, 13, 1, 41, 17, 23]
Run 28:
Best OCplx: 13.851962638922222
Best Sequence: [28, 26, 43, 25, 21, 10, 7, 35, 31, 33, 44, 32, 36, 11, 20, 5, 34, 39, 30, 19, 38, 4, 8, 6, 16, 18, 37, 14, 41, 15, 3, 40, 2, 45, 42, 12, 1, 27, 23, 17, 9, 13, 24, 29, 22]
Run 29:
Best OCplx: 11.377720980084387
Best Sequence: [31, 39, 14, 16, 4, 20, 17, 28, 18, 21, 43, 13, 2, 12, 7, 27, 30, 37, 5, 10, 33, 35, 19, 8, 9, 22, 36, 11, 40, 41, 45, 34, 1, 15, 25, 29, 38, 32, 26, 6, 44, 3, 42, 24, 23]
Run 30:
Best OCplx: 12.494871325065025
Best Sequence: [25, 16, 22, 15, 10, 43, 31, 33, 13, 7, 39, 30, 5, 8, 26, 3, 20, 32, 29, 9, 17, 4, 14, 37, 42, 1, 41, 38, 12, 2, 45, 40, 36, 34, 27, 19, 44, 35, 6, 18, 28, 23, 21, 11, 24]
UPDATE_GLOBAL_ITER: 200
GAMMA: 0.99
MAX_EP: 3000
thread_count: 10
RL: 5e-05
if_EWM: True


Mean: 12.4926
Min: 9.1005
Max: 14.4487
Std: 1.0741