Run 1:
Best OCplx: 2.204348522715259
Best Sequence: [20, 7, 21, 6, 16, 17, 5, 2, 18, 1, 19, 4, 3, 8, 9, 10, 14, 13, 12, 11, 15]
Run 2:
Best OCplx: 2.3566260779798647
Best Sequence: [2, 7, 17, 20, 18, 21, 16, 19, 6, 1, 5, 4, 3, 8, 9, 10, 14, 11, 12, 13, 15]
Run 3:
Best OCplx: 2.204348522715259
Best Sequence: [16, 20, 1, 6, 17, 8, 18, 19, 7, 21, 5, 2, 4, 3, 9, 10, 15, 14, 12, 13, 11]
Run 4:
Best OCplx: 2.2619554327011855
Best Sequence: [2, 16, 20, 18, 6, 21, 17, 7, 19, 3, 5, 4, 1, 8, 9, 10, 12, 11, 14, 15, 13]
Run 5:
Best OCplx: 2.353468458974594
Best Sequence: [20, 16, 8, 21, 17, 6, 3, 4, 18, 1, 7, 2, 19, 5, 9, 10, 12, 15, 11, 14, 13]
Run 6:
Best OCplx: 2.464288525549237
Best Sequence: [19, 7, 21, 6, 20, 18, 16, 3, 17, 5, 1, 4, 2, 8, 9, 10, 13, 12, 15, 14, 11]
Run 7:
Best OCplx: 2.204348522715259
Best Sequence: [20, 19, 16, 17, 18, 5, 6, 4, 7, 2, 21, 1, 3, 8, 9, 10, 13, 15, 12, 14, 11]
Run 8:
Best OCplx: 2.204348522715259
Best Sequence: [16, 2, 17, 20, 7, 19, 4, 1, 3, 18, 6, 5, 21, 8, 9, 10, 14, 11, 12, 13, 15]
Run 9:
Best OCplx: 2.2990191679939382
Best Sequence: [17, 20, 7, 16, 4, 19, 21, 6, 5, 2, 3, 18, 1, 8, 9, 10, 13, 14, 15, 11, 12]
Run 10:
Best OCplx: 2.204348522715259
Best Sequence: [16, 20, 21, 2, 17, 7, 4, 5, 1, 3, 6, 18, 19, 8, 9, 10, 11, 13, 12, 15, 14]
Run 11:
Best OCplx: 2.353468458974594
Best Sequence: [7, 16, 20, 17, 3, 21, 2, 6, 4, 1, 19, 18, 5, 8, 9, 10, 13, 11, 12, 14, 15]
Run 12:
Best OCplx: 2.204348522715259
Best Sequence: [16, 17, 4, 2, 21, 20, 6, 1, 18, 19, 3, 7, 5, 8, 9, 10, 11, 14, 12, 13, 15]
Run 13:
Best OCplx: 2.4259886558645434
Best Sequence: [20, 16, 18, 6, 7, 21, 19, 4, 2, 3, 17, 1, 5, 8, 9, 10, 11, 14, 12, 15, 13]
Run 14:
Best OCplx: 2.204348522715259
Best Sequence: [20, 16, 2, 17, 6, 19, 1, 7, 5, 18, 21, 3, 4, 8, 9, 10, 11, 14, 13, 15, 12]
Run 15:
Best OCplx: 2.204348522715259
Best Sequence: [7, 20, 16, 6, 19, 18, 21, 17, 1, 2, 4, 3, 5, 8, 9, 10, 11, 13, 15, 14, 12]
Run 16:
Best OCplx: 2.204348522715259
Best Sequence: [21, 7, 20, 19, 16, 17, 2, 6, 5, 3, 18, 4, 1, 8, 9, 10, 15, 14, 12, 11, 13]
Run 17:
Best OCplx: 2.204348522715259
Best Sequence: [16, 17, 20, 19, 4, 2, 6, 21, 3, 18, 5, 7, 1, 8, 9, 10, 15, 14, 11, 13, 12]
Run 18:
Best OCplx: 2.3566260779798647
Best Sequence: [20, 17, 7, 2, 3, 18, 21, 6, 19, 4, 5, 16, 1, 8, 9, 10, 14, 15, 12, 13, 11]
Run 19:
Best OCplx: 2.204348522715259
Best Sequence: [16, 20, 6, 18, 17, 5, 19, 2, 7, 1, 3, 4, 21, 8, 9, 10, 11, 14, 15, 12, 13]
Run 20:
Best OCplx: 2.204348522715259
Best Sequence: [6, 20, 16, 7, 2, 21, 17, 4, 18, 19, 1, 3, 5, 8, 9, 10, 13, 11, 14, 15, 12]
Run 21:
Best OCplx: 2.353468458974594
Best Sequence: [20, 3, 16, 18, 17, 7, 2, 1, 19, 4, 5, 21, 6, 8, 9, 10, 15, 14, 13, 12, 11]
Run 22:
Best OCplx: 2.204348522715259
Best Sequence: [20, 18, 16, 6, 2, 3, 17, 4, 7, 1, 21, 19, 5, 8, 9, 10, 12, 15, 14, 11, 13]
Run 23:
Best OCplx: 2.2990191679939382
Best Sequence: [17, 20, 5, 16, 7, 4, 21, 19, 2, 18, 6, 3, 1, 8, 9, 10, 14, 13, 12, 11, 15]
Run 24:
Best OCplx: 2.204348522715259
Best Sequence: [16, 6, 2, 20, 17, 5, 1, 21, 7, 18, 19, 4, 3, 8, 9, 10, 13, 12, 14, 11, 15]
Run 25:
Best OCplx: 2.204348522715259
Best Sequence: [16, 20, 1, 21, 19, 7, 6, 17, 18, 4, 2, 3, 5, 8, 9, 10, 14, 15, 12, 13, 11]
Run 26:
Best OCplx: 2.2619554327011855
Best Sequence: [2, 16, 7, 20, 21, 17, 19, 4, 5, 6, 18, 1, 3, 8, 9, 10, 14, 11, 15, 12, 13]
Run 27:
Best OCplx: 2.2619554327011855
Best Sequence: [2, 20, 3, 16, 6, 17, 5, 21, 4, 1, 19, 7, 18, 8, 9, 10, 15, 11, 13, 14, 12]
Run 28:
Best OCplx: 2.3936898132726174
Best Sequence: [20, 8, 21, 17, 19, 18, 5, 16, 2, 1, 3, 6, 4, 7, 9, 10, 15, 11, 14, 13, 12]
Run 29:
Best OCplx: 2.2990191679939382
Best Sequence: [20, 8, 16, 18, 19, 2, 17, 4, 5, 21, 7, 1, 3, 6, 9, 10, 15, 13, 11, 14, 12]
Run 30:
Best OCplx: 2.204348522715259
Best Sequence: [16, 20, 17, 18, 19, 5, 7, 6, 1, 4, 21, 2, 3, 8, 9, 10, 13, 14, 11, 15, 12]
