Run 1:
Best OCplx: 0.5300079980413195
Best Sequence: [8, 21, 9, 17, 7, 12, 10, 5, 23, 22, 6, 4, 13, 18, 1, 19, 2, 20, 11, 16, 15, 14, 3]
Run 2:
Best OCplx: 0.46020420639137716
Best Sequence: [17, 22, 12, 9, 4, 23, 18, 7, 20, 5, 11, 8, 10, 1, 2, 16, 6, 21, 3, 19, 14, 15, 13]
Run 3:
Best OCplx: 0.5414167134016202
Best Sequence: [8, 12, 17, 11, 1, 9, 7, 4, 16, 10, 20, 21, 22, 14, 15, 23, 19, 6, 5, 2, 13, 3, 18]
Run 4:
Best OCplx: 0.4872750420614582
Best Sequence: [8, 9, 11, 1, 7, 10, 23, 12, 22, 18, 6, 21, 17, 16, 19, 5, 3, 15, 4, 2, 14, 20, 13]
Run 5:
Best OCplx: 0.5143458777315392
Best Sequence: [8, 21, 1, 23, 12, 18, 13, 16, 14, 15, 11, 10, 19, 6, 22, 9, 7, 17, 4, 5, 2, 20, 3]
Run 6:
Best OCplx: 0.43313337072129615
Best Sequence: [8, 13, 5, 12, 17, 9, 6, 22, 19, 20, 1, 4, 16, 23, 2, 18, 7, 3, 14, 21, 11, 10, 15]
Run 7:
Best OCplx: 0.46020420639137716
Best Sequence: [17, 22, 16, 23, 12, 20, 7, 13, 1, 18, 21, 9, 8, 5, 19, 6, 11, 4, 2, 3, 14, 15, 10]
Run 8:
Best OCplx: 0.5414167134016202
Best Sequence: [8, 17, 9, 12, 22, 4, 6, 18, 23, 7, 11, 19, 1, 13, 14, 16, 20, 10, 15, 21, 5, 2, 3]
Run 9:
Best OCplx: 0.5143458777315393
Best Sequence: [8, 16, 21, 6, 11, 17, 7, 1, 5, 12, 23, 15, 10, 14, 9, 4, 19, 22, 2, 18, 13, 20, 3]
Run 10:
Best OCplx: 0.5407105516057595
Best Sequence: [8, 17, 10, 21, 12, 1, 16, 23, 6, 7, 11, 19, 5, 4, 9, 22, 18, 13, 2, 3, 14, 15, 20]
Run 11:
Best OCplx: 0.5414167134016202
Best Sequence: [8, 17, 19, 11, 16, 10, 6, 9, 5, 23, 21, 13, 1, 7, 14, 18, 15, 20, 12, 4, 2, 3, 22]
Run 12:
Best OCplx: 0.5414167134016202
Best Sequence: [8, 23, 1, 22, 12, 11, 17, 10, 16, 7, 6, 14, 9, 19, 5, 18, 4, 21, 20, 13, 15, 2, 3]
Run 13:
Best OCplx: 0.5684875490717013
Best Sequence: [8, 16, 18, 7, 15, 9, 21, 19, 12, 11, 23, 22, 10, 6, 4, 5, 17, 13, 1, 2, 20, 14, 3]
Run 14:
Best OCplx: 0.5570788337114004
Best Sequence: [8, 17, 12, 13, 7, 1, 19, 9, 4, 22, 5, 10, 23, 16, 2, 6, 3, 14, 11, 21, 18, 15, 20]
Run 15:
Best OCplx: 0.5300079980413195
Best Sequence: [8, 17, 12, 16, 10, 6, 9, 18, 1, 5, 21, 23, 14, 4, 19, 13, 7, 11, 2, 3, 22, 15, 20]
Run 16:
Best OCplx: 0.3248500280409721
Best Sequence: [1, 17, 12, 7, 8, 9, 22, 4, 11, 10, 23, 5, 18, 19, 20, 21, 2, 14, 6, 13, 16, 3, 15]
Run 17:
Best OCplx: 0.5143458777315392
Best Sequence: [12, 17, 8, 7, 22, 19, 9, 1, 6, 23, 16, 4, 18, 14, 11, 15, 10, 5, 2, 3, 13, 20, 21]
Run 18:
Best OCplx: 0.5029371623712385
Best Sequence: [8, 21, 1, 17, 16, 22, 9, 6, 12, 19, 5, 23, 4, 2, 13, 7, 20, 18, 10, 3, 15, 11, 14]
Run 19:
Best OCplx: 0.4872750420614582
Best Sequence: [8, 19, 17, 23, 12, 20, 21, 9, 16, 6, 11, 14, 13, 5, 22, 18, 4, 10, 7, 1, 2, 3, 15]
Run 20:
Best OCplx: 0.5841496693814815
Best Sequence: [8, 13, 16, 17, 12, 14, 10, 9, 6, 4, 23, 1, 5, 2, 3, 18, 15, 11, 22, 21, 7, 20, 19]
Run 21:
Best OCplx: 0.6226292204118634
Best Sequence: [8, 16, 11, 9, 19, 17, 13, 1, 6, 7, 3, 20, 10, 15, 12, 4, 23, 18, 22, 14, 21, 5, 2]
Run 22:
Best OCplx: 0.33555258160541224
Best Sequence: [8, 1, 16, 19, 21, 11, 12, 10, 17, 14, 23, 22, 4, 5, 18, 9, 7, 6, 2, 13, 3, 20, 15]
Run 23:
Best OCplx: 0.46020420639137716
Best Sequence: [8, 12, 20, 9, 23, 11, 6, 13, 4, 10, 5, 17, 19, 1, 16, 22, 7, 2, 21, 18, 3, 14, 15]
Run 24:
Best OCplx: 0.4331333707212962
Best Sequence: [8, 9, 17, 16, 19, 13, 22, 20, 11, 12, 5, 4, 10, 21, 7, 1, 6, 2, 3, 23, 18, 14, 15]
Run 25:
Best OCplx: 0.5841496693814815
Best Sequence: [8, 21, 9, 1, 12, 19, 22, 18, 6, 13, 10, 4, 7, 17, 5, 16, 14, 23, 15, 2, 11, 20, 3]
Run 26:
Best OCplx: 0.4167650886156552
Best Sequence: [12, 8, 13, 11, 4, 9, 21, 22, 10, 18, 20, 17, 16, 23, 19, 1, 6, 5, 2, 7, 3, 14, 15]
Run 27:
Best OCplx: 0.5955583847417822
Best Sequence: [9, 14, 21, 11, 12, 1, 7, 8, 19, 5, 18, 22, 4, 17, 10, 20, 2, 16, 13, 23, 6, 3, 15]
Run 28:
Best OCplx: 0.5414167134016202
Best Sequence: [12, 8, 23, 7, 1, 21, 22, 9, 13, 17, 4, 5, 2, 19, 14, 6, 11, 10, 16, 3, 20, 18, 15]
Run 29:
Best OCplx: 0.5955583847417822
Best Sequence: [8, 21, 9, 1, 6, 12, 18, 11, 4, 14, 16, 23, 10, 5, 13, 7, 2, 15, 19, 17, 20, 22, 3]
Run 30:
Best OCplx: 0.4331333707212962
Best Sequence: [8, 13, 19, 11, 10, 12, 5, 21, 18, 7, 9, 6, 17, 20, 22, 4, 1, 23, 3, 16, 15, 2, 14]
Learning Rate: 0.001
Epsilon: 0.15
Gamma: 0.9
Target Update: 50
Memory Capacity: 20000
Batch Size: 64
if_EWM: True

