Run 1:
Best OCplx: 0.6853971669453542
Best Sequence: [22, 16, 6, 21, 17, 8, 18, 10, 7, 11, 1, 12, 13, 9, 5, 15, 20, 4, 2, 23, 19, 3, 14]
Run 2:
Best OCplx: 0.5785419118799024
Best Sequence: [1, 22, 12, 21, 5, 18, 4, 11, 8, 13, 17, 20, 16, 6, 9, 2, 10, 19, 3, 15, 14, 7, 23]
Run 3:
Best OCplx: 0.6106831292065638
Best Sequence: [5, 9, 13, 16, 12, 8, 23, 4, 7, 22, 1, 11, 2, 19, 6, 17, 14, 10, 3, 18, 20, 15, 21]
Run 4:
Best OCplx: 0.7713892158398701
Best Sequence: [23, 1, 8, 6, 21, 13, 9, 19, 20, 11, 14, 12, 22, 7, 5, 4, 10, 2, 18, 17, 3, 16, 15]
Run 5:
Best OCplx: 1.3603627308052406
Best Sequence: [10, 18, 22, 16, 17, 4, 11, 19, 13, 9, 6, 8, 1, 15, 7, 21, 5, 23, 12, 2, 14, 3, 20]
Run 6:
Best OCplx: 0.7071067811865477
Best Sequence: [20, 14, 7, 12, 18, 11, 1, 10, 5, 13, 9, 4, 21, 8, 2, 6, 16, 19, 3, 22, 15, 17, 23]
Run 7:
Best OCplx: 0.9451869940314637
Best Sequence: [9, 1, 16, 13, 12, 7, 15, 10, 17, 5, 8, 4, 19, 2, 6, 20, 22, 21, 18, 23, 3, 14, 11]
Run 8:
Best OCplx: 0.910385688231983
Best Sequence: [8, 13, 19, 10, 12, 7, 1, 22, 20, 5, 9, 16, 14, 21, 4, 6, 18, 17, 3, 11, 23, 15, 2]
Run 9:
Best OCplx: 0.8139620362519993
Best Sequence: [19, 1, 9, 16, 13, 5, 10, 21, 11, 22, 6, 8, 12, 4, 2, 18, 3, 23, 17, 20, 7, 14, 15]
Run 10:
Best OCplx: 0.8461032535786605
Best Sequence: [1, 16, 12, 18, 9, 4, 19, 22, 10, 8, 20, 5, 2, 13, 11, 14, 21, 17, 7, 23, 6, 15, 3]
Run 11:
Best OCplx: 0.6853971669453542
Best Sequence: [6, 17, 9, 10, 8, 7, 22, 5, 12, 16, 4, 23, 1, 20, 14, 11, 13, 2, 3, 18, 19, 15, 21]
Run 12:
Best OCplx: 0.5464006945532414
Best Sequence: [19, 16, 13, 6, 11, 10, 23, 12, 17, 8, 14, 18, 9, 20, 1, 4, 5, 2, 7, 3, 15, 21, 22]
Run 13:
Best OCplx: 0.25712973861329
Best Sequence: [11, 19, 23, 9, 12, 7, 1, 22, 18, 4, 10, 13, 21, 8, 17, 5, 20, 6, 2, 3, 16, 14, 15]
Run 14:
Best OCplx: 0.38569460791993504
Best Sequence: [8, 22, 11, 13, 21, 14, 1, 18, 17, 10, 12, 6, 7, 23, 5, 20, 9, 19, 16, 4, 2, 3, 15]
Run 15:
Best OCplx: 0.2892709559399513
Best Sequence: [18, 11, 12, 10, 13, 5, 1, 19, 6, 7, 9, 16, 8, 21, 17, 20, 4, 2, 3, 22, 15, 23, 14]
Run 16:
Best OCplx: 0.2892709559399513
Best Sequence: [9, 1, 17, 22, 18, 11, 13, 12, 4, 19, 8, 10, 5, 7, 6, 2, 21, 20, 3, 16, 23, 14, 15]
Run 17:
Best OCplx: 0.4178358252465963
Best Sequence: [16, 11, 14, 21, 9, 12, 10, 13, 22, 4, 19, 1, 7, 5, 8, 17, 2, 6, 20, 23, 18, 3, 15]
Run 18:
Best OCplx: 0.8356716504931926
Best Sequence: [8, 11, 14, 12, 17, 22, 16, 23, 7, 13, 18, 10, 4, 15, 19, 9, 20, 6, 1, 5, 2, 3, 21]
Run 19:
Best OCplx: 1.0535878143051476
Best Sequence: [11, 18, 19, 20, 12, 16, 4, 8, 13, 10, 5, 7, 3, 21, 6, 1, 15, 17, 22, 9, 14, 2, 23]
Run 20:
Best OCplx: 0.4178358252465963
Best Sequence: [12, 11, 22, 9, 21, 8, 23, 20, 17, 13, 6, 4, 18, 19, 10, 5, 1, 2, 7, 3, 16, 15, 14]
Run 21:
Best OCplx: 0.4178358252465963
Best Sequence: [23, 8, 1, 17, 11, 6, 10, 12, 9, 5, 22, 13, 16, 18, 19, 14, 4, 7, 2, 3, 15, 20, 21]
Run 22:
Best OCplx: 0.867812867819854
Best Sequence: [12, 9, 8, 17, 1, 6, 3, 20, 16, 11, 15, 10, 14, 22, 7, 19, 5, 18, 21, 4, 13, 2, 23]
Run 23:
Best OCplx: 0.610683129206564
Best Sequence: [11, 10, 9, 5, 21, 14, 7, 18, 1, 6, 17, 20, 16, 22, 12, 4, 19, 8, 23, 2, 13, 3, 15]
Run 24:
Best OCplx: 0.6532559496186929
Best Sequence: [7, 16, 12, 8, 1, 17, 21, 10, 14, 18, 20, 9, 11, 5, 6, 22, 4, 2, 13, 19, 3, 15, 23]
Run 25:
Best OCplx: 1.1353742095186117
Best Sequence: [16, 17, 8, 6, 13, 1, 15, 10, 5, 22, 20, 14, 9, 2, 23, 12, 4, 18, 11, 21, 19, 7, 3]
Run 26:
Best OCplx: 1.0606601717798214
Best Sequence: [6, 12, 17, 9, 11, 21, 4, 8, 10, 19, 1, 14, 13, 18, 7, 5, 20, 2, 3, 23, 15, 22, 16]
Run 27:
Best OCplx: 0.8356716504931925
Best Sequence: [7, 13, 11, 4, 19, 20, 23, 8, 22, 10, 21, 1, 5, 17, 9, 2, 6, 18, 3, 12, 16, 15, 14]
Run 28:
Best OCplx: 0.9636390007435198
Best Sequence: [9, 12, 19, 14, 23, 4, 7, 13, 10, 11, 5, 16, 1, 8, 17, 2, 3, 22, 15, 18, 6, 21, 20]
Run 29:
Best OCplx: 0.8035304331665312
Best Sequence: [11, 10, 16, 22, 5, 7, 6, 23, 20, 18, 19, 14, 13, 9, 12, 17, 8, 1, 4, 2, 3, 15, 21]
Run 30:
Best OCplx: 0.5246910803120479
Best Sequence: [17, 13, 12, 9, 16, 23, 1, 4, 22, 10, 5, 8, 7, 20, 11, 18, 6, 2, 19, 3, 15, 14, 21]
200: UPDATE_GLOBAL_ITER
GAMMA: 0.99
MAX_EP: 6000
thread_count: 1
RL: 0.0001

Mean: 0.7093
Min: 0.2571
Max: 1.3604
Std: 0.2662