Run 1:
Best OCplx: 1.6186224507579656
Best Sequence: [15, 65, 17, 13, 8, 58, 10, 36, 63, 12, 19, 56, 14, 1, 4, 6, 33, 9, 11, 22, 60, 48, 3, 24, 64, 27, 44, 59, 16, 2, 62, 53, 52, 43, 61, 7, 47, 50, 42, 31, 40, 34, 46, 37, 39, 49, 30, 57, 38, 54, 23, 29, 41, 35, 28, 45, 51, 55, 25, 18, 32, 21, 20, 5, 26]
Run 2:
Best OCplx: 1.5659615561523843
Best Sequence: [12, 15, 13, 24, 8, 64, 17, 6, 2, 11, 65, 10, 14, 9, 58, 35, 16, 3, 7, 1, 59, 4, 19, 62, 53, 48, 22, 61, 18, 27, 60, 26, 30, 39, 23, 37, 47, 55, 44, 51, 38, 63, 34, 40, 43, 41, 28, 36, 29, 31, 46, 49, 32, 56, 54, 50, 25, 52, 57, 42, 33, 21, 45, 5, 20]
Run 3:
Best OCplx: 1.6081772361764777
Best Sequence: [1, 11, 9, 65, 3, 10, 14, 13, 16, 24, 64, 17, 26, 2, 8, 4, 7, 15, 58, 19, 59, 6, 61, 53, 27, 62, 54, 12, 25, 22, 45, 63, 49, 33, 46, 42, 60, 57, 34, 41, 55, 30, 56, 40, 38, 28, 52, 36, 51, 50, 35, 43, 32, 31, 37, 39, 44, 47, 48, 29, 21, 23, 5, 18, 20]
Run 4:
Best OCplx: 1.5362968119786184
Best Sequence: [65, 21, 4, 61, 24, 64, 13, 16, 27, 14, 62, 6, 58, 12, 59, 1, 17, 19, 2, 8, 25, 46, 22, 45, 3, 15, 10, 9, 60, 11, 7, 30, 26, 44, 28, 29, 54, 40, 23, 50, 39, 38, 47, 53, 32, 41, 55, 33, 49, 56, 37, 51, 43, 36, 35, 34, 42, 18, 31, 52, 20, 48, 57, 63, 5]
Run 5:
Best OCplx: 1.4420085013688049
Best Sequence: [16, 64, 3, 27, 14, 4, 65, 17, 24, 26, 13, 10, 59, 58, 9, 12, 19, 15, 2, 38, 6, 35, 8, 11, 62, 1, 7, 39, 37, 60, 54, 63, 23, 48, 22, 45, 25, 50, 36, 61, 30, 34, 42, 49, 44, 40, 53, 29, 41, 47, 46, 43, 51, 32, 52, 33, 56, 21, 55, 28, 20, 57, 31, 18, 5]
Run 6:
Best OCplx: 1.8005548228574582
Best Sequence: [39, 20, 27, 65, 62, 10, 13, 26, 58, 19, 63, 25, 46, 22, 9, 14, 4, 24, 15, 8, 12, 60, 64, 17, 1, 50, 2, 35, 49, 16, 3, 6, 55, 23, 54, 59, 43, 11, 44, 38, 45, 51, 34, 57, 33, 29, 30, 40, 32, 41, 53, 31, 47, 28, 52, 61, 48, 36, 21, 7, 37, 42, 18, 56, 5]
Run 7:
Best OCplx: 1.8168276196583795
Best Sequence: [64, 4, 35, 14, 24, 65, 23, 17, 10, 58, 60, 13, 2, 9, 15, 1, 19, 21, 16, 6, 62, 3, 27, 12, 51, 55, 59, 26, 25, 63, 48, 56, 28, 8, 7, 44, 36, 50, 31, 40, 61, 11, 45, 22, 32, 57, 37, 39, 34, 52, 46, 29, 47, 49, 38, 30, 43, 53, 54, 5, 20, 41, 42, 18, 33]
Run 8:
Best OCplx: 1.7425274393363213
Best Sequence: [1, 59, 3, 40, 8, 32, 10, 17, 19, 13, 65, 11, 6, 64, 2, 58, 14, 27, 9, 15, 12, 16, 25, 7, 24, 22, 62, 4, 54, 26, 61, 50, 30, 60, 63, 46, 37, 56, 42, 33, 5, 41, 52, 44, 21, 39, 49, 28, 43, 38, 47, 31, 36, 35, 23, 53, 45, 20, 51, 18, 57, 29, 34, 48, 55]
Run 9:
Best OCplx: 1.7138547440455194
Best Sequence: [1, 16, 55, 64, 65, 13, 15, 58, 8, 60, 62, 14, 24, 50, 11, 3, 4, 2, 17, 30, 59, 9, 7, 6, 44, 19, 12, 10, 18, 37, 53, 51, 61, 39, 32, 23, 27, 25, 47, 63, 46, 57, 22, 45, 48, 54, 33, 49, 41, 34, 52, 26, 28, 35, 20, 36, 42, 29, 40, 56, 38, 31, 43, 5, 21]
Run 10:
Best OCplx: 1.7369036683786334
Best Sequence: [26, 62, 17, 27, 65, 16, 59, 38, 14, 58, 39, 63, 64, 3, 10, 15, 4, 1, 9, 12, 2, 19, 35, 13, 44, 24, 61, 43, 11, 8, 6, 25, 46, 60, 48, 23, 22, 32, 49, 21, 41, 40, 42, 34, 47, 33, 31, 53, 54, 52, 45, 36, 30, 50, 57, 51, 28, 37, 56, 29, 20, 5, 55, 18, 7]
Run 11:
Best OCplx: 1.650792209364124
Best Sequence: [3, 27, 17, 26, 64, 60, 13, 12, 4, 65, 16, 9, 59, 15, 7, 2, 58, 10, 29, 24, 6, 41, 49, 1, 62, 44, 14, 25, 19, 8, 11, 43, 37, 22, 31, 61, 46, 51, 50, 36, 54, 45, 39, 30, 53, 42, 35, 48, 32, 28, 40, 47, 38, 57, 52, 21, 56, 55, 20, 33, 34, 63, 5, 23, 18]
Run 12:
Best OCplx: 1.7397913296667595
Best Sequence: [40, 4, 62, 14, 10, 19, 17, 6, 13, 59, 37, 12, 2, 15, 8, 64, 24, 9, 16, 65, 58, 3, 60, 27, 1, 11, 63, 7, 49, 25, 48, 61, 44, 26, 36, 56, 23, 42, 52, 57, 47, 22, 28, 34, 31, 43, 54, 45, 53, 33, 30, 18, 29, 38, 46, 39, 35, 20, 32, 41, 55, 51, 50, 21, 5]
Run 13:
Best OCplx: 1.665023244180774
Best Sequence: [62, 3, 1, 56, 10, 60, 9, 17, 15, 64, 27, 13, 6, 19, 65, 24, 16, 58, 59, 4, 2, 8, 12, 33, 11, 30, 45, 25, 29, 26, 61, 14, 53, 55, 22, 7, 36, 52, 46, 39, 50, 23, 18, 37, 47, 57, 49, 32, 63, 41, 38, 43, 28, 48, 35, 40, 20, 42, 21, 44, 51, 54, 34, 31, 5]
Run 14:
Best OCplx: 1.7700238470455074
Best Sequence: [65, 58, 53, 1, 16, 64, 56, 15, 23, 54, 13, 14, 48, 24, 50, 38, 19, 60, 8, 3, 27, 2, 42, 9, 12, 62, 17, 4, 59, 10, 45, 6, 29, 63, 61, 25, 7, 28, 11, 32, 44, 35, 33, 39, 37, 22, 52, 43, 57, 49, 51, 30, 26, 41, 36, 40, 31, 46, 47, 18, 34, 20, 55, 5, 21]
Run 15:
Best OCplx: 1.6940948768575612
Best Sequence: [37, 2, 8, 12, 9, 16, 24, 15, 65, 14, 13, 4, 58, 1, 3, 6, 27, 59, 7, 19, 17, 64, 26, 10, 23, 11, 25, 61, 62, 52, 63, 40, 48, 36, 60, 39, 22, 30, 45, 41, 50, 56, 47, 34, 28, 35, 33, 42, 46, 53, 38, 32, 31, 54, 29, 51, 21, 43, 55, 57, 18, 5, 44, 49, 20]
Run 16:
Best OCplx: 1.8303449893608026
Best Sequence: [65, 59, 37, 13, 64, 52, 16, 31, 3, 24, 17, 62, 9, 15, 58, 4, 61, 54, 19, 14, 7, 8, 12, 27, 25, 6, 1, 35, 32, 10, 22, 11, 42, 50, 2, 60, 49, 28, 56, 63, 41, 40, 34, 36, 47, 45, 55, 26, 39, 44, 21, 57, 53, 33, 48, 46, 29, 30, 43, 38, 18, 23, 51, 20, 5]
Run 17:
Best OCplx: 1.6674170294965363
Best Sequence: [50, 16, 24, 4, 59, 17, 2, 51, 9, 10, 19, 3, 14, 6, 65, 12, 27, 15, 58, 62, 1, 13, 64, 11, 26, 37, 8, 41, 7, 48, 25, 22, 61, 60, 57, 53, 63, 49, 43, 35, 23, 54, 28, 36, 47, 33, 55, 52, 45, 34, 30, 38, 40, 44, 31, 39, 29, 20, 46, 32, 42, 21, 5, 18, 56]
Run 18:
Best OCplx: 1.560421578702026
Best Sequence: [60, 36, 65, 19, 1, 27, 16, 14, 26, 10, 4, 64, 58, 13, 15, 24, 9, 2, 17, 59, 6, 39, 12, 37, 48, 3, 22, 62, 8, 25, 42, 53, 7, 61, 33, 29, 31, 40, 49, 54, 45, 56, 41, 46, 38, 32, 55, 44, 28, 23, 50, 52, 20, 30, 35, 43, 51, 11, 34, 18, 57, 47, 21, 63, 5]
Run 19:
Best OCplx: 1.6832561686028817
Best Sequence: [65, 58, 41, 31, 1, 13, 8, 11, 56, 52, 27, 10, 3, 62, 49, 9, 14, 17, 4, 24, 61, 38, 43, 19, 23, 7, 2, 16, 64, 53, 15, 29, 60, 26, 48, 32, 25, 5, 50, 57, 6, 22, 39, 59, 12, 63, 40, 55, 28, 42, 37, 44, 34, 35, 30, 45, 21, 36, 47, 33, 54, 46, 18, 51, 20]
Run 20:
Best OCplx: 1.6943629482011735
Best Sequence: [15, 64, 17, 26, 59, 60, 2, 14, 4, 12, 50, 13, 5, 8, 19, 6, 65, 58, 1, 27, 10, 62, 16, 3, 36, 9, 30, 31, 24, 25, 22, 11, 39, 7, 28, 51, 41, 49, 63, 34, 53, 54, 48, 57, 61, 52, 35, 23, 37, 43, 46, 56, 45, 38, 55, 44, 20, 21, 40, 32, 33, 42, 47, 29, 18]
Run 21:
Best OCplx: 1.726139213134142
Best Sequence: [27, 17, 65, 16, 2, 24, 3, 26, 4, 58, 12, 63, 53, 10, 62, 14, 15, 9, 1, 29, 64, 59, 19, 8, 28, 13, 6, 11, 23, 49, 7, 61, 25, 34, 60, 5, 36, 51, 44, 32, 40, 45, 48, 22, 35, 50, 56, 41, 43, 37, 47, 52, 57, 39, 46, 30, 42, 18, 21, 55, 38, 31, 54, 33, 20]
Run 22:
Best OCplx: 1.6611055642330586
Best Sequence: [17, 13, 65, 24, 15, 3, 7, 1, 62, 14, 12, 19, 10, 59, 27, 6, 16, 2, 9, 4, 64, 8, 26, 11, 58, 43, 63, 36, 25, 29, 23, 47, 60, 31, 61, 56, 18, 38, 30, 57, 22, 45, 39, 49, 40, 41, 53, 42, 51, 35, 52, 54, 50, 32, 48, 33, 34, 37, 44, 55, 28, 46, 20, 21, 5]
Run 23:
Best OCplx: 1.6795901109879778
Best Sequence: [63, 14, 9, 62, 8, 24, 3, 16, 17, 27, 6, 19, 2, 15, 12, 10, 1, 4, 25, 13, 26, 65, 23, 59, 64, 55, 11, 7, 58, 60, 61, 22, 35, 54, 51, 18, 46, 44, 47, 57, 31, 48, 41, 42, 28, 49, 34, 30, 32, 33, 38, 39, 40, 45, 29, 43, 37, 50, 36, 20, 53, 21, 52, 56, 5]
Run 24:
Best OCplx: 1.7633710510984115
Best Sequence: [65, 58, 29, 12, 47, 54, 50, 48, 22, 3, 62, 24, 13, 4, 59, 34, 9, 60, 17, 8, 64, 61, 16, 14, 15, 19, 11, 27, 41, 6, 52, 25, 23, 28, 1, 33, 56, 26, 55, 10, 2, 53, 38, 40, 42, 46, 7, 57, 51, 35, 37, 63, 45, 30, 20, 31, 32, 39, 44, 43, 18, 36, 49, 21, 5]
Run 25:
Best OCplx: 1.777050603240332
Best Sequence: [65, 6, 12, 58, 19, 17, 60, 33, 4, 57, 10, 24, 28, 14, 1, 40, 54, 46, 26, 64, 15, 3, 56, 59, 2, 9, 35, 13, 16, 62, 63, 61, 27, 50, 48, 22, 37, 53, 55, 8, 25, 32, 52, 30, 38, 31, 44, 42, 43, 41, 36, 49, 34, 11, 20, 29, 39, 45, 47, 21, 23, 51, 5, 7, 18]
Run 26:
Best OCplx: 1.7176407252969361
Best Sequence: [1, 55, 3, 7, 65, 9, 64, 24, 4, 14, 62, 10, 12, 53, 27, 2, 13, 58, 15, 22, 25, 59, 17, 16, 28, 8, 6, 19, 11, 31, 61, 56, 52, 46, 47, 60, 41, 26, 63, 29, 50, 40, 34, 23, 42, 33, 54, 32, 51, 39, 30, 36, 57, 48, 37, 45, 35, 43, 49, 21, 38, 44, 18, 20, 5]
Run 27:
Best OCplx: 1.699644394805062
Best Sequence: [65, 1, 44, 33, 3, 58, 60, 36, 2, 52, 15, 10, 17, 64, 24, 13, 38, 61, 62, 19, 59, 6, 12, 8, 16, 9, 7, 14, 29, 63, 27, 4, 11, 25, 26, 57, 22, 50, 56, 41, 32, 42, 54, 37, 34, 47, 40, 39, 43, 49, 53, 46, 48, 18, 23, 21, 20, 35, 28, 51, 55, 45, 30, 31, 5]
Run 28:
Best OCplx: 1.649753482861318
Best Sequence: [12, 64, 10, 60, 6, 61, 24, 63, 59, 4, 19, 65, 58, 39, 62, 27, 13, 17, 2, 15, 16, 11, 3, 9, 14, 1, 8, 7, 22, 45, 26, 31, 23, 44, 56, 42, 29, 25, 51, 53, 28, 41, 46, 32, 34, 30, 20, 35, 50, 52, 49, 54, 47, 57, 36, 55, 43, 40, 48, 33, 37, 21, 18, 38, 5]
Run 29:
Best OCplx: 1.6005685135637249
Best Sequence: [24, 17, 65, 15, 60, 58, 27, 62, 3, 2, 6, 36, 52, 45, 55, 22, 59, 40, 4, 38, 13, 11, 16, 37, 64, 1, 9, 23, 46, 19, 14, 25, 53, 10, 31, 8, 12, 63, 49, 35, 7, 50, 51, 44, 54, 56, 41, 32, 57, 43, 48, 47, 42, 20, 61, 26, 39, 30, 28, 21, 34, 29, 18, 33, 5]
Run 30:
Best OCplx: 1.5788375321560788
Best Sequence: [37, 64, 19, 14, 24, 65, 4, 62, 15, 9, 16, 13, 6, 58, 1, 10, 12, 27, 2, 59, 8, 36, 25, 61, 51, 7, 3, 31, 17, 11, 32, 22, 26, 52, 57, 63, 39, 34, 30, 23, 40, 54, 60, 44, 56, 49, 41, 33, 42, 43, 50, 45, 55, 35, 47, 38, 48, 29, 20, 46, 28, 53, 18, 5, 21]
