Run 1:
Best OCplx: 0.788785985145955
Best Sequence: [11, 27, 26, 15, 1, 21, 10, 7, 25, 13, 36, 33, 30, 14, 5, 2, 38, 22, 35, 17, 31, 9, 32, 23, 19, 6, 29, 20, 24, 34, 3, 16, 12, 39, 18, 4, 8, 28, 37]
Run 2:
Best OCplx: 0.6948988361632984
Best Sequence: [20, 27, 36, 7, 18, 15, 2, 29, 23, 11, 16, 14, 10, 31, 33, 26, 30, 9, 35, 39, 17, 21, 38, 6, 13, 5, 12, 32, 1, 37, 22, 4, 34, 25, 24, 19, 28, 3, 8]
Run 3:
Best OCplx: 1.1172900974198858
Best Sequence: [24, 25, 27, 10, 21, 15, 14, 2, 28, 38, 34, 11, 3, 23, 1, 26, 31, 32, 13, 39, 33, 9, 36, 6, 12, 29, 17, 35, 8, 4, 16, 19, 7, 5, 20, 18, 37, 30, 22]
Run 4:
Best OCplx: 0.7170547972833482
Best Sequence: [21, 15, 7, 1, 27, 13, 39, 38, 22, 11, 10, 3, 33, 36, 23, 17, 12, 24, 14, 30, 37, 9, 8, 28, 32, 6, 20, 31, 29, 2, 35, 16, 19, 18, 26, 5, 4, 34, 25]
Run 5:
Best OCplx: 0.8180814157085728
Best Sequence: [7, 11, 20, 24, 31, 10, 23, 26, 9, 14, 21, 34, 8, 13, 28, 35, 16, 15, 36, 17, 18, 27, 2, 6, 12, 29, 33, 3, 4, 19, 37, 22, 25, 38, 32, 39, 30, 5, 1]
Run 6:
Best OCplx: 0.9632780008409196
Best Sequence: [28, 11, 21, 39, 32, 10, 35, 20, 19, 27, 17, 23, 34, 5, 9, 30, 33, 18, 1, 37, 22, 15, 24, 6, 4, 38, 31, 36, 2, 25, 29, 14, 13, 8, 12, 7, 26, 3, 16]
Run 7:
Best OCplx: 0.7595783359707744
Best Sequence: [7, 24, 15, 30, 23, 16, 11, 36, 10, 21, 19, 26, 14, 38, 13, 25, 35, 3, 8, 18, 22, 27, 39, 12, 34, 9, 6, 29, 2, 17, 5, 1, 20, 31, 28, 33, 4, 37, 32]
Run 8:
Best OCplx: 0.8972244633130468
Best Sequence: [27, 16, 14, 8, 15, 21, 7, 11, 23, 36, 35, 32, 2, 25, 10, 12, 9, 26, 17, 6, 24, 31, 1, 3, 28, 13, 34, 38, 39, 4, 18, 20, 30, 29, 5, 37, 33, 22, 19]
Run 9:
Best OCplx: 0.8564474673389865
Best Sequence: [16, 25, 38, 27, 28, 8, 7, 20, 26, 32, 35, 11, 10, 21, 9, 1, 31, 33, 36, 6, 13, 17, 30, 34, 23, 19, 39, 12, 5, 4, 3, 29, 37, 24, 2, 15, 22, 14, 18]
Run 10:
Best OCplx: 0.6920678563914332
Best Sequence: [20, 22, 28, 11, 23, 36, 27, 34, 10, 21, 3, 18, 29, 7, 13, 24, 12, 17, 30, 25, 14, 9, 6, 16, 26, 1, 15, 2, 19, 35, 8, 38, 5, 31, 37, 32, 33, 4, 39]
Run 11:
Best OCplx: 0.7875472592482448
Best Sequence: [20, 36, 31, 17, 11, 32, 14, 28, 21, 27, 29, 10, 38, 30, 33, 15, 8, 26, 12, 24, 7, 19, 5, 22, 18, 37, 9, 16, 2, 3, 1, 35, 6, 23, 25, 4, 34, 39, 13]
Run 12:
Best OCplx: 0.6844148102217434
Best Sequence: [22, 39, 3, 17, 11, 34, 30, 27, 28, 16, 20, 10, 7, 14, 18, 26, 1, 36, 32, 19, 35, 37, 15, 21, 9, 6, 12, 24, 23, 5, 4, 25, 33, 29, 8, 31, 2, 13, 38]
Run 13:
Best OCplx: 0.8475696184649392
Best Sequence: [2, 36, 10, 21, 32, 38, 14, 35, 26, 3, 8, 7, 27, 12, 20, 22, 29, 1, 23, 11, 24, 5, 34, 33, 9, 19, 30, 28, 6, 31, 15, 16, 37, 4, 13, 39, 18, 17, 25]
Run 14:
Best OCplx: 0.6858175781276709
Best Sequence: [36, 11, 20, 8, 34, 23, 16, 32, 3, 10, 24, 9, 22, 15, 27, 6, 30, 1, 31, 38, 26, 33, 18, 35, 39, 28, 14, 21, 29, 4, 37, 12, 17, 7, 25, 2, 19, 5, 13]
Run 15:
Best OCplx: 0.8213094606345916
Best Sequence: [34, 28, 32, 19, 16, 8, 2, 7, 30, 3, 22, 1, 11, 27, 39, 18, 10, 33, 15, 35, 31, 17, 37, 14, 9, 6, 21, 36, 5, 13, 4, 24, 29, 25, 20, 12, 23, 38, 26]
Run 16:
Best OCplx: 0.8513448473599763
Best Sequence: [22, 27, 17, 36, 2, 10, 1, 23, 24, 30, 26, 35, 5, 11, 9, 16, 6, 7, 31, 39, 38, 29, 28, 18, 21, 33, 20, 4, 34, 32, 13, 37, 19, 8, 12, 15, 3, 14, 25]
Run 17:
Best OCplx: 0.8376606228791079
Best Sequence: [17, 32, 23, 11, 36, 21, 31, 27, 22, 16, 29, 18, 2, 30, 13, 7, 1, 34, 5, 39, 10, 33, 15, 14, 9, 24, 25, 38, 3, 6, 20, 28, 35, 12, 8, 37, 26, 4, 19]
Run 18:
Best OCplx: 0.8392537605520884
Best Sequence: [17, 19, 20, 24, 2, 33, 1, 15, 8, 27, 3, 18, 39, 13, 22, 5, 30, 7, 23, 38, 36, 11, 10, 9, 31, 28, 34, 6, 37, 14, 4, 32, 35, 26, 21, 16, 12, 25, 29]
Run 19:
Best OCplx: 0.8756689765087304
Best Sequence: [39, 11, 27, 17, 10, 36, 31, 18, 2, 8, 15, 14, 29, 21, 32, 13, 38, 30, 19, 25, 35, 1, 33, 20, 26, 5, 16, 24, 7, 9, 37, 34, 23, 6, 12, 22, 4, 28, 3]
Run 20:
Best OCplx: 0.9613280489659736
Best Sequence: [11, 7, 10, 36, 26, 17, 16, 30, 29, 21, 19, 9, 2, 22, 1, 27, 3, 23, 37, 18, 5, 13, 6, 39, 15, 4, 24, 8, 31, 32, 14, 20, 38, 12, 35, 28, 33, 34, 25]
Run 21:
Best OCplx: 0.7878278128294306
Best Sequence: [24, 11, 27, 10, 20, 19, 9, 2, 39, 35, 29, 21, 34, 16, 5, 36, 28, 14, 31, 18, 30, 3, 33, 7, 38, 22, 1, 37, 6, 32, 4, 15, 12, 25, 8, 23, 26, 13, 17]
Run 22:
Best OCplx: 0.7115305519889998
Best Sequence: [20, 24, 23, 30, 38, 35, 13, 5, 16, 34, 8, 27, 11, 22, 3, 10, 21, 2, 28, 17, 15, 7, 31, 36, 18, 9, 33, 19, 12, 32, 29, 39, 37, 26, 1, 14, 6, 25, 4]
Run 23:
Best OCplx: 0.7200507028622564
Best Sequence: [28, 8, 33, 3, 20, 36, 26, 38, 32, 11, 2, 27, 7, 10, 1, 14, 24, 29, 34, 18, 22, 21, 9, 30, 37, 17, 19, 23, 12, 39, 35, 31, 15, 6, 4, 25, 13, 16, 5]
Run 24:
Best OCplx: 0.917056377678062
Best Sequence: [7, 36, 26, 3, 39, 1, 14, 18, 30, 28, 33, 29, 27, 11, 8, 16, 5, 10, 21, 17, 2, 9, 32, 34, 13, 24, 20, 37, 6, 25, 38, 22, 19, 4, 12, 23, 35, 15, 31]
Run 25:
Best OCplx: 0.6948988361632984
Best Sequence: [30, 7, 5, 24, 27, 11, 10, 34, 16, 19, 36, 1, 23, 9, 33, 21, 26, 38, 18, 3, 13, 6, 35, 29, 20, 22, 2, 15, 31, 25, 37, 28, 32, 8, 4, 14, 12, 39, 17]
Run 26:
Best OCplx: 0.9667103387273439
Best Sequence: [11, 10, 28, 21, 29, 30, 19, 39, 33, 12, 31, 23, 14, 17, 8, 24, 27, 35, 7, 1, 3, 15, 18, 13, 16, 37, 36, 20, 26, 9, 22, 2, 32, 34, 25, 6, 4, 38, 5]
Run 27:
Best OCplx: 0.7278825980323416
Best Sequence: [11, 36, 34, 22, 23, 27, 29, 24, 10, 20, 17, 21, 28, 3, 19, 30, 33, 25, 16, 9, 7, 5, 32, 26, 15, 39, 31, 35, 13, 8, 37, 18, 14, 6, 1, 12, 38, 2, 4]
Run 28:
Best OCplx: 0.9144033631077668
Best Sequence: [24, 17, 8, 14, 28, 36, 13, 20, 32, 19, 29, 31, 11, 5, 23, 18, 34, 3, 10, 25, 22, 7, 27, 30, 26, 15, 21, 39, 33, 12, 9, 38, 16, 6, 1, 2, 35, 4, 37]
Run 29:
Best OCplx: 0.8796091312108105
Best Sequence: [3, 27, 5, 11, 38, 20, 19, 18, 35, 28, 7, 2, 1, 39, 13, 10, 25, 34, 36, 21, 8, 31, 24, 32, 33, 22, 30, 16, 29, 23, 12, 17, 9, 37, 6, 26, 4, 15, 14]
Run 30:
Best OCplx: 0.930972741506041
Best Sequence: [11, 26, 22, 5, 15, 2, 10, 7, 29, 38, 36, 13, 32, 20, 9, 25, 31, 3, 27, 16, 24, 18, 8, 14, 17, 6, 19, 34, 33, 4, 23, 37, 30, 21, 39, 35, 28, 12, 1]

Mean: 0.8249
Min: 0.6844
Max: 1.1173
Std: 0.1046