
Learning Rate: 0.0007
Epsilon: 0.99
Gamma: 0.93
Memory Capacity: 20000
Batch Size: 64
if_EWM: True
Run 1:
Best OCplx: 2.8400287960289456
Best Sequence: [11, 10, 3, 18, 17, 2, 9, 1, 13, 15, 6, 16, 7, 14, 8, 5, 12, 4, 19]
Run 2:
Best OCplx: 3.270224115150362
Best Sequence: [11, 10, 18, 3, 17, 2, 13, 1, 9, 8, 15, 16, 14, 6, 4, 7, 5, 19, 12]
Run 3:
Best OCplx: 3.1118258366442277
Best Sequence: [18, 11, 10, 17, 2, 19, 3, 12, 13, 1, 6, 15, 16, 9, 14, 7, 8, 5, 4]
Run 4:
Best OCplx: 2.8189579283643273
Best Sequence: [11, 10, 18, 17, 2, 12, 3, 9, 1, 14, 13, 19, 6, 15, 16, 8, 7, 4, 5]
Run 5:
Best OCplx: 2.6803394729538783
Best Sequence: [11, 10, 18, 17, 2, 3, 13, 9, 15, 1, 6, 16, 14, 4, 8, 5, 7, 12, 19]
Run 6:
Best OCplx: 3.165200887099182
Best Sequence: [11, 3, 10, 18, 17, 2, 6, 1, 15, 9, 13, 16, 5, 14, 7, 8, 4, 19, 12]
Run 7:
Best OCplx: 2.8400287960289456
Best Sequence: [11, 10, 3, 18, 17, 2, 9, 13, 1, 6, 15, 16, 7, 14, 8, 5, 12, 4, 19]
Run 8:
Best OCplx: 3.084961524059508
Best Sequence: [11, 10, 18, 17, 12, 2, 3, 9, 13, 19, 1, 15, 5, 6, 16, 14, 8, 7, 4]
Run 9:
Best OCplx: 3.25940268939372
Best Sequence: [11, 10, 18, 17, 3, 6, 1, 15, 2, 19, 12, 13, 16, 14, 9, 7, 5, 4, 8]
Run 10:
Best OCplx: 2.9815193713344925
Best Sequence: [11, 10, 18, 17, 3, 2, 19, 12, 9, 13, 1, 6, 15, 16, 8, 7, 14, 5, 4]
Run 11:
Best OCplx: 3.2363388570338616
Best Sequence: [11, 3, 10, 12, 6, 18, 17, 1, 15, 2, 19, 13, 16, 9, 14, 8, 5, 4, 7]
Run 12:
Best OCplx: 2.8056279376662046
Best Sequence: [12, 11, 10, 18, 3, 17, 2, 19, 1, 16, 9, 13, 6, 15, 14, 5, 8, 7, 4]
Run 13:
Best OCplx: 3.1430580934118977
Best Sequence: [15, 11, 10, 18, 17, 2, 9, 3, 13, 1, 6, 16, 14, 8, 19, 4, 7, 5, 12]
Run 14:
Best OCplx: 3.1539970577070497
Best Sequence: [11, 10, 18, 17, 2, 19, 3, 12, 1, 6, 13, 16, 14, 9, 8, 15, 4, 5, 7]
Run 15:
Best OCplx: 3.1300245844137486
Best Sequence: [11, 3, 10, 18, 15, 17, 1, 6, 12, 2, 19, 13, 9, 16, 14, 8, 4, 5, 7]
Run 16:
Best OCplx: 2.555826452564244
Best Sequence: [18, 3, 11, 10, 17, 2, 19, 16, 9, 12, 1, 13, 6, 15, 14, 8, 4, 7, 5]
Run 17:
Best OCplx: 3.335193677916209
Best Sequence: [11, 10, 15, 18, 17, 3, 2, 19, 12, 13, 16, 14, 9, 4, 7, 5, 8, 1, 6]
Run 18:
Best OCplx: 3.3839157097833534
Best Sequence: [11, 10, 3, 18, 17, 6, 1, 2, 12, 19, 15, 13, 16, 14, 9, 5, 7, 4, 8]
Run 19:
Best OCplx: 3.405792700930004
Best Sequence: [9, 11, 10, 18, 17, 12, 2, 3, 1, 6, 16, 13, 15, 19, 14, 5, 7, 8, 4]
Run 20:
Best OCplx: 2.6944449079746935
Best Sequence: [11, 10, 3, 18, 17, 2, 19, 9, 13, 6, 1, 14, 15, 16, 5, 4, 7, 8, 12]
Run 21:
Best OCplx: 3.0055115640241143
Best Sequence: [11, 18, 3, 10, 17, 2, 19, 12, 1, 13, 6, 15, 9, 16, 14, 4, 5, 8, 7]
Run 22:
Best OCplx: 3.166109528032625
Best Sequence: [11, 3, 10, 18, 17, 2, 19, 12, 6, 13, 1, 9, 16, 15, 8, 14, 4, 7, 5]
Run 23:
Best OCplx: 2.617581993429539
Best Sequence: [11, 10, 18, 17, 2, 19, 12, 9, 3, 13, 1, 15, 6, 16, 14, 7, 8, 5, 4]
Run 24:
Best OCplx: 3.2594026893937196
Best Sequence: [11, 10, 18, 17, 2, 3, 19, 12, 13, 1, 6, 15, 16, 14, 9, 4, 8, 5, 7]
Run 25:
Best OCplx: 2.8400287960289456
Best Sequence: [11, 10, 3, 18, 17, 2, 9, 1, 6, 15, 13, 16, 7, 14, 8, 5, 12, 4, 19]
Run 26:
Best OCplx: 3.005511564024115
Best Sequence: [11, 10, 18, 17, 3, 1, 6, 15, 2, 19, 12, 13, 9, 16, 14, 8, 4, 5, 7]
Run 27:
Best OCplx: 2.715515775639312
Best Sequence: [11, 10, 18, 17, 2, 3, 9, 1, 6, 15, 16, 13, 7, 14, 4, 8, 5, 19, 12]
Run 28:
Best OCplx: 2.5488084708386194
Best Sequence: [10, 11, 18, 17, 2, 19, 3, 9, 1, 13, 6, 15, 16, 14, 8, 7, 5, 4, 12]
Run 29:
Best OCplx: 3.1300245844137486
Best Sequence: [11, 3, 10, 15, 18, 6, 17, 1, 12, 2, 19, 13, 9, 16, 14, 4, 8, 5, 7]
Run 30:
Best OCplx: 2.7857451046405486
Best Sequence: [11, 10, 18, 17, 12, 2, 3, 13, 19, 15, 9, 6, 1, 16, 14, 7, 8, 4, 5]
Mean: 2.9990
Min: 2.5488
Max: 3.4058
Std: 0.2488