Learning Rate: 1e-05
Epsilon: 0.1
Gamma: 0.99
Target Update: 200
Memory Capacity: 20000
Batch Size: 128
if_EWM: False

Run 1:
Best OCplx: 5.320611907302244
Best Sequence: [21, 28, 8, 58, 37, 7, 46, 47, 24, 53, 30, 29, 43, 61, 49, 44, 5, 27, 25, 40, 59, 36, 31, 22, 60, 39, 10, 41, 19, 48, 9, 17, 38, 15, 20, 55, 32, 33, 13, 18, 2, 26, 56, 16, 11, 34, 35, 42, 6, 4, 12, 45, 3, 23, 1, 52, 50, 54, 57, 51, 14]
Run 2:
Best OCplx: 4.329071194508224
Best Sequence: [21, 10, 8, 46, 4, 41, 11, 17, 39, 14, 9, 35, 43, 44, 54, 15, 56, 19, 36, 61, 29, 60, 6, 23, 5, 27, 53, 47, 22, 7, 28, 2, 59, 48, 18, 57, 37, 1, 26, 58, 31, 24, 30, 51, 55, 49, 33, 45, 25, 13, 40, 16, 32, 20, 42, 38, 50, 12, 52, 3, 34]
Run 3:
Best OCplx: 5.52299093598505
Best Sequence: [21, 59, 8, 58, 34, 24, 48, 5, 15, 7, 29, 61, 17, 25, 57, 60, 35, 54, 39, 2, 31, 18, 36, 26, 28, 4, 10, 14, 30, 32, 45, 23, 43, 13, 11, 37, 56, 55, 49, 9, 1, 46, 16, 12, 19, 44, 50, 38, 3, 22, 41, 42, 6, 20, 53, 52, 27, 40, 51, 33, 47]
Run 4:
Best OCplx: 5.452434025225398
Best Sequence: [9, 28, 8, 5, 21, 41, 11, 34, 14, 37, 31, 13, 61, 39, 49, 36, 22, 40, 46, 60, 10, 27, 59, 47, 18, 15, 30, 29, 7, 25, 17, 45, 26, 16, 19, 2, 32, 6, 20, 23, 55, 33, 54, 57, 38, 50, 52, 56, 35, 48, 53, 4, 12, 51, 1, 44, 43, 58, 42, 3, 24]
Run 5:
Best OCplx: 5.7325893465522375
Best Sequence: [60, 49, 30, 8, 47, 17, 21, 11, 18, 37, 15, 9, 24, 48, 10, 61, 29, 46, 40, 19, 16, 39, 53, 5, 34, 57, 22, 26, 23, 35, 44, 58, 59, 31, 28, 7, 43, 27, 32, 14, 56, 55, 13, 52, 38, 2, 4, 45, 36, 54, 33, 12, 42, 20, 25, 1, 3, 50, 41, 51, 6]
Run 6:
Best OCplx: 6.086708246118027
Best Sequence: [21, 9, 48, 36, 34, 37, 26, 4, 2, 47, 28, 46, 6, 49, 29, 43, 23, 54, 11, 58, 40, 16, 32, 30, 22, 60, 7, 53, 61, 41, 24, 8, 13, 25, 35, 15, 17, 59, 45, 31, 3, 5, 1, 44, 18, 20, 10, 55, 56, 57, 39, 42, 14, 12, 27, 50, 38, 33, 52, 51, 19]
Run 7:
Best OCplx: 4.592393868756456
Best Sequence: [60, 44, 17, 7, 46, 58, 8, 31, 21, 34, 9, 56, 28, 39, 10, 41, 43, 23, 29, 59, 22, 57, 24, 16, 54, 11, 36, 5, 49, 14, 37, 45, 13, 15, 4, 47, 26, 27, 55, 61, 25, 48, 40, 38, 35, 19, 2, 18, 1, 32, 51, 53, 42, 3, 30, 20, 6, 12, 33, 50, 52]
Run 8:
Best OCplx: 5.90836270359996
Best Sequence: [5, 53, 43, 47, 26, 3, 46, 8, 21, 30, 6, 23, 36, 61, 22, 59, 31, 57, 19, 29, 2, 7, 16, 14, 10, 4, 37, 35, 25, 9, 15, 45, 39, 58, 40, 11, 56, 17, 18, 49, 60, 28, 27, 24, 55, 41, 48, 32, 44, 1, 38, 34, 50, 54, 13, 51, 12, 42, 20, 33, 52]
Run 9:
Best OCplx: 5.370493890266914
Best Sequence: [31, 21, 25, 6, 43, 53, 17, 39, 46, 47, 48, 54, 7, 11, 30, 27, 49, 29, 59, 34, 60, 8, 36, 15, 40, 44, 22, 18, 28, 56, 9, 13, 58, 37, 14, 4, 55, 38, 32, 5, 24, 16, 57, 52, 61, 19, 26, 51, 33, 10, 45, 2, 35, 20, 50, 12, 3, 42, 23, 1, 41]
Run 10:
Best OCplx: 6.730328193663454
Best Sequence: [59, 61, 47, 57, 37, 28, 58, 27, 21, 10, 13, 34, 35, 15, 36, 46, 43, 11, 48, 22, 9, 29, 54, 41, 60, 25, 40, 18, 17, 23, 19, 5, 14, 7, 45, 49, 16, 30, 44, 2, 1, 4, 8, 39, 56, 20, 31, 32, 24, 53, 3, 55, 51, 6, 12, 42, 50, 26, 52, 38, 33]
Run 11:
Best OCplx: 5.30498640943309
Best Sequence: [17, 8, 57, 28, 47, 44, 21, 27, 45, 29, 25, 43, 61, 6, 46, 37, 24, 41, 36, 18, 11, 26, 15, 54, 23, 30, 60, 13, 40, 16, 9, 20, 59, 2, 35, 58, 5, 34, 4, 10, 32, 39, 7, 3, 48, 31, 55, 14, 19, 51, 12, 33, 53, 42, 49, 38, 22, 50, 1, 52, 56]
Run 12:
Best OCplx: 5.270311866892775
Best Sequence: [1, 5, 15, 21, 6, 54, 27, 34, 30, 44, 23, 29, 19, 46, 7, 47, 13, 48, 17, 35, 16, 59, 61, 25, 11, 37, 10, 39, 28, 36, 22, 26, 4, 56, 58, 60, 8, 45, 9, 43, 41, 32, 24, 40, 20, 14, 55, 18, 57, 38, 2, 31, 52, 42, 53, 12, 50, 49, 51, 33, 3]
Run 13:
Best OCplx: 5.750349693292512
Best Sequence: [8, 11, 27, 15, 14, 21, 9, 24, 7, 28, 36, 29, 60, 25, 4, 61, 39, 47, 23, 37, 17, 46, 59, 49, 13, 40, 48, 22, 45, 41, 16, 19, 34, 5, 6, 10, 18, 57, 58, 54, 2, 31, 44, 20, 26, 35, 32, 1, 43, 3, 56, 55, 12, 38, 51, 53, 50, 52, 42, 30, 33]
Run 14:
Best OCplx: 5.755419203451091
Best Sequence: [31, 60, 15, 17, 49, 59, 40, 41, 10, 21, 47, 39, 24, 45, 46, 28, 7, 6, 13, 61, 11, 9, 18, 16, 22, 8, 35, 44, 37, 54, 57, 4, 48, 19, 29, 52, 30, 58, 1, 32, 34, 36, 43, 25, 27, 56, 2, 26, 55, 42, 5, 23, 3, 33, 20, 53, 12, 50, 14, 38, 51]
Run 15:
Best OCplx: 6.257476591588846
Best Sequence: [21, 60, 61, 1, 40, 2, 41, 46, 44, 14, 31, 8, 4, 37, 11, 58, 28, 7, 36, 57, 13, 49, 15, 26, 27, 3, 43, 45, 22, 59, 29, 16, 25, 54, 34, 18, 39, 9, 30, 48, 53, 10, 5, 35, 19, 24, 17, 23, 6, 55, 32, 38, 56, 52, 33, 50, 51, 12, 20, 42, 47]
Run 16:
Best OCplx: 6.569033820570387
Best Sequence: [21, 8, 11, 48, 30, 5, 40, 34, 58, 17, 7, 25, 54, 45, 57, 46, 56, 49, 36, 23, 47, 61, 22, 16, 37, 35, 4, 59, 44, 41, 60, 9, 28, 15, 18, 43, 3, 39, 29, 55, 19, 27, 14, 13, 52, 32, 6, 42, 24, 2, 50, 20, 31, 26, 33, 12, 38, 51, 53, 1, 10]
Run 17:
Best OCplx: 5.411213251054938
Best Sequence: [5, 21, 39, 43, 47, 54, 30, 15, 8, 7, 36, 1, 23, 35, 58, 19, 9, 46, 29, 22, 26, 45, 16, 6, 27, 60, 11, 48, 20, 40, 14, 44, 24, 4, 61, 17, 2, 31, 53, 32, 59, 25, 49, 3, 37, 56, 10, 28, 34, 18, 41, 55, 33, 13, 42, 57, 52, 51, 12, 50, 38]
Run 18:
Best OCplx: 7.021546999914081
Best Sequence: [8, 21, 16, 15, 24, 40, 6, 23, 13, 2, 1, 36, 34, 46, 41, 57, 25, 4, 31, 60, 10, 59, 48, 26, 29, 5, 43, 44, 22, 30, 56, 9, 61, 28, 58, 11, 35, 3, 18, 17, 27, 7, 47, 55, 32, 52, 20, 53, 42, 54, 38, 51, 37, 12, 49, 14, 50, 45, 33, 39, 19]
Run 19:
Best OCplx: 5.642477013927339
Best Sequence: [8, 21, 40, 35, 28, 14, 17, 30, 58, 49, 43, 19, 7, 53, 37, 16, 25, 18, 54, 11, 34, 61, 24, 36, 46, 27, 9, 57, 1, 48, 60, 5, 47, 2, 59, 13, 22, 23, 31, 10, 20, 39, 56, 6, 26, 32, 44, 4, 29, 38, 33, 55, 15, 42, 45, 12, 50, 51, 3, 52, 41]
Run 20:
Best OCplx: 4.011993624137124
Best Sequence: [5, 21, 15, 7, 8, 57, 46, 29, 19, 45, 53, 40, 31, 17, 24, 39, 28, 43, 18, 9, 35, 10, 22, 61, 47, 25, 4, 44, 59, 34, 49, 23, 58, 14, 41, 27, 48, 37, 16, 13, 20, 32, 55, 60, 11, 2, 26, 1, 42, 56, 12, 50, 6, 54, 36, 51, 38, 33, 30, 52, 3]
Run 21:
Best OCplx: 5.051265864684802
Best Sequence: [21, 9, 8, 37, 45, 41, 29, 46, 47, 40, 35, 5, 15, 54, 14, 44, 61, 13, 11, 10, 6, 28, 27, 56, 30, 24, 7, 1, 16, 39, 59, 18, 34, 43, 57, 49, 25, 48, 4, 17, 60, 36, 32, 58, 3, 19, 42, 31, 53, 26, 22, 23, 20, 55, 51, 12, 2, 38, 52, 33, 50]
Run 22:
Best OCplx: 5.989255278951809
Best Sequence: [46, 8, 21, 53, 4, 43, 31, 45, 25, 49, 57, 48, 6, 27, 44, 60, 36, 58, 54, 18, 13, 22, 26, 28, 41, 35, 34, 37, 7, 10, 30, 14, 61, 15, 11, 9, 40, 16, 39, 17, 47, 56, 33, 1, 3, 29, 32, 55, 50, 42, 5, 24, 12, 59, 52, 23, 51, 2, 19, 20, 38]
Run 23:
Best OCplx: 5.890154566510089
Best Sequence: [33, 8, 44, 21, 43, 16, 19, 56, 10, 11, 26, 27, 36, 9, 13, 35, 61, 14, 49, 30, 46, 47, 15, 57, 5, 17, 4, 60, 34, 40, 7, 20, 25, 58, 53, 2, 23, 45, 39, 6, 37, 18, 41, 54, 24, 22, 59, 31, 3, 1, 29, 55, 28, 42, 32, 48, 38, 52, 50, 51, 12]
Run 24:
Best OCplx: 3.9032157120862983
Best Sequence: [8, 21, 6, 27, 4, 5, 9, 46, 14, 28, 16, 56, 34, 39, 2, 47, 44, 57, 24, 58, 10, 49, 11, 53, 37, 17, 59, 40, 41, 45, 36, 26, 13, 60, 22, 7, 30, 29, 23, 18, 31, 48, 15, 32, 43, 19, 55, 1, 38, 42, 35, 3, 25, 54, 52, 20, 12, 61, 33, 51, 50]
Run 25:
Best OCplx: 4.554705634102323
Best Sequence: [59, 8, 21, 9, 5, 4, 2, 10, 56, 14, 46, 60, 11, 54, 44, 18, 35, 57, 47, 23, 43, 13, 53, 22, 40, 6, 29, 7, 31, 61, 58, 27, 41, 17, 26, 32, 25, 34, 24, 28, 39, 37, 49, 36, 45, 51, 48, 55, 50, 12, 1, 38, 16, 52, 15, 42, 33, 30, 19, 20, 3]
Run 26:
Best OCplx: 5.383010220542105
Best Sequence: [36, 34, 10, 61, 9, 31, 60, 5, 21, 48, 16, 35, 44, 13, 7, 46, 56, 43, 17, 8, 54, 57, 47, 45, 28, 53, 37, 27, 18, 58, 32, 4, 1, 24, 25, 3, 19, 51, 29, 55, 11, 6, 52, 22, 14, 23, 59, 15, 39, 42, 50, 20, 40, 26, 38, 49, 12, 2, 33, 41, 30]
Run 27:
Best OCplx: 3.417844556610309
Best Sequence: [21, 4, 34, 59, 10, 25, 7, 8, 18, 15, 36, 28, 44, 31, 61, 46, 60, 29, 47, 43, 13, 49, 37, 39, 30, 58, 40, 9, 48, 57, 16, 19, 41, 17, 53, 27, 26, 23, 35, 55, 32, 12, 20, 24, 50, 14, 45, 1, 2, 3, 56, 54, 22, 42, 5, 38, 51, 52, 33, 6, 11]
Run 28:
Best OCplx: 6.724311036311396
Best Sequence: [15, 21, 2, 8, 43, 48, 1, 13, 4, 6, 45, 41, 61, 49, 27, 60, 22, 28, 10, 58, 31, 46, 44, 9, 14, 3, 25, 18, 34, 53, 35, 19, 36, 17, 39, 30, 20, 59, 7, 32, 47, 5, 29, 24, 23, 56, 16, 57, 40, 55, 54, 11, 52, 26, 37, 33, 50, 51, 12, 42, 38]
Run 29:
Best OCplx: 5.540064871827806
Best Sequence: [59, 21, 8, 4, 2, 11, 10, 58, 57, 54, 47, 14, 36, 48, 27, 31, 23, 45, 13, 22, 35, 44, 39, 60, 28, 25, 30, 19, 37, 34, 40, 29, 6, 9, 16, 41, 5, 15, 17, 26, 7, 1, 18, 61, 46, 43, 24, 55, 53, 32, 50, 12, 3, 38, 51, 49, 42, 33, 52, 56, 20]
Run 30:
Best OCplx: 5.281452730838686
Best Sequence: [40, 34, 21, 15, 46, 6, 29, 8, 23, 54, 48, 47, 2, 30, 53, 19, 14, 18, 7, 11, 56, 60, 59, 31, 22, 28, 57, 17, 39, 61, 10, 16, 44, 58, 35, 43, 4, 24, 36, 37, 27, 49, 26, 3, 20, 45, 13, 41, 32, 9, 55, 38, 52, 12, 1, 25, 33, 42, 5, 50, 51]

Mean: 5.4592
Min: 3.4178
Max: 7.0215
Std: 0.8307