37	145	2
37	36	1
37	421	1
37	460	1
37	455	3
37	143	3
38	371	1
38	421	2
38	460	6
39	38	1
39	133	1
40	36	1
40	38	2
40	460	6
40	133	10
40	39	1
40	143	1
41	371	2
41	96	1
41	420	1
41	372	1
41	42	2
42	144	1
42	456	1
42	36	1
42	421	18
42	460	1
42	133	12
42	459	20
42	372	7
42	163	1
64	82	1
65	82	3
66	82	3
67	82	3
68	82	3
69	82	1
70	82	2
71	371	1
71	82	1
71	68	1
71	69	1
71	70	1
71	64	1
71	65	1
71	66	1
71	67	1
72	371	1
72	82	1
72	73	8
73	460	8
74	371	1
74	42	1
75	371	1
75	83	2
75	42	4
76	77	7
76	82	1
76	73	1
76	42	6
77	371	1
77	76	1
77	42	4
78	74	1
79	78	1
79	371	1
79	77	1
79	82	1
79	71	1
79	72	1
79	75	1
79	422	1
79	42	4
80	73	2
81	82	8
82	371	1
82	421	1
82	80	1
82	73	12
82	81	1
82	42	2
83	82	1
83	182	1
83	73	1
90	89	1
90	143	2
91	371	3
91	421	1
91	36	3
91	372	1
91	42	5
91	90	1
92	464	1
92	93	5
92	146	2
92	143	4
96	94	1
96	37	1
96	143	2
96	95	1
97	425	7
97	454	2
97	497	1
97	143	11
98	371	1
99	134	4
99	133	2
100	454	1
100	157	1
100	143	5
133	36	4
135	454	1
137	158	1
137	138	1
137	141	1
137	132	1
139	143	2
140	143	1
142	146	3
142	143	4
143	146	3
145	143	2
146	182	1
146	451	1
146	422	1
146	142	2
146	143	20
148	421	1
148	460	5
149	460	1
150	460	1
150	457	1
151	143	1
153	460	1
153	457	3
154	460	1
156	152	3
156	141	1
156	132	1
156	151	1
156	154	1
156	150	1
156	153	4
156	149	1
156	138	1
156	148	5
156	140	3
156	146	1
156	143	5
157	454	2
160	143	3
163	456	2
163	43	3
163	458	2
163	182	1
163	98	1
163	416	4
163	143	6
163	424	1
163	42	13
164	421	2
164	162	10
164	460	13
164	457	2
166	454	3
166	181	1
166	420	2
174	42	3
175	371	1
175	177	1
175	42	3
176	178	1
176	371	1
176	464	1
176	36	4
176	180	1
176	146	2
176	42	7
177	371	1
177	36	2
177	179	1
177	459	5
177	372	2
177	146	1
177	42	13
178	371	1
178	464	1
178	180	1
178	146	1
178	42	3
179	371	1
179	421	1
179	36	2
179	176	1
179	146	2
179	42	11
193	355	1
194	422	1
195	199	9
195	421	1
195	355	7
195	460	8
195	196	2
195	193	1
195	197	2
196	469	1
196	197	2
197	198	1
202	355	4
202	195	2
202	197	1
211	197	1
213	214	1
214	199	8
214	355	4
214	196	1
214	213	1
214	358	1
214	363	1
214	197	1
215	199	5
215	355	6
215	211	4
215	197	2
216	217	3
217	216	4
295	199	1
295	313	1
295	301	1
295	297	2
297	199	2
297	313	8
297	301	14
297	294	4
297	296	1
298	299	1
299	312	2
299	310	1
299	301	1
299	298	1
299	297	2
299	300	1
300	312	1
302	293	1
302	297	1
303	293	1
303	310	1
304	310	1
305	297	1
306	297	1
307	310	1
308	310	1
309	310	1
310	304	1
310	305	1
310	302	1
310	303	1
310	301	8
310	308	1
310	309	1
310	311	3
310	306	1
310	307	1
310	297	1
312	301	5
313	294	1
317	313	1
317	355	13
317	301	5
317	365	2
317	299	4
317	297	5
317	197	7
317	366	3
319	199	10
319	201	1
319	200	2
321	320	1
321	370	1
322	355	1
323	319	1
323	365	1
323	197	1
324	355	1
325	319	1
325	355	1
325	365	1
326	355	1
326	365	1
327	355	2
327	365	1
328	355	2
328	365	1
329	355	1
330	355	1
331	355	1
332	355	1
333	319	1
333	355	1
333	365	1
333	299	1
333	297	1
334	355	1
335	355	1
336	355	1
337	355	1
338	355	1
339	355	1
340	355	2
341	319	1
341	355	3
341	365	1
342	319	2
342	355	3
342	365	2
343	199	1
343	355	2
343	365	1
343	299	1
343	297	1
344	199	2
344	313	1
344	355	1
344	299	1
344	297	1
345	365	1
346	355	2
347	355	1
348	199	3
348	313	1
348	355	1
348	299	1
348	297	1
349	355	1
351	319	1
351	355	1
351	365	1
352	319	1
352	355	2
352	365	1
353	319	1
353	355	2
353	365	1
354	355	1
355	350	1
355	351	1
355	348	1
355	349	1
355	333	1
355	344	1
355	322	1
355	354	1
355	299	2
355	199	2
355	336	1
355	337	1
355	318	7
355	338	1
355	339	1
355	340	1
355	321	1
355	341	1
355	342	1
355	343	1
355	365	14
355	317	3
355	362	4
355	358	5
355	352	1
355	334	1
355	297	1
355	353	1
355	335	1
355	319	9
355	332	1
355	366	3
355	197	5
355	324	1
355	325	1
355	326	1
355	327	1
355	328	1
355	329	1
355	330	1
355	331	1
355	370	1
355	345	1
355	346	1
355	323	1
355	347	1
355	214	6
358	357	1
361	362	1
362	361	1
362	359	1
362	360	1
365	319	2
365	364	1
365	369	1
365	366	1
366	367	1
369	319	1
369	199	1
369	197	1
371	421	3
371	459	3
371	372	4
372	452	2
372	468	1
372	459	8
372	146	4
372	142	3
372	466	1
372	462	1
372	143	4
372	163	1
373	161	1
373	142	1
375	374	3
375	143	1
391	421	1
391	460	1
392	454	3
392	460	1
392	143	12
393	516	1
393	371	2
393	460	1
393	422	1
393	42	5
394	516	1
394	371	1
394	422	1
394	372	1
394	401	1
394	42	4
395	396	2
396	516	1
396	464	1
396	136	5
396	470	1
396	460	5
396	454	5
396	181	5
396	395	1
396	146	1
396	391	1
396	143	2
397	398	1
397	143	5
398	397	1
398	454	3
398	460	2
398	143	5
399	400	1
399	143	8
400	460	1
400	399	2
400	143	6
401	371	1
401	421	1
401	460	2
401	459	1
401	42	14
402	371	1
402	468	2
402	422	5
402	372	1
402	401	1
402	42	8
402	163	2
403	421	1
403	160	1
403	159	9
403	460	3
403	454	1
403	181	8
404	143	1
405	404	5
405	460	1
405	181	2
407	421	1
407	474	1
407	460	2
407	181	2
407	143	1
414	143	1
416	415	1
416	412	1
416	146	1
416	142	1
416	143	3
416	465	1
420	147	1
420	156	3
422	92	3
422	139	1
422	36	4
422	423	1
422	98	1
422	459	5
422	372	3
422	146	15
422	416	1
422	143	23
422	42	6
423	422	2
423	372	1
426	135	4
426	497	1
426	146	1
426	143	6
427	421	1
427	460	2
457	143	1
460	469	3
460	421	1
460	182	2
460	373	2
460	142	1
460	375	1
460	416	1
460	465	1
460	143	1
460	42	4
460	457	2
462	461	3
467	143	1
468	143	1
471	463	1
472	497	1
473	371	1
473	472	2
473	427	2
473	497	4
473	460	1
473	37	2
474	421	1
474	460	5
487	489	1
487	100	1
488	36	6
488	143	8
488	42	6
489	490	1
489	143	1
490	426	1
490	143	2
491	421	2
491	460	1
491	146	1
492	421	3
492	460	2
494	422	1
495	371	1
495	41	1
495	42	3
496	460	1
496	146	1
497	454	2
497	460	1
497	181	4
497	157	9
497	143	5
516	515	1
516	450	1
516	454	4
516	142	4
516	416	1
516	92	14
516	36	7
516	139	1
516	511	1
516	512	1
516	518	1
516	459	8
516	513	1
516	372	3
516	514	1
516	146	13
516	517	1
516	519	1
516	143	42
516	521	1
516	42	10
516	510	1
517	143	1
518	143	2
520	162	11
520	460	9
520	457	4
521	516	2
521	372	1
