Run 1:
Best OCplx: 2.1915198997987786
Best Sequence: [3, 65, 34, 1, 14, 54, 58, 57, 11, 30, 27, 31, 22, 23, 32, 60, 47, 29, 13, 24, 33, 19, 53, 46, 26, 49, 59, 7, 37, 62, 45, 61, 48, 6, 52, 5, 9, 35, 50, 63, 40, 20, 21, 39, 55, 25, 44, 15, 38, 51, 36, 2, 12, 64, 56, 41, 43, 17, 10, 16, 42, 8, 4, 28, 18]
Run 2:
Best OCplx: 2.440887228701058
Best Sequence: [58, 25, 41, 43, 1, 15, 28, 39, 49, 30, 61, 31, 13, 38, 14, 56, 64, 29, 40, 65, 32, 24, 3, 36, 62, 9, 6, 59, 11, 23, 46, 12, 42, 34, 63, 27, 52, 16, 37, 60, 55, 47, 22, 2, 20, 45, 35, 17, 18, 8, 50, 44, 33, 5, 53, 7, 57, 19, 21, 48, 26, 51, 10, 54, 4]
Run 3:
Best OCplx: 2.211312202646104
Best Sequence: [4, 59, 49, 65, 58, 15, 16, 18, 22, 64, 13, 32, 19, 45, 31, 61, 41, 51, 44, 47, 6, 37, 62, 10, 23, 20, 8, 24, 36, 55, 27, 12, 48, 11, 26, 39, 57, 29, 53, 3, 2, 25, 7, 60, 46, 50, 56, 35, 28, 54, 14, 17, 33, 30, 34, 5, 42, 1, 43, 63, 40, 9, 52, 38, 21]
Run 4:
Best OCplx: 2.422071059459372
Best Sequence: [64, 7, 14, 49, 58, 37, 65, 24, 35, 22, 53, 47, 29, 5, 26, 30, 20, 28, 10, 13, 56, 12, 6, 27, 9, 38, 19, 62, 25, 23, 43, 61, 8, 31, 33, 40, 39, 45, 52, 51, 15, 17, 18, 44, 41, 3, 16, 59, 42, 1, 21, 48, 55, 2, 50, 60, 46, 4, 34, 54, 57, 36, 32, 63, 11]
Run 5:
Best OCplx: 2.4710181883083253
Best Sequence: [38, 14, 52, 64, 58, 27, 21, 59, 7, 37, 10, 13, 15, 45, 2, 22, 61, 57, 60, 33, 50, 42, 55, 23, 31, 36, 19, 49, 62, 40, 29, 54, 6, 43, 53, 1, 30, 24, 25, 44, 8, 11, 17, 3, 20, 56, 35, 63, 18, 46, 16, 4, 39, 34, 32, 5, 51, 48, 65, 12, 9, 28, 26, 47, 41]
Run 6:
Best OCplx: 2.41485624996721
Best Sequence: [58, 43, 60, 31, 50, 23, 4, 49, 39, 27, 42, 16, 54, 44, 20, 48, 56, 62, 12, 15, 6, 1, 13, 25, 64, 9, 38, 28, 30, 8, 11, 57, 24, 65, 40, 55, 7, 18, 2, 63, 10, 33, 53, 29, 51, 14, 22, 35, 59, 21, 52, 34, 37, 32, 36, 41, 26, 17, 3, 45, 61, 46, 5, 47, 19]
Run 7:
Best OCplx: 2.4387548536796224
Best Sequence: [31, 59, 55, 15, 58, 60, 28, 13, 12, 22, 11, 30, 36, 18, 3, 63, 62, 54, 24, 9, 35, 52, 64, 21, 37, 17, 44, 8, 1, 14, 4, 45, 39, 27, 33, 38, 43, 34, 56, 25, 42, 7, 6, 51, 10, 2, 53, 47, 48, 41, 49, 46, 50, 26, 57, 20, 65, 29, 23, 16, 61, 19, 40, 32, 5]
Run 8:
Best OCplx: 2.2810545251550485
Best Sequence: [50, 51, 40, 61, 65, 13, 41, 8, 58, 37, 44, 11, 53, 39, 24, 34, 59, 22, 46, 55, 27, 10, 17, 32, 28, 42, 15, 12, 52, 26, 21, 29, 31, 38, 47, 63, 3, 54, 4, 14, 45, 25, 19, 62, 2, 1, 48, 56, 49, 6, 43, 9, 35, 33, 64, 57, 30, 18, 36, 60, 23, 5, 7, 20, 16]
Run 9:
Best OCplx: 2.2392973850140856
Best Sequence: [6, 59, 1, 4, 58, 3, 56, 19, 27, 42, 17, 37, 16, 51, 62, 2, 48, 25, 31, 32, 41, 50, 57, 34, 45, 36, 22, 21, 24, 47, 60, 13, 53, 33, 14, 44, 10, 64, 7, 39, 12, 8, 29, 63, 55, 35, 65, 61, 20, 11, 28, 18, 49, 9, 30, 15, 40, 5, 38, 43, 46, 52, 26, 23, 54]
Run 10:
Best OCplx: 2.532223510194457
Best Sequence: [54, 51, 15, 52, 60, 65, 27, 7, 17, 24, 25, 58, 23, 37, 11, 28, 22, 18, 44, 29, 8, 49, 34, 30, 9, 10, 62, 16, 42, 35, 2, 55, 59, 63, 38, 36, 14, 61, 13, 45, 39, 46, 1, 4, 5, 57, 41, 64, 32, 6, 19, 3, 40, 53, 48, 33, 21, 50, 20, 31, 56, 12, 47, 43, 26]
Run 11:
Best OCplx: 2.7092396042215245
Best Sequence: [8, 44, 51, 6, 1, 36, 2, 58, 49, 47, 50, 19, 65, 28, 33, 13, 4, 27, 22, 60, 11, 25, 63, 26, 12, 23, 35, 42, 46, 9, 15, 55, 16, 34, 52, 3, 53, 17, 54, 21, 39, 38, 7, 56, 59, 37, 41, 14, 40, 18, 30, 24, 61, 45, 10, 31, 20, 64, 29, 62, 5, 32, 57, 48, 43]
Run 12:
Best OCplx: 2.553369720027611
Best Sequence: [19, 41, 17, 26, 60, 58, 51, 50, 36, 59, 22, 16, 14, 4, 40, 10, 38, 1, 57, 2, 49, 3, 13, 39, 33, 43, 7, 27, 20, 34, 55, 31, 37, 11, 6, 9, 30, 48, 63, 8, 42, 45, 35, 24, 53, 64, 32, 21, 54, 46, 47, 52, 28, 12, 44, 62, 25, 65, 29, 18, 23, 61, 15, 5, 56]
Run 13:
Best OCplx: 2.5422624393693605
Best Sequence: [20, 50, 15, 63, 8, 27, 58, 19, 9, 6, 2, 48, 44, 40, 17, 1, 3, 14, 61, 43, 22, 55, 31, 35, 54, 13, 7, 57, 56, 60, 36, 33, 51, 39, 53, 42, 62, 26, 32, 28, 41, 64, 11, 21, 37, 12, 29, 4, 10, 46, 5, 18, 24, 30, 47, 49, 34, 23, 38, 25, 52, 65, 16, 59, 45]
Run 14:
Best OCplx: 2.468331884469963
Best Sequence: [58, 31, 38, 36, 56, 15, 35, 4, 63, 11, 1, 13, 55, 46, 14, 29, 8, 52, 9, 19, 28, 23, 17, 40, 26, 59, 39, 3, 22, 32, 48, 60, 16, 41, 27, 64, 37, 30, 18, 61, 54, 2, 50, 34, 7, 43, 49, 6, 45, 42, 24, 20, 47, 21, 25, 12, 51, 65, 62, 53, 57, 10, 5, 33, 44]
Run 15:
Best OCplx: 2.359296923249299
Best Sequence: [8, 2, 14, 57, 24, 58, 65, 29, 59, 56, 32, 19, 40, 36, 11, 60, 37, 7, 27, 43, 44, 48, 12, 23, 52, 18, 46, 63, 22, 20, 50, 15, 3, 28, 62, 42, 31, 5, 25, 53, 47, 6, 54, 38, 16, 61, 34, 35, 41, 55, 26, 33, 64, 21, 1, 45, 39, 9, 49, 13, 10, 4, 51, 30, 17]
Run 16:
Best OCplx: 2.341544777545702
Best Sequence: [48, 2, 3, 36, 65, 49, 31, 55, 58, 41, 24, 34, 52, 43, 27, 32, 37, 22, 63, 28, 13, 20, 12, 56, 8, 47, 59, 51, 33, 16, 15, 7, 1, 62, 9, 60, 14, 19, 64, 26, 39, 45, 17, 30, 11, 40, 53, 25, 6, 61, 29, 54, 18, 10, 4, 44, 57, 42, 35, 21, 5, 50, 38, 46, 23]
Run 17:
Best OCplx: 2.788550660524845
Best Sequence: [58, 63, 15, 56, 32, 40, 2, 8, 33, 57, 51, 3, 1, 29, 23, 37, 10, 17, 39, 46, 11, 35, 43, 45, 24, 28, 14, 13, 7, 55, 5, 18, 34, 27, 20, 52, 21, 47, 31, 61, 9, 49, 26, 64, 60, 59, 19, 6, 42, 48, 41, 16, 62, 25, 54, 30, 53, 4, 12, 38, 50, 22, 65, 44, 36]
Run 18:
Best OCplx: 2.2851740627714467
Best Sequence: [58, 62, 56, 14, 37, 27, 49, 45, 22, 30, 16, 13, 7, 55, 34, 50, 17, 21, 18, 59, 8, 53, 39, 38, 15, 48, 47, 11, 28, 25, 33, 6, 3, 40, 41, 43, 65, 64, 20, 63, 9, 35, 1, 10, 31, 44, 42, 51, 2, 46, 4, 32, 23, 36, 29, 52, 5, 26, 54, 57, 24, 60, 19, 12, 61]
Run 19:
Best OCplx: 2.4650734008863084
Best Sequence: [58, 48, 64, 7, 38, 11, 28, 36, 56, 27, 49, 54, 51, 23, 52, 32, 60, 15, 25, 13, 55, 3, 24, 50, 17, 40, 62, 47, 39, 35, 45, 19, 30, 29, 41, 44, 6, 63, 31, 10, 8, 46, 22, 20, 34, 59, 4, 18, 12, 14, 9, 2, 57, 5, 26, 65, 53, 1, 43, 42, 37, 16, 61, 21, 33]
Run 20:
Best OCplx: 2.5386392639103965
Best Sequence: [58, 31, 30, 53, 4, 8, 46, 64, 1, 52, 23, 13, 55, 16, 7, 15, 14, 49, 47, 11, 22, 17, 62, 37, 38, 26, 21, 34, 27, 59, 42, 36, 2, 25, 20, 24, 48, 41, 28, 6, 39, 50, 60, 18, 5, 29, 32, 43, 35, 40, 57, 45, 3, 19, 9, 65, 44, 33, 51, 54, 56, 61, 12, 63, 10]
Run 21:
Best OCplx: 2.41582744217615
Best Sequence: [58, 22, 26, 39, 64, 55, 63, 35, 32, 21, 14, 50, 27, 46, 19, 34, 48, 38, 11, 10, 62, 33, 65, 43, 2, 4, 20, 17, 16, 49, 60, 13, 6, 36, 23, 30, 51, 7, 45, 57, 40, 41, 3, 8, 59, 18, 15, 1, 52, 47, 56, 37, 5, 24, 25, 53, 29, 9, 12, 44, 61, 42, 54, 31, 28]
Run 22:
Best OCplx: 1.9927691354739623
Best Sequence: [58, 1, 38, 13, 10, 62, 33, 59, 31, 14, 63, 61, 34, 39, 15, 3, 50, 12, 49, 24, 53, 6, 43, 57, 60, 42, 36, 54, 9, 2, 17, 41, 55, 27, 46, 52, 22, 64, 11, 23, 25, 56, 35, 19, 44, 45, 40, 16, 30, 8, 65, 4, 7, 29, 18, 47, 51, 20, 21, 5, 26, 32, 48, 28, 37]
Run 23:
Best OCplx: 2.282606308770237
Best Sequence: [58, 57, 64, 14, 61, 30, 24, 44, 43, 10, 22, 42, 53, 25, 9, 17, 27, 31, 2, 51, 55, 3, 29, 28, 11, 32, 6, 16, 8, 54, 36, 21, 41, 46, 48, 13, 12, 47, 35, 19, 50, 5, 37, 62, 63, 38, 34, 49, 33, 45, 18, 1, 52, 26, 39, 60, 65, 23, 15, 40, 4, 20, 56, 7, 59]
Run 24:
Best OCplx: 2.1912897325188956
Best Sequence: [62, 13, 43, 15, 12, 58, 35, 9, 4, 32, 24, 22, 19, 53, 63, 54, 3, 49, 50, 39, 20, 52, 30, 27, 6, 61, 37, 38, 33, 10, 47, 57, 34, 8, 2, 16, 25, 14, 40, 11, 51, 41, 18, 44, 29, 5, 55, 46, 21, 1, 26, 31, 23, 59, 28, 56, 45, 60, 65, 48, 7, 17, 42, 36, 64]
Run 25:
Best OCplx: 2.3014081157939854
Best Sequence: [51, 65, 9, 11, 14, 6, 58, 41, 29, 45, 28, 2, 3, 15, 42, 39, 27, 1, 44, 5, 63, 4, 26, 50, 48, 30, 59, 57, 23, 33, 7, 13, 25, 49, 53, 46, 36, 22, 34, 37, 38, 32, 12, 64, 20, 40, 35, 47, 31, 54, 62, 10, 8, 61, 52, 18, 43, 56, 19, 17, 55, 21, 24, 60, 16]
Run 26:
Best OCplx: 2.440899694538978
Best Sequence: [12, 10, 34, 1, 20, 58, 33, 61, 32, 51, 65, 60, 38, 22, 27, 26, 48, 29, 54, 45, 55, 57, 42, 2, 3, 6, 23, 35, 50, 36, 21, 37, 13, 15, 59, 25, 28, 9, 39, 4, 49, 14, 44, 31, 19, 30, 41, 46, 53, 16, 8, 47, 7, 17, 11, 56, 43, 5, 63, 24, 52, 62, 18, 64, 40]
Run 27:
Best OCplx: 2.1876790228978487
Best Sequence: [53, 58, 22, 37, 27, 30, 13, 59, 64, 3, 26, 6, 60, 41, 38, 15, 49, 35, 44, 24, 57, 34, 11, 10, 1, 2, 62, 56, 33, 61, 21, 14, 47, 32, 17, 25, 51, 52, 12, 65, 55, 31, 39, 48, 19, 46, 36, 23, 28, 8, 40, 4, 16, 20, 63, 42, 50, 29, 7, 45, 18, 5, 9, 54, 43]
Run 28:
Best OCplx: 2.498476710198755
Best Sequence: [17, 40, 53, 65, 54, 58, 4, 21, 42, 22, 3, 37, 13, 56, 57, 27, 11, 28, 47, 6, 24, 63, 36, 43, 59, 34, 9, 64, 1, 32, 38, 41, 29, 44, 61, 31, 33, 26, 62, 49, 45, 12, 46, 10, 39, 30, 20, 16, 48, 35, 55, 19, 18, 50, 8, 7, 15, 60, 25, 51, 2, 14, 5, 52, 23]
Run 29:
Best OCplx: 2.339155903284938
Best Sequence: [58, 39, 27, 28, 16, 23, 13, 44, 52, 43, 31, 25, 3, 21, 19, 24, 36, 46, 41, 61, 29, 57, 10, 51, 20, 8, 17, 6, 62, 53, 40, 65, 11, 22, 35, 32, 30, 59, 63, 49, 38, 50, 47, 34, 7, 60, 45, 64, 4, 56, 37, 48, 2, 55, 18, 15, 42, 14, 12, 1, 33, 5, 9, 54, 26]
Run 30:
Best OCplx: 2.7120643213657414
Best Sequence: [58, 43, 14, 65, 17, 34, 27, 23, 28, 12, 60, 11, 54, 51, 20, 52, 10, 63, 18, 46, 41, 38, 62, 57, 1, 36, 15, 61, 33, 53, 4, 48, 2, 26, 31, 56, 35, 47, 9, 24, 25, 21, 45, 55, 32, 29, 13, 59, 19, 49, 42, 5, 16, 37, 50, 44, 64, 40, 8, 7, 39, 30, 6, 3, 22]
Learning Rate: 1e-05
Epsilon: 0.1
Gamma: 0.99
Reward Version: v6
if_EWM: False

Mean: 2.4019
Min: 1.9928
Max: 2.7886
Std: 0.1706
