Run 1:
Best OCplx: 2.2806010856662895
Best Sequence: [31, 58, 27, 9, 47, 4, 13, 25, 55, 15, 52, 60, 17, 64, 28, 45, 53, 37, 62, 23, 48, 8, 41, 54, 51, 26, 34, 40, 61, 57, 14, 38, 49, 10, 22, 1, 21, 16, 39, 2, 3, 65, 59, 56, 30, 24, 11, 18, 12, 5, 63, 33, 7, 20, 29, 35, 42, 44, 43, 6, 50, 32, 19, 36, 46]
Run 2:
Best OCplx: 2.513787757722218
Best Sequence: [34, 3, 19, 24, 62, 58, 14, 27, 63, 44, 20, 13, 8, 7, 17, 48, 56, 36, 37, 2, 16, 30, 52, 47, 54, 21, 12, 60, 55, 45, 65, 9, 6, 32, 64, 29, 28, 31, 51, 15, 4, 5, 22, 61, 33, 46, 38, 53, 1, 25, 40, 43, 10, 57, 18, 50, 39, 59, 11, 49, 41, 35, 42, 23, 26]
Run 3:
Best OCplx: 2.370006497258515
Best Sequence: [36, 58, 16, 39, 17, 3, 15, 27, 43, 45, 24, 18, 14, 33, 49, 22, 5, 30, 44, 53, 7, 2, 31, 46, 26, 35, 42, 10, 57, 47, 34, 65, 63, 13, 60, 12, 20, 59, 48, 37, 40, 61, 64, 11, 21, 52, 23, 41, 51, 55, 54, 25, 50, 19, 4, 6, 38, 56, 8, 32, 29, 62, 1, 9, 28]
Run 4:
Best OCplx: 2.4365975469823478
Best Sequence: [50, 2, 65, 14, 15, 51, 57, 58, 24, 13, 16, 22, 20, 1, 56, 10, 18, 38, 43, 46, 60, 52, 47, 59, 35, 30, 61, 6, 33, 64, 42, 8, 63, 54, 17, 23, 36, 9, 48, 5, 62, 45, 4, 39, 32, 25, 11, 28, 29, 19, 27, 37, 26, 3, 34, 55, 53, 44, 49, 7, 41, 12, 40, 21, 31]
Run 5:
Best OCplx: 1.617870486161353
Best Sequence: [65, 16, 60, 2, 58, 17, 27, 48, 57, 9, 13, 23, 46, 31, 1, 33, 22, 43, 62, 20, 19, 21, 24, 36, 64, 49, 8, 30, 3, 4, 51, 53, 61, 52, 12, 14, 39, 55, 44, 32, 54, 45, 40, 29, 25, 59, 50, 11, 26, 15, 42, 7, 63, 10, 5, 34, 38, 56, 41, 47, 6, 35, 18, 28, 37]
Run 6:
Best OCplx: 2.3400327520119637
Best Sequence: [61, 24, 46, 64, 58, 52, 9, 56, 31, 34, 35, 23, 55, 12, 59, 6, 54, 1, 13, 22, 63, 41, 27, 48, 43, 14, 62, 8, 33, 4, 16, 60, 45, 21, 36, 51, 37, 57, 11, 38, 19, 53, 44, 42, 15, 40, 7, 25, 32, 28, 26, 49, 17, 10, 3, 50, 47, 20, 29, 5, 2, 39, 18, 30, 65]
Run 7:
Best OCplx: 2.408113036423181
Best Sequence: [54, 23, 64, 27, 40, 9, 13, 58, 30, 14, 22, 33, 43, 28, 19, 15, 56, 45, 29, 31, 52, 39, 47, 12, 16, 38, 5, 8, 46, 26, 32, 48, 60, 65, 25, 24, 36, 51, 34, 20, 10, 57, 49, 59, 6, 63, 35, 7, 21, 41, 53, 62, 11, 44, 1, 4, 2, 17, 61, 50, 18, 37, 55, 3, 42]
Run 8:
Best OCplx: 1.7412035695361368
Best Sequence: [27, 15, 10, 19, 9, 65, 16, 58, 35, 40, 3, 31, 12, 61, 14, 56, 22, 6, 20, 46, 48, 63, 41, 57, 53, 47, 13, 30, 18, 32, 52, 5, 55, 38, 8, 34, 42, 17, 21, 43, 50, 23, 26, 49, 36, 62, 29, 24, 45, 64, 33, 4, 2, 51, 59, 1, 11, 37, 54, 25, 60, 7, 28, 44, 39]
Run 9:
Best OCplx: 1.8104710619935762
Best Sequence: [41, 15, 9, 12, 65, 10, 58, 23, 30, 13, 42, 8, 44, 1, 63, 3, 4, 40, 39, 24, 19, 49, 56, 27, 25, 53, 61, 37, 11, 60, 14, 52, 18, 22, 43, 59, 32, 51, 64, 62, 2, 47, 38, 35, 26, 55, 45, 31, 36, 46, 50, 6, 20, 34, 33, 5, 54, 7, 29, 48, 28, 57, 17, 16, 21]
Run 10:
Best OCplx: 1.8576333284885749
Best Sequence: [3, 65, 1, 58, 54, 60, 32, 61, 47, 8, 39, 17, 36, 27, 59, 2, 42, 29, 53, 13, 15, 49, 30, 45, 23, 62, 7, 63, 10, 44, 51, 41, 46, 12, 64, 9, 24, 6, 35, 55, 31, 43, 22, 52, 50, 20, 34, 37, 38, 26, 57, 11, 19, 4, 28, 16, 14, 56, 33, 18, 5, 40, 48, 25, 21]
Run 11:
Best OCplx: 2.1248754538987584
Best Sequence: [64, 36, 15, 31, 27, 65, 58, 19, 10, 22, 52, 60, 28, 55, 14, 54, 24, 43, 11, 26, 49, 53, 6, 38, 46, 29, 32, 47, 30, 20, 61, 9, 17, 56, 45, 21, 35, 16, 34, 1, 62, 39, 13, 25, 7, 51, 59, 63, 12, 57, 50, 48, 42, 2, 23, 40, 18, 3, 44, 5, 4, 37, 41, 8, 33]
Run 12:
Best OCplx: 2.3153193845966515
Best Sequence: [39, 58, 8, 27, 22, 55, 14, 62, 25, 47, 45, 21, 2, 20, 19, 9, 6, 54, 51, 24, 5, 44, 32, 57, 60, 63, 29, 53, 1, 42, 65, 30, 52, 13, 34, 33, 38, 48, 64, 26, 12, 16, 31, 37, 49, 50, 43, 17, 10, 36, 23, 46, 7, 40, 56, 59, 61, 18, 41, 11, 28, 15, 3, 4, 35]
Run 13:
Best OCplx: 2.105444868758897
Best Sequence: [61, 58, 39, 14, 27, 47, 13, 4, 8, 55, 18, 26, 59, 65, 17, 35, 44, 49, 31, 7, 1, 10, 22, 12, 48, 9, 60, 30, 16, 29, 21, 5, 32, 28, 34, 23, 50, 19, 51, 63, 52, 2, 45, 43, 62, 42, 25, 11, 54, 41, 37, 36, 3, 38, 40, 53, 57, 33, 15, 56, 24, 46, 64, 20, 6]
Run 14:
Best OCplx: 1.9980210846767847
Best Sequence: [62, 27, 16, 1, 58, 51, 25, 45, 22, 37, 3, 7, 60, 38, 14, 52, 24, 47, 63, 13, 17, 8, 21, 31, 6, 9, 33, 56, 55, 42, 10, 11, 4, 53, 28, 32, 64, 44, 18, 26, 20, 65, 59, 43, 46, 23, 41, 50, 54, 5, 36, 39, 35, 2, 40, 30, 61, 34, 29, 15, 48, 12, 57, 19, 49]
Run 15:
Best OCplx: 2.2373965775561397
Best Sequence: [17, 27, 13, 65, 31, 29, 15, 58, 62, 14, 26, 55, 37, 4, 22, 40, 5, 7, 33, 21, 39, 25, 42, 9, 1, 50, 41, 36, 6, 28, 43, 59, 63, 32, 52, 18, 57, 19, 16, 38, 10, 51, 2, 12, 45, 61, 23, 56, 8, 44, 3, 11, 20, 34, 35, 46, 49, 54, 24, 47, 60, 64, 30, 53, 48]
Run 16:
Best OCplx: 2.1287431588555443
Best Sequence: [4, 58, 27, 45, 39, 62, 41, 52, 26, 46, 8, 14, 54, 22, 49, 34, 55, 59, 13, 19, 12, 7, 63, 48, 24, 51, 65, 15, 57, 16, 1, 31, 42, 6, 5, 47, 25, 38, 61, 35, 30, 36, 53, 17, 11, 29, 64, 43, 10, 2, 23, 37, 33, 3, 20, 28, 18, 44, 50, 60, 32, 21, 40, 9, 56]
Run 17:
Best OCplx: 2.0073464144399633
Best Sequence: [12, 28, 24, 58, 22, 52, 65, 55, 16, 13, 59, 14, 10, 9, 57, 53, 8, 15, 64, 30, 51, 27, 36, 48, 6, 62, 34, 50, 42, 25, 63, 17, 35, 47, 46, 41, 45, 5, 7, 37, 54, 44, 56, 60, 11, 18, 19, 39, 32, 20, 33, 1, 21, 49, 3, 40, 29, 26, 4, 31, 43, 38, 2, 61, 23]
Run 18:
Best OCplx: 2.3747972077143764
Best Sequence: [29, 12, 58, 27, 9, 15, 49, 11, 39, 23, 36, 26, 22, 56, 61, 21, 30, 47, 10, 64, 3, 37, 20, 50, 40, 1, 38, 60, 8, 62, 43, 41, 7, 44, 14, 45, 5, 32, 17, 19, 31, 28, 25, 2, 35, 53, 55, 33, 57, 63, 6, 59, 34, 24, 46, 65, 52, 13, 18, 42, 4, 16, 51, 54, 48]
Run 19:
Best OCplx: 2.02260266550363
Best Sequence: [64, 65, 34, 19, 41, 57, 16, 27, 14, 58, 26, 63, 23, 42, 31, 22, 32, 44, 47, 6, 50, 46, 28, 45, 53, 3, 61, 55, 48, 33, 21, 43, 15, 13, 56, 1, 8, 54, 25, 59, 11, 37, 12, 38, 49, 36, 17, 30, 40, 20, 2, 7, 60, 52, 29, 5, 24, 62, 35, 51, 39, 10, 4, 18, 9]
Run 20:
Best OCplx: 1.8970223555613046
Best Sequence: [65, 54, 58, 27, 38, 19, 1, 22, 53, 47, 12, 14, 9, 29, 49, 43, 36, 48, 60, 2, 34, 46, 63, 17, 61, 50, 4, 15, 64, 39, 56, 62, 16, 52, 26, 42, 25, 40, 33, 31, 8, 21, 59, 44, 24, 28, 11, 51, 35, 13, 3, 6, 37, 20, 45, 18, 55, 32, 23, 10, 7, 5, 30, 41, 57]
Run 21:
Best OCplx: 2.1542223174092157
Best Sequence: [9, 58, 42, 65, 24, 22, 29, 3, 2, 38, 49, 23, 1, 13, 26, 12, 27, 11, 21, 17, 39, 53, 46, 31, 4, 20, 30, 52, 62, 10, 55, 59, 19, 25, 16, 33, 43, 8, 40, 14, 18, 57, 48, 64, 56, 28, 41, 6, 36, 15, 37, 34, 44, 5, 35, 54, 47, 63, 7, 61, 32, 51, 60, 50, 45]
Run 22:
Best OCplx: 1.9136160644447533
Best Sequence: [3, 13, 11, 65, 23, 27, 58, 63, 30, 49, 39, 26, 22, 32, 20, 57, 42, 51, 52, 45, 60, 29, 46, 41, 28, 19, 21, 50, 34, 35, 4, 64, 55, 61, 8, 40, 9, 15, 48, 16, 1, 25, 43, 53, 6, 47, 36, 18, 56, 12, 33, 62, 14, 54, 37, 59, 24, 10, 44, 38, 5, 31, 2, 17, 7]
Run 23:
Best OCplx: 2.146145154965763
Best Sequence: [19, 13, 58, 18, 10, 65, 56, 14, 8, 53, 44, 11, 17, 16, 48, 55, 24, 52, 34, 28, 27, 7, 4, 57, 33, 62, 9, 63, 45, 22, 31, 36, 39, 64, 38, 21, 37, 6, 43, 42, 26, 41, 50, 59, 54, 23, 5, 1, 47, 46, 61, 29, 35, 12, 51, 15, 25, 49, 30, 20, 40, 3, 32, 2, 60]
Run 24:
Best OCplx: 2.267297865979935
Best Sequence: [40, 4, 27, 58, 38, 65, 8, 9, 34, 14, 61, 19, 5, 59, 3, 63, 60, 26, 12, 53, 45, 49, 22, 24, 13, 42, 46, 11, 64, 54, 36, 50, 33, 18, 29, 1, 20, 32, 51, 43, 39, 23, 21, 48, 55, 17, 52, 47, 37, 25, 56, 2, 15, 16, 10, 30, 44, 57, 41, 28, 7, 62, 31, 6, 35]
Run 25:
Best OCplx: 2.1335209073770747
Best Sequence: [4, 1, 8, 29, 58, 13, 16, 27, 15, 25, 19, 65, 50, 17, 47, 22, 43, 45, 60, 10, 36, 63, 9, 37, 2, 52, 20, 42, 11, 32, 24, 7, 44, 38, 12, 40, 14, 54, 21, 39, 48, 62, 56, 34, 5, 33, 51, 49, 35, 46, 61, 53, 18, 23, 31, 57, 3, 59, 26, 6, 41, 30, 55, 28, 64]
Run 26:
Best OCplx: 2.230473051795324
Best Sequence: [26, 57, 4, 58, 35, 27, 17, 24, 12, 22, 37, 65, 55, 9, 33, 42, 47, 23, 40, 16, 15, 34, 63, 38, 7, 50, 46, 13, 31, 59, 45, 48, 52, 51, 14, 44, 56, 62, 19, 36, 1, 11, 10, 28, 20, 8, 30, 49, 3, 60, 61, 29, 32, 18, 39, 43, 25, 41, 54, 64, 53, 5, 2, 6, 21]
Run 27:
Best OCplx: 2.1313238425983525
Best Sequence: [48, 58, 33, 27, 63, 32, 61, 19, 55, 13, 15, 62, 16, 47, 24, 38, 4, 9, 41, 50, 14, 3, 57, 46, 40, 45, 36, 23, 49, 52, 59, 53, 25, 5, 34, 60, 37, 22, 1, 44, 12, 2, 26, 54, 30, 20, 39, 51, 56, 17, 8, 10, 31, 29, 64, 43, 21, 42, 7, 35, 11, 28, 65, 6, 18]
Run 28:
Best OCplx: 1.9927576060159726
Best Sequence: [9, 65, 4, 55, 58, 46, 13, 42, 33, 61, 23, 35, 31, 2, 64, 24, 34, 22, 10, 12, 44, 20, 15, 63, 28, 17, 47, 32, 19, 14, 40, 52, 56, 41, 36, 5, 37, 29, 59, 60, 16, 30, 48, 6, 49, 27, 45, 57, 18, 21, 50, 26, 8, 54, 53, 39, 43, 3, 38, 7, 25, 1, 51, 62, 11]
Run 29:
Best OCplx: 2.533566194448016
Best Sequence: [37, 18, 13, 15, 58, 59, 55, 19, 8, 34, 32, 60, 23, 61, 38, 47, 65, 27, 16, 45, 14, 54, 44, 51, 17, 7, 57, 5, 40, 11, 41, 46, 1, 52, 43, 12, 22, 10, 26, 31, 53, 4, 25, 30, 20, 36, 24, 64, 35, 56, 42, 63, 6, 39, 3, 50, 28, 49, 33, 9, 48, 2, 62, 21, 29]
Run 30:
Best OCplx: 2.2548115356006897
Best Sequence: [16, 9, 15, 17, 20, 58, 19, 14, 22, 59, 56, 52, 11, 33, 46, 3, 60, 40, 24, 30, 39, 45, 12, 13, 18, 35, 49, 43, 51, 6, 55, 63, 44, 61, 28, 21, 50, 48, 8, 62, 4, 36, 64, 31, 42, 47, 38, 2, 27, 10, 23, 7, 53, 34, 26, 32, 37, 25, 65, 5, 1, 41, 57, 29, 54]
Learning Rate: 0.0001
Epsilon: 0.1
Gamma: 0.99
Reward Version: v2.1
if_EWM: False
