Run 1:
Best OCplx: 1.860415163283798
Best Sequence: [59, 14, 10, 37, 27, 34, 17, 26, 13, 65, 1, 58, 8, 55, 41, 56, 6, 61, 5, 36, 49, 12, 57, 48, 24, 44, 16, 28, 32, 51, 40, 46, 22, 25, 52, 53, 47, 63, 60, 9, 35, 20, 11, 4, 7, 21, 50, 42, 39, 33, 31, 64, 18, 38, 54, 23, 15, 19, 45, 2, 3, 62, 30, 43, 29]
Run 2:
Best OCplx: 1.9295318837222455
Best Sequence: [24, 14, 4, 23, 47, 12, 32, 13, 9, 65, 59, 30, 11, 2, 8, 58, 27, 22, 55, 49, 18, 48, 29, 64, 53, 40, 37, 57, 51, 19, 46, 1, 16, 10, 43, 36, 15, 7, 56, 63, 26, 28, 3, 42, 5, 38, 25, 35, 34, 54, 45, 17, 33, 60, 31, 21, 20, 44, 50, 61, 6, 52, 39, 62, 41]
Run 3:
Best OCplx: 2.0319211546038742
Best Sequence: [9, 15, 12, 1, 63, 65, 58, 42, 26, 57, 34, 14, 8, 22, 40, 53, 30, 62, 52, 61, 35, 27, 56, 64, 36, 44, 32, 3, 46, 45, 13, 25, 23, 4, 31, 59, 43, 37, 5, 17, 47, 29, 16, 49, 55, 7, 41, 39, 11, 50, 54, 33, 38, 18, 6, 48, 28, 19, 2, 51, 24, 60, 20, 10, 21]
Run 4:
Best OCplx: 2.0696184942412947
Best Sequence: [50, 13, 16, 62, 27, 8, 51, 65, 59, 36, 58, 26, 40, 56, 61, 17, 12, 48, 3, 14, 6, 46, 41, 5, 31, 49, 45, 35, 43, 39, 2, 9, 60, 24, 47, 57, 11, 52, 64, 55, 22, 30, 42, 32, 34, 63, 20, 33, 23, 44, 15, 19, 25, 37, 28, 1, 38, 54, 10, 18, 29, 4, 7, 21, 53]
Run 5:
Best OCplx: 2.1079552147870686
Best Sequence: [1, 24, 58, 22, 20, 49, 34, 40, 19, 42, 45, 63, 32, 9, 35, 17, 33, 14, 37, 13, 65, 57, 41, 55, 56, 2, 28, 27, 30, 46, 23, 26, 43, 6, 15, 50, 8, 54, 62, 38, 51, 10, 53, 4, 64, 39, 3, 60, 16, 59, 18, 48, 12, 61, 21, 5, 36, 47, 52, 31, 7, 25, 29, 11, 44]
Run 6:
Best OCplx: 2.0646935652041556
Best Sequence: [1, 17, 14, 9, 62, 65, 24, 50, 53, 58, 12, 60, 44, 22, 3, 59, 63, 28, 10, 4, 42, 19, 48, 54, 37, 64, 11, 30, 38, 8, 56, 35, 25, 21, 29, 61, 45, 5, 27, 36, 26, 16, 46, 13, 55, 47, 23, 7, 20, 41, 52, 2, 6, 32, 40, 33, 39, 49, 31, 18, 57, 51, 43, 15, 34]
Run 7:
Best OCplx: 2.142522800513068
Best Sequence: [59, 9, 1, 64, 46, 4, 24, 57, 55, 19, 65, 58, 35, 22, 33, 27, 43, 40, 20, 14, 12, 23, 10, 44, 63, 17, 50, 30, 29, 45, 54, 21, 37, 25, 38, 60, 48, 11, 5, 13, 3, 49, 34, 7, 18, 53, 6, 36, 62, 47, 8, 56, 31, 39, 2, 28, 32, 51, 41, 26, 15, 52, 42, 16, 61]
Run 8:
Best OCplx: 2.164490375850946
Best Sequence: [41, 19, 3, 2, 57, 65, 27, 58, 39, 62, 23, 42, 53, 13, 47, 18, 15, 28, 56, 49, 24, 61, 26, 35, 33, 50, 45, 38, 16, 10, 9, 22, 30, 4, 63, 20, 60, 8, 52, 14, 17, 46, 44, 31, 7, 54, 32, 21, 51, 36, 64, 6, 12, 1, 5, 34, 55, 59, 40, 25, 29, 43, 11, 37, 48]
Run 9:
Best OCplx: 2.1218597658847
Best Sequence: [17, 7, 3, 60, 30, 56, 4, 65, 58, 62, 49, 47, 14, 27, 35, 50, 33, 45, 55, 13, 31, 25, 1, 51, 19, 22, 38, 63, 2, 23, 9, 46, 16, 43, 29, 12, 44, 59, 20, 54, 57, 8, 6, 36, 40, 34, 11, 37, 21, 64, 24, 5, 10, 39, 28, 42, 52, 18, 32, 48, 53, 61, 26, 15, 41]
Run 10:
Best OCplx: 1.94019546512882
Best Sequence: [8, 2, 1, 13, 65, 58, 26, 22, 14, 61, 41, 7, 34, 6, 20, 39, 43, 50, 24, 52, 51, 12, 27, 59, 33, 29, 38, 63, 60, 57, 47, 44, 5, 16, 23, 48, 62, 15, 42, 10, 28, 49, 55, 11, 45, 25, 17, 36, 64, 32, 35, 40, 21, 54, 37, 9, 53, 46, 3, 56, 30, 31, 19, 18, 4]
Run 11:
Best OCplx: 1.9304673195730242
Best Sequence: [1, 24, 16, 3, 60, 14, 64, 13, 21, 65, 23, 10, 4, 50, 34, 58, 15, 46, 22, 27, 36, 48, 47, 63, 62, 61, 33, 8, 2, 25, 5, 17, 32, 52, 26, 31, 11, 44, 57, 42, 18, 43, 39, 30, 41, 9, 38, 6, 49, 54, 59, 56, 12, 19, 28, 29, 55, 53, 37, 35, 7, 51, 40, 45, 20]
Run 12:
Best OCplx: 2.115657271404294
Best Sequence: [53, 61, 41, 65, 59, 38, 51, 58, 16, 19, 12, 60, 14, 52, 55, 28, 42, 48, 46, 56, 27, 24, 57, 5, 3, 17, 22, 43, 44, 25, 63, 34, 45, 1, 36, 9, 37, 13, 29, 40, 39, 21, 15, 11, 31, 30, 10, 50, 32, 23, 8, 54, 20, 35, 7, 2, 47, 62, 64, 6, 49, 4, 18, 33, 26]
Run 13:
Best OCplx: 2.0724010655341742
Best Sequence: [19, 42, 14, 65, 49, 12, 58, 9, 23, 6, 53, 39, 63, 13, 45, 29, 59, 40, 61, 20, 2, 27, 22, 8, 36, 50, 1, 33, 46, 15, 51, 64, 31, 57, 35, 3, 55, 30, 32, 26, 11, 43, 24, 48, 34, 7, 17, 37, 62, 28, 16, 44, 47, 25, 52, 38, 4, 10, 41, 54, 56, 60, 18, 21, 5]
Run 14:
Best OCplx: 2.267652578097683
Best Sequence: [12, 20, 6, 39, 65, 45, 58, 9, 3, 26, 41, 2, 60, 22, 51, 14, 50, 57, 15, 36, 24, 16, 33, 21, 5, 17, 28, 56, 48, 13, 37, 32, 27, 59, 25, 11, 31, 49, 40, 30, 61, 63, 35, 53, 34, 64, 8, 29, 54, 23, 19, 10, 52, 62, 55, 46, 44, 42, 18, 1, 47, 7, 4, 38, 43]
Run 15:
Best OCplx: 2.0344837757386336
Best Sequence: [19, 62, 60, 65, 17, 28, 8, 58, 22, 38, 14, 34, 31, 39, 48, 42, 29, 51, 44, 54, 25, 13, 4, 33, 30, 21, 12, 45, 61, 16, 11, 55, 47, 2, 1, 9, 5, 10, 32, 36, 56, 24, 27, 35, 64, 53, 46, 52, 23, 49, 15, 26, 57, 59, 41, 50, 7, 43, 6, 63, 3, 37, 18, 20, 40]
Run 16:
Best OCplx: 2.0073209550097753
Best Sequence: [39, 41, 4, 6, 65, 3, 24, 13, 27, 58, 59, 7, 48, 61, 31, 21, 49, 22, 54, 8, 11, 14, 26, 37, 34, 51, 15, 47, 29, 30, 43, 52, 25, 60, 40, 28, 57, 45, 18, 35, 9, 44, 46, 38, 16, 64, 56, 1, 50, 2, 63, 62, 32, 55, 10, 17, 12, 36, 23, 53, 20, 5, 33, 19, 42]
Run 17:
Best OCplx: 2.113258598307194
Best Sequence: [24, 3, 4, 65, 58, 18, 47, 11, 30, 59, 22, 41, 42, 14, 2, 46, 13, 31, 27, 36, 39, 48, 54, 7, 28, 45, 43, 8, 32, 34, 57, 23, 55, 60, 21, 56, 25, 35, 61, 44, 64, 38, 49, 33, 51, 16, 15, 20, 52, 62, 63, 53, 26, 6, 9, 1, 12, 29, 5, 40, 10, 17, 19, 50, 37]
Run 18:
Best OCplx: 1.864123629930313
Best Sequence: [59, 64, 65, 58, 48, 32, 17, 8, 22, 12, 3, 13, 23, 14, 52, 36, 2, 16, 19, 18, 38, 28, 10, 27, 6, 43, 44, 24, 29, 11, 40, 61, 41, 51, 62, 37, 7, 5, 49, 47, 20, 30, 53, 25, 50, 56, 46, 4, 35, 54, 57, 39, 15, 63, 31, 1, 26, 60, 55, 9, 45, 34, 33, 21, 42]
Run 19:
Best OCplx: 2.1766729978395314
Best Sequence: [3, 60, 13, 45, 24, 14, 51, 65, 36, 58, 38, 39, 22, 1, 8, 64, 61, 23, 18, 16, 46, 12, 40, 41, 6, 54, 29, 4, 33, 63, 10, 28, 42, 59, 19, 9, 52, 44, 31, 2, 47, 62, 35, 27, 7, 37, 30, 20, 50, 25, 55, 49, 53, 15, 48, 5, 11, 56, 43, 26, 17, 21, 34, 57, 32]
Run 20:
Best OCplx: 1.8810317216127992
Best Sequence: [10, 20, 65, 27, 6, 56, 58, 4, 63, 9, 2, 22, 61, 23, 38, 42, 19, 64, 12, 16, 41, 55, 33, 36, 3, 39, 24, 30, 60, 53, 14, 44, 43, 13, 26, 1, 37, 48, 50, 8, 7, 54, 52, 25, 46, 28, 57, 34, 59, 11, 17, 5, 29, 51, 35, 18, 47, 45, 15, 40, 62, 49, 21, 31, 32]
Run 21:
Best OCplx: 2.1427452012303543
Best Sequence: [64, 61, 21, 17, 13, 58, 41, 27, 54, 34, 12, 47, 16, 50, 44, 24, 19, 59, 22, 48, 26, 40, 63, 35, 38, 55, 15, 3, 6, 14, 57, 2, 1, 56, 8, 37, 29, 60, 10, 18, 53, 20, 25, 23, 46, 49, 51, 31, 45, 42, 52, 11, 28, 33, 39, 43, 62, 36, 5, 9, 4, 32, 7, 30, 65]
Run 22:
Best OCplx: 2.1257875972412847
Best Sequence: [15, 44, 62, 29, 27, 58, 26, 3, 4, 41, 64, 25, 45, 59, 30, 24, 17, 13, 51, 50, 22, 61, 52, 32, 14, 21, 54, 43, 60, 47, 5, 6, 38, 8, 20, 36, 11, 1, 18, 46, 63, 33, 34, 23, 37, 55, 39, 56, 10, 53, 7, 57, 9, 28, 35, 19, 16, 12, 49, 2, 65, 48, 42, 40, 31]
Run 23:
Best OCplx: 2.2013080895461044
Best Sequence: [34, 10, 58, 65, 2, 45, 37, 60, 46, 16, 24, 13, 11, 3, 8, 22, 12, 15, 29, 21, 9, 55, 62, 48, 44, 28, 33, 31, 43, 50, 61, 38, 7, 27, 14, 26, 17, 6, 4, 19, 51, 56, 49, 59, 18, 64, 40, 5, 30, 32, 20, 35, 47, 1, 42, 63, 53, 25, 23, 41, 57, 36, 52, 54, 39]
Run 24:
Best OCplx: 2.0814407045519756
Best Sequence: [3, 33, 14, 10, 4, 12, 65, 52, 2, 19, 17, 61, 63, 58, 57, 22, 5, 27, 36, 13, 44, 51, 26, 15, 38, 46, 42, 55, 9, 37, 43, 64, 28, 48, 20, 50, 8, 7, 35, 1, 40, 32, 29, 16, 59, 56, 25, 23, 24, 45, 30, 60, 31, 18, 21, 62, 41, 34, 6, 47, 11, 54, 53, 39, 49]
Run 25:
Best OCplx: 1.8863996566297143
Best Sequence: [1, 48, 24, 9, 61, 65, 8, 58, 22, 39, 41, 54, 19, 23, 17, 52, 64, 14, 57, 32, 37, 2, 43, 29, 44, 46, 27, 11, 62, 26, 40, 49, 59, 38, 20, 51, 55, 21, 7, 63, 42, 3, 28, 6, 35, 31, 25, 13, 15, 12, 36, 18, 33, 50, 47, 45, 56, 16, 10, 4, 5, 34, 30, 60, 53]
Run 26:
Best OCplx: 2.155875847700757
Best Sequence: [65, 3, 15, 36, 10, 2, 64, 13, 23, 42, 34, 24, 61, 57, 52, 58, 22, 40, 29, 46, 41, 28, 47, 45, 19, 56, 53, 31, 60, 4, 27, 8, 59, 16, 30, 49, 55, 25, 43, 11, 21, 17, 38, 35, 1, 20, 37, 50, 12, 14, 62, 39, 6, 33, 48, 54, 26, 32, 9, 5, 18, 51, 44, 63, 7]
Run 27:
Best OCplx: 2.23356693226801
Best Sequence: [51, 1, 33, 14, 65, 58, 24, 12, 47, 9, 63, 36, 44, 50, 8, 53, 11, 15, 22, 25, 17, 5, 34, 62, 49, 60, 27, 37, 41, 59, 64, 31, 28, 48, 6, 55, 35, 18, 54, 19, 38, 29, 57, 4, 43, 45, 2, 46, 39, 52, 10, 23, 42, 16, 40, 7, 21, 56, 20, 32, 3, 26, 61, 13, 30]
Run 28:
Best OCplx: 1.9988522983607693
Best Sequence: [15, 24, 14, 27, 58, 1, 4, 59, 61, 54, 25, 26, 50, 63, 16, 3, 22, 9, 47, 17, 36, 13, 35, 46, 53, 19, 45, 37, 49, 6, 11, 34, 44, 43, 30, 20, 32, 62, 7, 42, 56, 55, 65, 48, 28, 8, 60, 12, 31, 64, 18, 29, 51, 5, 33, 57, 39, 41, 38, 23, 40, 21, 10, 2, 52]
Run 29:
Best OCplx: 2.127841303213473
Best Sequence: [59, 65, 11, 58, 49, 22, 26, 17, 36, 64, 6, 28, 27, 18, 53, 7, 52, 13, 10, 47, 40, 1, 44, 51, 25, 29, 12, 14, 31, 57, 35, 20, 54, 16, 30, 61, 5, 32, 2, 23, 9, 3, 60, 15, 55, 19, 37, 33, 62, 38, 45, 24, 50, 41, 4, 63, 39, 42, 34, 56, 21, 43, 48, 46, 8]
Run 30:
Best OCplx: 2.088606262704408
Best Sequence: [14, 64, 13, 15, 10, 54, 27, 37, 8, 2, 30, 6, 65, 59, 23, 55, 58, 3, 25, 28, 32, 46, 11, 22, 35, 31, 60, 9, 52, 48, 24, 7, 1, 57, 47, 17, 44, 51, 21, 20, 41, 45, 53, 50, 39, 38, 36, 5, 49, 42, 62, 33, 43, 4, 26, 56, 40, 29, 61, 63, 18, 16, 12, 34, 19]
