Run 1:
Best OCplx: 2.340831213338432
Best Sequence: [18, 2, 6, 16, 17, 21, 20, 7, 19, 1, 5, 3, 8, 4, 9, 10, 11, 14, 12, 13, 15]
Run 2:
Best OCplx: 2.3201631046449145
Best Sequence: [16, 20, 3, 17, 7, 6, 1, 2, 21, 18, 4, 19, 5, 8, 9, 10, 14, 11, 13, 15, 12]
Run 3:
Best OCplx: 2.2864383840163898
Best Sequence: [19, 16, 2, 21, 17, 20, 18, 4, 7, 6, 8, 3, 1, 9, 10, 5, 14, 11, 15, 13, 12]
Run 4:
Best OCplx: 2.4211783591001352
Best Sequence: [20, 17, 7, 19, 5, 18, 21, 4, 3, 16, 2, 6, 8, 1, 9, 10, 14, 11, 15, 12, 13]
Run 5:
Best OCplx: 2.5158956699265116
Best Sequence: [16, 19, 7, 2, 8, 21, 6, 17, 3, 20, 4, 1, 5, 18, 9, 10, 14, 11, 15, 13, 12]
Run 6:
Best OCplx: 2.435903483482676
Best Sequence: [20, 19, 2, 21, 17, 3, 5, 7, 4, 6, 1, 16, 18, 8, 9, 10, 14, 11, 13, 15, 12]
Run 7:
Best OCplx: 2.3874536384716105
Best Sequence: [18, 6, 17, 20, 19, 7, 5, 21, 16, 2, 1, 3, 8, 4, 9, 10, 11, 14, 13, 15, 12]
Run 8:
Best OCplx: 2.3201631046449145
Best Sequence: [7, 20, 19, 16, 21, 6, 17, 3, 1, 18, 5, 4, 2, 8, 9, 10, 11, 14, 15, 13, 12]
Run 9:
Best OCplx: 2.4281330792938127
Best Sequence: [6, 21, 17, 20, 2, 3, 19, 4, 7, 8, 5, 16, 1, 18, 9, 10, 15, 11, 14, 13, 12]
Run 10:
Best OCplx: 2.6058773903592
Best Sequence: [21, 16, 20, 6, 17, 9, 3, 1, 2, 18, 8, 10, 5, 19, 7, 4, 14, 11, 13, 15, 12]
Run 11:
Best OCplx: 2.3201631046449145
Best Sequence: [20, 16, 17, 21, 7, 1, 19, 3, 6, 2, 18, 4, 5, 8, 9, 10, 14, 11, 12, 13, 15]
Run 12:
Best OCplx: 2.27272499551655
Best Sequence: [17, 6, 21, 20, 16, 19, 2, 5, 7, 3, 4, 1, 18, 8, 9, 10, 11, 15, 14, 12, 13]
Run 13:
Best OCplx: 2.1717097410613286
Best Sequence: [16, 21, 2, 20, 3, 6, 7, 18, 19, 17, 1, 5, 4, 8, 9, 10, 11, 14, 12, 13, 15]
Run 14:
Best OCplx: 2.1717097410613286
Best Sequence: [16, 20, 2, 1, 18, 17, 19, 7, 6, 21, 5, 4, 8, 3, 9, 10, 11, 14, 15, 13, 12]
Run 15:
Best OCplx: 2.1717097410613286
Best Sequence: [20, 16, 17, 8, 6, 2, 21, 5, 3, 7, 19, 4, 1, 18, 9, 10, 11, 14, 12, 15, 13]
Run 16:
Best OCplx: 2.226102570383371
Best Sequence: [2, 7, 20, 21, 16, 17, 5, 3, 1, 19, 6, 4, 18, 8, 9, 10, 14, 11, 12, 15, 13]
Run 17:
Best OCplx: 2.434891747599975
Best Sequence: [16, 17, 6, 3, 4, 20, 5, 7, 19, 21, 2, 1, 18, 8, 9, 10, 11, 14, 13, 15, 12]
Run 18:
Best OCplx: 2.327117824838592
Best Sequence: [2, 17, 20, 3, 4, 21, 19, 16, 7, 18, 6, 5, 1, 8, 9, 10, 11, 14, 12, 15, 13]
Run 19:
Best OCplx: 2.340831213338432
Best Sequence: [19, 6, 21, 7, 2, 16, 20, 18, 17, 3, 4, 5, 8, 9, 1, 10, 11, 14, 15, 12, 13]
Run 20:
Best OCplx: 2.5021822814266717
Best Sequence: [17, 16, 7, 2, 18, 4, 21, 5, 20, 6, 8, 19, 3, 1, 9, 10, 14, 11, 13, 15, 12]
Run 21:
Best OCplx: 2.27272499551655
Best Sequence: [17, 21, 20, 6, 16, 8, 9, 19, 2, 7, 3, 10, 5, 1, 18, 4, 14, 11, 13, 15, 12]
Run 22:
Best OCplx: 2.5158956699265116
Best Sequence: [5, 20, 18, 16, 21, 17, 2, 8, 4, 9, 6, 10, 19, 7, 14, 3, 1, 11, 13, 15, 12]
Run 23:
Best OCplx: 2.27272499551655
Best Sequence: [17, 20, 4, 19, 16, 2, 6, 21, 18, 3, 7, 5, 1, 8, 9, 10, 11, 14, 15, 12, 13]
Run 24:
Best OCplx: 2.327117824838592
Best Sequence: [17, 4, 6, 21, 7, 2, 20, 19, 3, 18, 16, 1, 8, 5, 9, 10, 11, 15, 14, 13, 12]
Run 25:
Best OCplx: 2.1717097410613286
Best Sequence: [16, 20, 17, 21, 2, 3, 19, 4, 6, 18, 7, 1, 5, 8, 9, 10, 11, 14, 13, 12, 15]
Run 26:
Best OCplx: 2.27272499551655
Best Sequence: [21, 20, 17, 7, 16, 2, 18, 1, 6, 5, 3, 19, 4, 8, 9, 10, 11, 14, 12, 13, 15]
Run 27:
Best OCplx: 2.2864383840163893
Best Sequence: [16, 8, 20, 2, 17, 19, 5, 7, 18, 21, 6, 3, 4, 1, 9, 10, 11, 14, 13, 12, 15]
Run 28:
Best OCplx: 2.3201631046449145
Best Sequence: [16, 20, 1, 3, 2, 18, 19, 17, 21, 7, 4, 6, 5, 8, 9, 10, 14, 11, 12, 15, 13]
Run 29:
Best OCplx: 2.340831213338432
Best Sequence: [18, 2, 7, 16, 17, 21, 6, 20, 4, 3, 8, 5, 19, 9, 1, 10, 11, 14, 15, 12, 13]
Run 30:
Best OCplx: 2.1717097410613286
Best Sequence: [16, 20, 2, 7, 18, 17, 3, 21, 5, 19, 6, 4, 1, 8, 9, 10, 14, 11, 15, 12, 13]
Learning Rate: 1e-05
Epsilon: 0.1
Gamma: 0.99
Reward Version: v2.1
if_EWM: False
