
Learning Rate: 0.0004
Epsilon: 0.99
Gamma: 0.93
Memory Capacity: 20000
Batch Size: 64
if_EWM: True
seed: 41
Run 1:
Best OCplx: 0.5269719072800457
Best Sequence: [36, 11, 34, 20, 30, 32, 3, 28, 26, 8, 7, 10, 24, 22, 17, 38, 21, 15, 2, 29, 19, 39, 1, 23, 33, 27, 18, 31, 35, 9, 37, 25, 13, 6, 16, 12, 14, 4, 5]
Run 2:
Best OCplx: 0.5029485351987262
Best Sequence: [36, 11, 20, 24, 32, 34, 30, 3, 7, 28, 17, 38, 21, 16, 22, 23, 1, 19, 15, 10, 9, 33, 27, 31, 35, 8, 6, 18, 37, 25, 13, 2, 29, 26, 4, 14, 39, 5, 12]
Run 3:
Best OCplx: 0.5412741836518737
Best Sequence: [36, 11, 13, 28, 24, 7, 32, 30, 34, 3, 20, 39, 29, 23, 17, 22, 16, 27, 26, 33, 10, 9, 6, 31, 2, 35, 37, 8, 15, 18, 19, 1, 5, 21, 14, 25, 4, 38, 12]
Run 4:
Best OCplx: 0.4463117096842024
Best Sequence: [36, 11, 24, 32, 34, 28, 20, 30, 7, 1, 3, 22, 15, 2, 38, 17, 21, 16, 39, 23, 19, 29, 27, 10, 9, 31, 14, 18, 6, 33, 37, 35, 8, 25, 13, 4, 12, 26, 5]
Run 5:
Best OCplx: 0.5017998536361494
Best Sequence: [26, 36, 11, 7, 30, 24, 32, 20, 28, 3, 34, 21, 19, 22, 17, 16, 2, 10, 23, 39, 1, 38, 31, 29, 33, 15, 27, 9, 18, 35, 37, 8, 6, 25, 13, 12, 14, 4, 5]
Run 6:
Best OCplx: 0.5269719072800457
Best Sequence: [36, 11, 30, 24, 32, 7, 22, 3, 20, 34, 8, 10, 28, 17, 29, 2, 31, 38, 16, 39, 1, 19, 33, 27, 15, 18, 21, 9, 35, 6, 37, 23, 13, 25, 26, 14, 12, 5, 4]
Run 7:
Best OCplx: 0.5418641308296324
Best Sequence: [36, 17, 11, 34, 7, 32, 3, 20, 28, 24, 30, 21, 1, 39, 19, 27, 10, 9, 37, 6, 29, 22, 8, 31, 33, 35, 18, 15, 25, 2, 4, 38, 14, 12, 26, 13, 16, 23, 5]
Run 8:
Best OCplx: 0.5813249152573863
Best Sequence: [36, 11, 3, 32, 34, 28, 24, 20, 7, 27, 30, 22, 16, 21, 17, 1, 39, 13, 38, 23, 29, 2, 18, 31, 10, 26, 15, 19, 33, 9, 37, 6, 35, 8, 25, 14, 12, 4, 5]
Run 9:
Best OCplx: 0.48406507816456146
Best Sequence: [36, 11, 7, 10, 30, 3, 28, 32, 20, 24, 34, 2, 21, 23, 35, 22, 39, 16, 29, 17, 26, 38, 1, 19, 15, 31, 33, 27, 18, 9, 8, 37, 6, 25, 14, 4, 13, 12, 5]
Run 10:
Best OCplx: 0.5412741836518739
Best Sequence: [36, 11, 3, 34, 30, 28, 32, 24, 20, 2, 7, 39, 22, 38, 1, 21, 16, 23, 29, 10, 17, 33, 31, 15, 19, 35, 8, 27, 9, 37, 6, 18, 25, 13, 4, 26, 12, 14, 5]
Run 11:
Best OCplx: 0.633952840082362
Best Sequence: [32, 36, 28, 11, 34, 24, 7, 20, 3, 21, 30, 22, 17, 23, 2, 16, 39, 38, 1, 29, 31, 33, 15, 19, 27, 13, 8, 18, 10, 35, 37, 14, 26, 9, 25, 6, 5, 4, 12]
Run 12:
Best OCplx: 0.5458553643142104
Best Sequence: [36, 11, 35, 30, 3, 32, 28, 27, 7, 24, 34, 17, 21, 20, 15, 29, 22, 18, 10, 33, 9, 39, 37, 6, 25, 31, 8, 4, 12, 5, 14, 26, 23, 13, 2, 1, 16, 19, 38]
Run 13:
Best OCplx: 0.5550041800509132
Best Sequence: [36, 11, 30, 7, 32, 24, 3, 10, 34, 28, 22, 20, 31, 17, 21, 16, 29, 15, 19, 39, 38, 33, 1, 2, 23, 18, 35, 27, 37, 26, 9, 13, 25, 8, 14, 5, 12, 6, 4]
Run 14:
Best OCplx: 0.5693064564227412
Best Sequence: [36, 11, 34, 32, 24, 30, 28, 7, 20, 3, 22, 19, 17, 21, 13, 2, 39, 16, 23, 15, 18, 25, 26, 14, 29, 10, 12, 35, 38, 31, 33, 37, 27, 9, 6, 8, 4, 1, 5]
Run 15:
Best OCplx: 0.5801762336948095
Best Sequence: [36, 35, 23, 11, 24, 30, 3, 26, 20, 32, 2, 15, 34, 21, 28, 22, 17, 16, 18, 12, 7, 29, 19, 10, 27, 31, 33, 38, 9, 37, 1, 6, 8, 4, 14, 13, 25, 39, 5]
Run 16:
Best OCplx: 0.4663303026929735
Best Sequence: [36, 11, 20, 10, 32, 30, 34, 28, 3, 7, 24, 22, 1, 15, 38, 39, 23, 17, 16, 2, 21, 19, 29, 18, 31, 33, 13, 27, 35, 37, 9, 25, 8, 6, 12, 4, 14, 26, 5]
Run 17:
Best OCplx: 0.518399493133131
Best Sequence: [39, 36, 11, 24, 7, 19, 30, 34, 22, 20, 28, 38, 3, 13, 2, 27, 32, 23, 10, 21, 15, 26, 1, 33, 18, 29, 9, 37, 31, 25, 17, 6, 35, 4, 5, 8, 16, 12, 14]
Run 18:
Best OCplx: 0.48406507816456146
Best Sequence: [36, 11, 10, 30, 34, 7, 32, 28, 3, 24, 20, 23, 22, 1, 38, 16, 39, 17, 29, 21, 19, 2, 31, 15, 33, 35, 27, 9, 6, 37, 8, 18, 4, 25, 14, 26, 13, 5, 12]
Run 19:
Best OCplx: 0.452600306293934
Best Sequence: [36, 11, 32, 34, 8, 24, 3, 28, 7, 20, 30, 22, 39, 17, 1, 2, 19, 23, 16, 38, 21, 15, 18, 29, 26, 27, 10, 9, 31, 33, 35, 37, 6, 25, 13, 4, 14, 12, 5]
Run 20:
Best OCplx: 0.4285769342126144
Best Sequence: [36, 11, 20, 30, 28, 7, 32, 24, 34, 3, 22, 39, 1, 27, 17, 38, 2, 15, 19, 23, 16, 21, 13, 29, 18, 10, 9, 33, 31, 37, 6, 35, 8, 25, 26, 14, 4, 12, 5]
Run 21:
Best OCplx: 0.518399493133131
Best Sequence: [36, 11, 30, 32, 39, 20, 7, 28, 24, 3, 34, 22, 17, 2, 1, 19, 38, 23, 16, 26, 29, 21, 18, 27, 10, 9, 31, 13, 37, 33, 15, 35, 25, 8, 14, 6, 12, 5, 4]
Run 22:
Best OCplx: 0.46633030269297343
Best Sequence: [36, 11, 7, 10, 24, 32, 28, 35, 3, 17, 34, 22, 21, 20, 9, 30, 31, 15, 16, 39, 1, 8, 14, 33, 29, 19, 12, 27, 18, 13, 26, 37, 25, 6, 38, 5, 2, 23, 4]
Run 23:
Best OCplx: 0.5328134811992583
Best Sequence: [36, 16, 11, 28, 32, 10, 3, 24, 30, 7, 35, 15, 34, 22, 31, 20, 21, 39, 17, 29, 2, 1, 19, 38, 18, 9, 23, 33, 27, 14, 37, 13, 8, 6, 25, 4, 26, 5, 12]
Run 24:
Best OCplx: 0.4451630281216256
Best Sequence: [36, 11, 20, 30, 3, 7, 34, 21, 24, 32, 29, 28, 27, 17, 39, 38, 22, 2, 15, 18, 1, 16, 19, 23, 26, 10, 33, 31, 25, 35, 9, 37, 8, 6, 12, 14, 5, 13, 4]
Run 25:
Best OCplx: 0.5172508115705543
Best Sequence: [36, 34, 11, 7, 24, 32, 3, 20, 28, 26, 30, 17, 22, 38, 23, 16, 39, 13, 1, 21, 2, 19, 10, 29, 15, 27, 9, 33, 31, 18, 37, 35, 8, 6, 25, 4, 5, 12, 14]
Run 26:
Best OCplx: 0.48406507816456146
Best Sequence: [23, 21, 36, 11, 39, 2, 3, 24, 20, 32, 30, 28, 15, 34, 22, 10, 7, 17, 1, 16, 29, 38, 19, 33, 31, 9, 18, 35, 27, 13, 8, 25, 37, 26, 6, 14, 4, 12, 5]
Run 27:
Best OCplx: 0.5161021300079776
Best Sequence: [26, 36, 11, 24, 28, 30, 3, 32, 34, 20, 7, 23, 17, 2, 22, 21, 1, 16, 38, 39, 29, 10, 19, 15, 33, 27, 18, 9, 31, 35, 6, 37, 25, 13, 8, 14, 12, 5, 4]
Run 28:
Best OCplx: 0.46404648515579033
Best Sequence: [36, 11, 32, 28, 34, 20, 30, 24, 3, 7, 17, 19, 21, 15, 13, 18, 16, 27, 29, 10, 9, 31, 33, 6, 8, 25, 37, 35, 4, 2, 12, 14, 38, 5, 23, 22, 26, 39, 1]
Run 29:
Best OCplx: 0.5604726927937927
Best Sequence: [36, 11, 20, 32, 7, 34, 28, 24, 3, 30, 39, 22, 16, 38, 21, 17, 19, 29, 27, 13, 5, 10, 31, 33, 35, 15, 37, 9, 8, 25, 12, 14, 6, 18, 2, 4, 23, 26, 1]
Run 30:
Best OCplx: 0.5284356409503767
Best Sequence: [36, 11, 20, 3, 24, 32, 17, 15, 10, 34, 28, 7, 30, 21, 38, 22, 2, 29, 39, 14, 33, 19, 27, 1, 31, 23, 16, 25, 9, 35, 37, 8, 6, 18, 13, 26, 4, 5, 12]

Mean: 0.5154
Min: 0.4286
Max: 0.6340
Std: 0.0465