Run 1:
Best OCplx: 2.748927461155461
Best Sequence: [9, 62, 21, 63, 45, 12, 58, 57, 33, 14, 51, 27, 50, 48, 3, 43, 17, 36, 19, 29, 32, 49, 28, 6, 2, 35, 24, 8, 59, 53, 23, 13, 64, 1, 47, 7, 55, 11, 20, 60, 61, 56, 34, 22, 40, 5, 46, 15, 10, 44, 39, 16, 25, 65, 54, 42, 41, 18, 52, 37, 31, 4, 30, 38, 26]
Run 2:
Best OCplx: 2.332410085007747
Best Sequence: [58, 22, 49, 32, 14, 64, 65, 38, 44, 25, 36, 6, 55, 61, 13, 56, 1, 4, 24, 8, 5, 10, 30, 3, 19, 43, 15, 48, 23, 41, 7, 33, 62, 51, 35, 52, 27, 21, 42, 63, 53, 45, 59, 12, 34, 50, 40, 9, 18, 46, 39, 16, 31, 2, 26, 28, 29, 20, 11, 17, 57, 54, 37, 60, 47]
Run 3:
Best OCplx: 2.350407436369571
Best Sequence: [13, 44, 58, 7, 41, 48, 51, 62, 19, 27, 15, 2, 53, 8, 14, 39, 50, 60, 55, 12, 31, 65, 9, 3, 30, 54, 37, 64, 63, 46, 52, 11, 40, 24, 49, 22, 21, 28, 25, 34, 26, 23, 33, 6, 4, 42, 61, 45, 18, 16, 20, 29, 57, 59, 38, 32, 43, 1, 17, 35, 56, 47, 10, 5, 36]
Run 4:
Best OCplx: 2.427339479516883
Best Sequence: [1, 27, 39, 58, 43, 17, 42, 36, 47, 10, 14, 55, 41, 3, 38, 62, 56, 15, 37, 18, 19, 28, 24, 65, 63, 59, 33, 60, 22, 21, 54, 26, 46, 57, 7, 5, 4, 48, 23, 61, 44, 64, 30, 9, 50, 13, 45, 16, 6, 40, 11, 29, 25, 49, 51, 35, 32, 8, 20, 52, 12, 53, 31, 34, 2]
Run 5:
Best OCplx: 2.3129180444979687
Best Sequence: [58, 24, 23, 43, 39, 41, 8, 3, 25, 54, 4, 44, 45, 27, 2, 13, 32, 16, 64, 19, 22, 36, 38, 30, 51, 48, 20, 14, 35, 18, 53, 21, 1, 62, 6, 15, 49, 46, 5, 40, 34, 37, 17, 42, 63, 55, 26, 33, 61, 60, 31, 52, 28, 10, 7, 47, 56, 9, 12, 50, 11, 29, 57, 59, 65]
Run 6:
Best OCplx: 2.133956750260528
Best Sequence: [17, 58, 11, 59, 32, 14, 35, 21, 34, 62, 56, 24, 54, 27, 5, 26, 50, 61, 22, 41, 38, 13, 2, 29, 46, 63, 45, 31, 60, 10, 40, 18, 39, 55, 6, 3, 20, 57, 52, 48, 42, 8, 64, 47, 23, 37, 12, 65, 9, 1, 30, 53, 36, 51, 7, 15, 43, 25, 44, 4, 33, 49, 28, 16, 19]
Run 7:
Best OCplx: 2.4619088913498848
Best Sequence: [58, 47, 64, 45, 52, 21, 20, 1, 17, 44, 9, 13, 57, 22, 61, 33, 4, 48, 14, 51, 19, 62, 8, 37, 10, 28, 41, 7, 12, 26, 11, 36, 24, 43, 35, 42, 27, 18, 60, 49, 29, 54, 16, 50, 32, 59, 31, 65, 38, 46, 55, 63, 53, 25, 6, 39, 40, 56, 3, 34, 30, 5, 2, 23, 15]
Run 8:
Best OCplx: 2.8261723520487854
Best Sequence: [28, 65, 38, 12, 42, 62, 50, 58, 31, 22, 47, 20, 60, 6, 25, 61, 29, 56, 14, 2, 17, 1, 33, 64, 45, 48, 63, 54, 10, 59, 40, 3, 19, 49, 36, 13, 43, 55, 8, 57, 32, 30, 44, 4, 39, 24, 11, 26, 21, 7, 5, 52, 16, 53, 41, 34, 18, 35, 15, 23, 27, 46, 51, 9, 37]
Run 9:
Best OCplx: 2.1650121156504762
Best Sequence: [24, 15, 43, 58, 65, 60, 31, 11, 22, 27, 28, 59, 56, 6, 26, 64, 34, 50, 47, 2, 9, 39, 44, 51, 1, 19, 21, 63, 33, 46, 17, 36, 32, 13, 4, 42, 23, 14, 12, 49, 16, 35, 8, 25, 55, 30, 48, 54, 37, 38, 20, 3, 53, 57, 18, 7, 62, 41, 52, 45, 10, 29, 40, 5, 61]
Run 10:
Best OCplx: 2.1825202279526623
Best Sequence: [58, 35, 56, 64, 50, 33, 48, 6, 57, 16, 8, 19, 17, 15, 28, 3, 12, 2, 62, 51, 47, 65, 29, 27, 44, 55, 42, 59, 45, 4, 60, 46, 52, 39, 40, 24, 22, 43, 41, 1, 30, 9, 63, 36, 13, 14, 34, 20, 7, 26, 21, 61, 32, 11, 31, 10, 53, 18, 37, 38, 25, 5, 23, 54, 49]
Run 11:
Best OCplx: 2.4664720073502857
Best Sequence: [3, 14, 26, 65, 62, 11, 58, 21, 53, 19, 12, 48, 24, 37, 38, 59, 49, 29, 36, 55, 16, 47, 42, 32, 50, 7, 1, 15, 39, 43, 22, 30, 20, 52, 23, 6, 28, 63, 64, 45, 33, 31, 44, 40, 46, 2, 13, 8, 4, 57, 18, 9, 51, 5, 27, 35, 10, 54, 25, 60, 17, 34, 41, 61, 56]
Run 12:
Best OCplx: 1.9700857573719004
Best Sequence: [17, 26, 7, 24, 13, 65, 27, 58, 32, 43, 49, 11, 23, 55, 64, 53, 59, 38, 31, 8, 6, 47, 22, 48, 25, 39, 54, 42, 60, 3, 51, 61, 45, 50, 56, 62, 16, 41, 44, 14, 15, 57, 5, 37, 40, 30, 36, 18, 28, 52, 4, 12, 20, 34, 29, 10, 9, 1, 46, 2, 33, 19, 35, 63, 21]
Run 13:
Best OCplx: 2.108602138891183
Best Sequence: [58, 30, 3, 52, 27, 14, 12, 29, 17, 49, 34, 20, 37, 59, 38, 36, 41, 1, 22, 50, 53, 48, 13, 26, 61, 15, 24, 19, 47, 6, 60, 56, 54, 45, 43, 64, 33, 8, 31, 51, 4, 63, 62, 57, 32, 65, 28, 44, 2, 9, 23, 40, 35, 7, 55, 11, 42, 46, 21, 10, 25, 18, 5, 39, 16]
Run 14:
Best OCplx: 2.4765957954282114
Best Sequence: [1, 11, 16, 63, 8, 58, 40, 36, 55, 28, 24, 13, 21, 27, 47, 22, 6, 10, 14, 57, 38, 35, 2, 39, 50, 42, 18, 30, 3, 32, 31, 64, 34, 20, 53, 19, 44, 25, 61, 51, 41, 60, 37, 54, 59, 26, 45, 65, 49, 17, 7, 48, 23, 43, 33, 12, 46, 29, 15, 4, 56, 52, 5, 9, 62]
Run 15:
Best OCplx: 2.2316565615504977
Best Sequence: [10, 13, 55, 58, 9, 24, 60, 52, 32, 49, 44, 47, 28, 53, 4, 54, 17, 36, 35, 62, 27, 46, 11, 39, 19, 14, 20, 5, 22, 3, 41, 15, 57, 29, 31, 8, 21, 7, 63, 37, 50, 18, 30, 1, 61, 23, 43, 51, 38, 26, 64, 65, 34, 33, 45, 16, 12, 59, 42, 48, 25, 40, 6, 2, 56]
Run 16:
Best OCplx: 2.3145757549344337
Best Sequence: [8, 58, 23, 37, 15, 50, 55, 27, 22, 14, 36, 21, 57, 13, 2, 20, 41, 12, 6, 46, 18, 40, 25, 4, 53, 59, 5, 49, 43, 31, 33, 39, 60, 30, 56, 65, 11, 34, 28, 17, 24, 9, 48, 42, 10, 47, 64, 16, 29, 62, 45, 61, 26, 51, 1, 35, 32, 19, 63, 54, 44, 38, 52, 3, 7]
Run 17:
Best OCplx: 2.817470109780267
Best Sequence: [62, 58, 60, 55, 2, 30, 17, 26, 10, 31, 27, 51, 40, 48, 53, 19, 34, 41, 37, 49, 42, 32, 9, 16, 63, 33, 14, 29, 1, 47, 8, 61, 24, 43, 39, 3, 35, 36, 25, 11, 20, 7, 45, 54, 46, 21, 50, 12, 18, 5, 13, 52, 59, 44, 15, 57, 56, 4, 64, 23, 65, 22, 38, 28, 6]
Run 18:
Best OCplx: 2.4949720845769425
Best Sequence: [3, 58, 25, 30, 53, 39, 44, 56, 65, 4, 54, 27, 20, 23, 50, 35, 2, 51, 62, 24, 59, 47, 14, 40, 34, 15, 32, 12, 41, 8, 1, 38, 33, 10, 16, 26, 31, 22, 37, 9, 5, 42, 36, 64, 17, 57, 29, 19, 7, 45, 13, 28, 11, 63, 6, 49, 61, 46, 60, 43, 18, 52, 21, 55, 48]
Run 19:
Best OCplx: 2.451421464082921
Best Sequence: [37, 4, 58, 33, 60, 55, 45, 59, 46, 57, 32, 53, 10, 23, 56, 12, 40, 13, 38, 18, 14, 5, 24, 22, 20, 41, 36, 48, 43, 42, 9, 16, 39, 8, 49, 34, 44, 64, 6, 61, 21, 17, 1, 30, 51, 27, 47, 19, 54, 63, 62, 52, 35, 31, 65, 11, 25, 26, 50, 15, 29, 7, 2, 28, 3]
Run 20:
Best OCplx: 2.1538537368234794
Best Sequence: [62, 14, 65, 27, 2, 59, 58, 23, 24, 41, 35, 45, 55, 47, 37, 48, 31, 10, 34, 54, 32, 3, 63, 20, 53, 21, 15, 22, 9, 46, 39, 8, 60, 7, 64, 11, 49, 61, 56, 43, 6, 4, 51, 57, 40, 5, 26, 19, 25, 36, 33, 13, 50, 44, 17, 29, 18, 30, 38, 28, 52, 12, 1, 42, 16]
Run 21:
Best OCplx: 2.0599016481768015
Best Sequence: [15, 9, 58, 27, 63, 65, 19, 2, 24, 13, 11, 17, 39, 59, 43, 62, 64, 57, 1, 46, 44, 35, 26, 48, 14, 31, 12, 6, 3, 54, 41, 4, 55, 33, 34, 51, 29, 16, 28, 22, 18, 8, 61, 21, 47, 50, 36, 42, 45, 56, 5, 7, 23, 10, 38, 25, 30, 60, 49, 40, 53, 20, 52, 32, 37]
Run 22:
Best OCplx: 2.716406227003821
Best Sequence: [57, 35, 27, 8, 58, 37, 55, 7, 47, 43, 6, 48, 51, 1, 14, 11, 22, 33, 54, 30, 23, 34, 18, 63, 10, 39, 65, 17, 12, 52, 41, 21, 5, 25, 46, 61, 19, 45, 16, 29, 32, 49, 59, 24, 26, 60, 40, 20, 4, 64, 2, 62, 31, 9, 42, 38, 56, 44, 28, 36, 13, 50, 15, 53, 3]
Run 23:
Best OCplx: 2.3936615636659284
Best Sequence: [6, 58, 63, 50, 60, 51, 26, 44, 64, 35, 55, 1, 4, 22, 27, 10, 8, 45, 36, 14, 46, 28, 13, 43, 16, 65, 37, 20, 7, 61, 15, 39, 41, 3, 17, 32, 34, 59, 11, 18, 49, 29, 21, 5, 53, 40, 52, 38, 47, 48, 31, 57, 23, 42, 30, 24, 2, 12, 25, 56, 62, 19, 33, 9, 54]
Run 24:
Best OCplx: 2.352567269101075
Best Sequence: [65, 64, 16, 3, 52, 60, 58, 26, 32, 63, 15, 48, 24, 27, 49, 57, 14, 55, 7, 5, 42, 38, 31, 44, 46, 17, 61, 22, 29, 33, 4, 54, 8, 23, 40, 56, 36, 59, 34, 19, 25, 1, 43, 30, 37, 51, 13, 50, 2, 45, 35, 20, 21, 10, 6, 18, 41, 12, 28, 11, 53, 9, 39, 47, 62]
Run 25:
Best OCplx: 2.3401859291631757
Best Sequence: [58, 39, 38, 65, 40, 1, 51, 21, 52, 8, 33, 41, 47, 28, 62, 27, 42, 60, 50, 17, 12, 16, 36, 3, 11, 64, 31, 19, 24, 56, 22, 34, 23, 13, 32, 43, 15, 48, 63, 18, 35, 59, 10, 2, 53, 57, 55, 25, 7, 46, 49, 29, 26, 54, 20, 14, 5, 30, 6, 61, 44, 45, 37, 9, 4]
Run 26:
Best OCplx: 2.448852309798101
Best Sequence: [33, 65, 58, 6, 8, 63, 21, 19, 36, 27, 35, 11, 15, 46, 30, 60, 62, 28, 4, 47, 12, 2, 55, 53, 50, 7, 17, 54, 32, 38, 61, 14, 37, 45, 13, 42, 22, 52, 40, 10, 34, 64, 3, 57, 39, 26, 48, 1, 18, 5, 20, 49, 43, 44, 29, 51, 16, 59, 31, 24, 23, 56, 25, 9, 41]
Run 27:
Best OCplx: 2.0773321409801033
Best Sequence: [27, 37, 9, 23, 10, 59, 26, 7, 64, 65, 25, 54, 28, 19, 58, 57, 24, 42, 29, 41, 17, 1, 22, 63, 43, 46, 4, 36, 30, 13, 31, 51, 55, 60, 20, 61, 14, 48, 8, 11, 34, 33, 21, 32, 12, 40, 44, 18, 35, 6, 56, 39, 53, 16, 5, 62, 49, 45, 2, 52, 15, 3, 47, 38, 50]
Run 28:
Best OCplx: 2.343588665173214
Best Sequence: [61, 52, 58, 23, 9, 13, 14, 8, 4, 35, 47, 22, 44, 51, 42, 16, 45, 30, 5, 40, 28, 43, 64, 11, 21, 17, 65, 57, 59, 19, 32, 41, 6, 46, 31, 20, 3, 56, 50, 39, 29, 18, 48, 55, 27, 10, 60, 38, 2, 7, 1, 26, 25, 53, 54, 15, 49, 34, 33, 12, 63, 37, 36, 24, 62]
Run 29:
Best OCplx: 2.407639465396097
Best Sequence: [61, 58, 62, 1, 55, 65, 22, 23, 32, 64, 49, 28, 13, 52, 10, 27, 26, 4, 53, 6, 39, 44, 34, 30, 43, 19, 51, 37, 24, 7, 14, 29, 46, 54, 5, 8, 50, 36, 42, 20, 57, 56, 41, 25, 15, 40, 17, 2, 21, 47, 3, 12, 9, 18, 63, 16, 11, 59, 35, 31, 45, 38, 60, 33, 48]
Run 30:
Best OCplx: 2.2677172380086983
Best Sequence: [34, 65, 14, 58, 28, 22, 25, 45, 4, 11, 56, 55, 39, 13, 52, 17, 61, 42, 7, 50, 33, 62, 37, 54, 30, 31, 46, 44, 35, 6, 24, 36, 48, 3, 12, 51, 38, 19, 41, 47, 5, 59, 2, 29, 8, 21, 32, 60, 15, 63, 20, 57, 18, 49, 27, 43, 26, 40, 23, 64, 9, 53, 10, 1, 16]
