Run 1:
Best OCplx: 0.6106831292065638
Best Sequence: [9, 22, 12, 21, 16, 5, 19, 7, 11, 20, 8, 1, 14, 10, 17, 13, 4, 2, 6, 3, 18, 23, 15]
Run 2:
Best OCplx: 0.9320953024731762
Best Sequence: [6, 12, 18, 11, 7, 16, 5, 21, 20, 10, 1, 19, 13, 9, 2, 8, 22, 3, 4, 15, 17, 14, 23]
Run 3:
Best OCplx: 0.8999540851465151
Best Sequence: [9, 23, 12, 13, 5, 1, 8, 16, 21, 19, 17, 11, 18, 7, 22, 2, 6, 14, 20, 10, 3, 15, 4]
Run 4:
Best OCplx: 0.7392479985132088
Best Sequence: [22, 11, 13, 7, 23, 21, 12, 8, 4, 17, 16, 10, 1, 15, 6, 14, 5, 9, 2, 20, 18, 3, 19]
Run 5:
Best OCplx: 0.7175383842720154
Best Sequence: [17, 7, 10, 8, 20, 22, 12, 5, 1, 16, 21, 18, 4, 13, 9, 23, 2, 6, 3, 14, 19, 15, 11]
Run 6:
Best OCplx: 0.9668966082726571
Best Sequence: [16, 1, 6, 18, 21, 15, 11, 10, 8, 5, 9, 12, 22, 20, 4, 19, 17, 14, 13, 23, 2, 3, 7]
Run 7:
Best OCplx: 0.9425269055586442
Best Sequence: [5, 23, 12, 21, 8, 16, 7, 1, 6, 22, 9, 13, 19, 4, 18, 3, 14, 2, 10, 11, 17, 15, 20]
Run 8:
Best OCplx: 0.6853971669453542
Best Sequence: [10, 5, 21, 19, 12, 9, 17, 16, 1, 4, 7, 18, 23, 20, 2, 14, 6, 13, 8, 22, 3, 15, 11]
Run 9:
Best OCplx: 0.8356716504931925
Best Sequence: [5, 12, 9, 19, 14, 11, 1, 10, 21, 16, 4, 2, 23, 13, 18, 8, 22, 20, 7, 17, 6, 3, 15]
Run 10:
Best OCplx: 1.113913484291358
Best Sequence: [8, 5, 1, 21, 23, 13, 12, 16, 9, 11, 4, 18, 3, 15, 19, 14, 7, 2, 20, 17, 6, 10, 22]
Run 11:
Best OCplx: 0.9320953024731764
Best Sequence: [18, 9, 1, 13, 5, 8, 23, 14, 12, 20, 16, 11, 17, 6, 7, 4, 22, 19, 2, 3, 10, 21, 15]
Run 12:
Best OCplx: 1.0068093402119667
Best Sequence: [19, 12, 10, 21, 17, 5, 18, 6, 23, 7, 4, 8, 22, 1, 20, 16, 14, 9, 2, 15, 3, 13, 11]
Run 13:
Best OCplx: 0.899954085146515
Best Sequence: [21, 22, 9, 8, 11, 16, 12, 20, 18, 5, 17, 15, 14, 13, 19, 6, 4, 10, 1, 2, 7, 3, 23]
Run 14:
Best OCplx: 0.899954085146515
Best Sequence: [8, 11, 12, 14, 16, 4, 23, 15, 10, 7, 17, 19, 1, 22, 18, 20, 13, 9, 5, 2, 6, 3, 21]
Run 15:
Best OCplx: 0.8035304331665314
Best Sequence: [13, 21, 16, 8, 12, 1, 19, 20, 7, 6, 4, 17, 5, 11, 9, 18, 2, 23, 14, 10, 22, 3, 15]
Run 16:
Best OCplx: 1.0928013891064825
Best Sequence: [16, 12, 14, 6, 11, 19, 8, 1, 10, 18, 3, 9, 5, 17, 4, 22, 2, 21, 20, 15, 23, 13, 7]
Run 17:
Best OCplx: 0.9853486149847132
Best Sequence: [8, 17, 9, 19, 21, 13, 23, 11, 18, 7, 22, 5, 1, 3, 6, 20, 12, 4, 16, 2, 10, 14, 15]
Run 18:
Best OCplx: 0.7392479985132088
Best Sequence: [9, 8, 1, 11, 7, 18, 14, 5, 22, 12, 4, 17, 16, 10, 21, 6, 2, 20, 23, 13, 19, 3, 15]
Run 19:
Best OCplx: 0.8678128678198539
Best Sequence: [18, 20, 19, 13, 16, 8, 22, 21, 9, 17, 5, 11, 7, 1, 6, 12, 3, 14, 15, 23, 4, 2, 10]
Run 20:
Best OCplx: 1.0285189544531599
Best Sequence: [9, 12, 5, 8, 6, 17, 16, 13, 20, 11, 1, 21, 14, 22, 2, 4, 3, 18, 19, 10, 7, 23, 15]
Run 21:
Best OCplx: 0.9425269055586442
Best Sequence: [21, 17, 6, 13, 1, 18, 22, 12, 8, 9, 23, 4, 20, 10, 16, 11, 7, 3, 14, 5, 2, 19, 15]
Run 22:
Best OCplx: 1.157083823759805
Best Sequence: [17, 21, 5, 7, 16, 9, 8, 2, 6, 11, 23, 10, 12, 20, 19, 22, 1, 18, 3, 4, 13, 14, 15]
Run 23:
Best OCplx: 0.51425947722658
Best Sequence: [20, 7, 12, 11, 8, 13, 23, 9, 22, 10, 18, 21, 1, 6, 19, 16, 4, 5, 2, 17, 14, 3, 15]
Run 24:
Best OCplx: 1.0068093402119667
Best Sequence: [17, 22, 14, 8, 9, 1, 23, 10, 21, 18, 12, 11, 16, 19, 4, 20, 5, 7, 2, 15, 6, 3, 13]
Run 25:
Best OCplx: 1.2213662584131277
Best Sequence: [5, 9, 2, 16, 1, 8, 11, 17, 22, 19, 15, 12, 18, 13, 6, 7, 3, 20, 21, 10, 4, 14, 23]
Run 26:
Best OCplx: 0.6532559496186929
Best Sequence: [16, 10, 8, 17, 12, 23, 6, 5, 9, 18, 21, 11, 22, 13, 1, 4, 19, 14, 2, 3, 7, 20, 15]
Run 27:
Best OCplx: 0.8139620362519994
Best Sequence: [22, 10, 17, 23, 9, 5, 7, 14, 8, 16, 1, 6, 18, 20, 12, 11, 4, 21, 2, 19, 3, 13, 15]
Run 28:
Best OCplx: 0.8035304331665313
Best Sequence: [16, 7, 23, 6, 1, 21, 8, 3, 11, 10, 12, 13, 17, 9, 19, 15, 18, 20, 4, 5, 2, 14, 22]
Run 29:
Best OCplx: 0.8889249630047293
Best Sequence: [11, 13, 9, 14, 12, 8, 10, 17, 16, 22, 5, 1, 4, 20, 2, 3, 6, 18, 21, 19, 23, 15, 7]
Run 30:
Best OCplx: 0.8350741314368748
Best Sequence: [1, 22, 21, 18, 5, 9, 17, 19, 13, 23, 20, 16, 12, 7, 8, 4, 2, 10, 14, 3, 11, 6, 15]
UPDATE_GLOBAL_ITER: 200
GAMMA: 0.99
MAX_EP: 3000
thread_count: 3
RL: 5e-05
if_EWM: False

