Learning Rate: 0.0001
Epsilon: 0.99
Gamma: 0.93
Memory Capacity: 20000
Batch Size: 128
if_EWM: False
Run 1:
Best OCplx: 2.428813399246302
Best Sequence: [9, 15, 12, 3, 8, 5, 4, 23, 14, 6, 11, 16, 17, 22, 1, 10, 7, 24, 19, 20, 21, 18, 13, 2, 25]
Run 2:
Best OCplx: 2.842863481690866
Best Sequence: [9, 5, 12, 15, 8, 3, 4, 23, 14, 6, 11, 16, 17, 20, 21, 22, 10, 19, 24, 2, 7, 25, 1, 13, 18]
Run 3:
Best OCplx: 2.860612362524739
Best Sequence: [8, 9, 15, 12, 5, 3, 23, 4, 14, 6, 11, 16, 17, 22, 1, 10, 20, 2, 19, 7, 21, 24, 25, 13, 18]
Run 4:
Best OCplx: 2.5144514713289423
Best Sequence: [3, 12, 5, 8, 15, 9, 23, 4, 14, 6, 16, 10, 24, 7, 19, 17, 1, 22, 21, 20, 13, 2, 11, 25, 18]
Run 5:
Best OCplx: 2.5739870515881016
Best Sequence: [12, 15, 9, 3, 5, 8, 4, 23, 14, 6, 11, 16, 7, 1, 10, 22, 13, 17, 19, 24, 20, 21, 2, 18, 25]
Run 6:
Best OCplx: 2.4700977835018887
Best Sequence: [5, 12, 15, 9, 3, 8, 23, 4, 14, 6, 11, 16, 22, 19, 10, 7, 20, 24, 1, 13, 21, 18, 17, 2, 25]
Run 7:
Best OCplx: 2.934472591324041
Best Sequence: [15, 5, 9, 12, 3, 8, 4, 23, 14, 6, 11, 16, 21, 20, 2, 25, 19, 7, 1, 13, 17, 10, 22, 24, 18]
Run 8:
Best OCplx: 2.842679946699652
Best Sequence: [5, 15, 8, 12, 9, 3, 4, 23, 14, 6, 11, 16, 10, 7, 19, 24, 21, 17, 2, 22, 18, 1, 20, 25, 13]
Run 9:
Best OCplx: 2.385046959422203
Best Sequence: [15, 9, 12, 5, 3, 8, 4, 14, 23, 6, 16, 17, 11, 1, 22, 19, 10, 24, 7, 20, 21, 13, 2, 25, 18]
Run 10:
Best OCplx: 2.4531071229601844
Best Sequence: [9, 5, 12, 15, 8, 3, 23, 4, 14, 6, 11, 16, 7, 17, 1, 22, 19, 10, 24, 20, 13, 21, 2, 25, 18]
Run 11:
Best OCplx: 2.5767340755055095
Best Sequence: [5, 15, 9, 12, 3, 8, 14, 23, 4, 6, 11, 16, 7, 17, 1, 22, 10, 19, 24, 2, 20, 21, 18, 13, 25]
Run 12:
Best OCplx: 2.3988343986247505
Best Sequence: [5, 12, 15, 9, 3, 8, 23, 4, 14, 6, 11, 16, 1, 17, 10, 22, 7, 19, 21, 24, 20, 18, 2, 25, 13]
Run 13:
Best OCplx: 2.7337690024098387
Best Sequence: [15, 9, 5, 12, 3, 8, 4, 23, 14, 6, 11, 16, 10, 1, 22, 7, 17, 19, 24, 21, 2, 25, 20, 18, 13]
Run 14:
Best OCplx: 2.889302014404886
Best Sequence: [12, 5, 15, 9, 3, 8, 4, 23, 14, 6, 11, 16, 1, 7, 10, 22, 17, 2, 19, 24, 21, 18, 20, 13, 25]
Run 15:
Best OCplx: 2.755949974310002
Best Sequence: [15, 12, 9, 5, 3, 8, 4, 14, 23, 6, 11, 16, 10, 1, 7, 17, 22, 24, 19, 21, 2, 20, 18, 13, 25]
Run 16:
Best OCplx: 2.53815794703987
Best Sequence: [15, 9, 5, 8, 12, 3, 4, 14, 23, 6, 11, 16, 22, 19, 20, 7, 21, 2, 17, 13, 1, 10, 24, 25, 18]
Run 17:
Best OCplx: 2.886121769735337
Best Sequence: [5, 12, 15, 9, 3, 8, 4, 23, 14, 6, 11, 16, 17, 21, 1, 22, 10, 7, 2, 25, 19, 24, 20, 18, 13]
Run 18:
Best OCplx: 2.3988343986247505
Best Sequence: [12, 5, 15, 3, 9, 8, 23, 4, 14, 6, 11, 16, 1, 10, 22, 17, 7, 19, 21, 24, 20, 18, 2, 25, 13]
Run 19:
Best OCplx: 2.8240101378479836
Best Sequence: [5, 15, 12, 9, 8, 3, 4, 23, 14, 6, 11, 16, 17, 1, 10, 7, 22, 24, 19, 21, 2, 20, 18, 25, 13]
Run 20:
Best OCplx: 2.9234172762025463
Best Sequence: [5, 15, 12, 9, 3, 8, 4, 23, 14, 6, 11, 16, 7, 10, 22, 17, 1, 24, 19, 21, 2, 25, 20, 18, 13]
Run 21:
Best OCplx: 2.7972343585655888
Best Sequence: [12, 9, 15, 3, 5, 8, 4, 14, 23, 6, 11, 16, 19, 22, 21, 2, 1, 17, 20, 13, 25, 10, 7, 24, 18]
Run 22:
Best OCplx: 2.476568716858778
Best Sequence: [15, 9, 5, 12, 3, 8, 4, 23, 14, 6, 11, 16, 22, 10, 1, 17, 20, 19, 21, 7, 24, 2, 18, 13, 25]
Run 23:
Best OCplx: 2.483885222704436
Best Sequence: [12, 5, 3, 15, 8, 9, 4, 23, 14, 6, 11, 16, 22, 7, 1, 10, 17, 19, 21, 20, 24, 2, 18, 13, 25]
Run 24:
Best OCplx: 2.588482672417458
Best Sequence: [5, 15, 9, 12, 3, 8, 4, 23, 14, 6, 11, 16, 7, 1, 10, 22, 17, 24, 19, 21, 20, 2, 18, 13, 25]
Run 25:
Best OCplx: 2.45930738786139
Best Sequence: [15, 9, 8, 12, 3, 5, 4, 23, 14, 6, 16, 10, 17, 21, 22, 7, 20, 2, 1, 19, 24, 18, 25, 11, 13]
Run 26:
Best OCplx: 2.588482672417458
Best Sequence: [12, 9, 15, 5, 3, 8, 4, 14, 6, 23, 11, 16, 7, 22, 10, 17, 24, 1, 19, 21, 20, 2, 25, 18, 13]
Run 27:
Best OCplx: 2.588482672417458
Best Sequence: [9, 5, 12, 15, 3, 8, 23, 4, 14, 6, 11, 16, 7, 1, 22, 10, 17, 24, 19, 21, 20, 2, 25, 18, 13]
Run 28:
Best OCplx: 2.755949974310002
Best Sequence: [15, 5, 12, 9, 3, 8, 4, 23, 14, 6, 11, 16, 22, 7, 1, 17, 10, 24, 19, 21, 2, 20, 25, 18, 13]
Run 29:
Best OCplx: 2.7748033181528844
Best Sequence: [12, 15, 9, 5, 3, 8, 4, 14, 23, 6, 11, 16, 20, 17, 21, 2, 10, 7, 22, 1, 13, 19, 24, 25, 18]
Run 30:
Best OCplx: 2.496873562784283
Best Sequence: [15, 9, 5, 8, 12, 3, 6, 23, 4, 14, 11, 16, 10, 17, 22, 7, 1, 24, 19, 20, 21, 18, 13, 2, 25]
Mean: 2.6414
Min: 2.3850
Max: 2.9345
Std: 0.1798
========================================

Learning Rate: 6e-05
Epsilon: 0.99
Gamma: 0.93
Memory Capacity: 20000
Batch Size: 64
if_EWM: False
seed: 41

Learning Rate: 0.0001
Epsilon: 0.99
Gamma: 0.93
Memory Capacity: 20000
Batch Size: 64
if_EWM: False
seed: 41

Learning Rate: 0.008
Epsilon: 0.99
Gamma: 0.93
Memory Capacity: 20000
Batch Size: 64
if_EWM: False
seed: 41

Learning Rate: 0.008
Epsilon: 0.99
Gamma: 0.93
Memory Capacity: 20000
Batch Size: 64
if_EWM: False
seed: 41

Learning Rate: 0.0001
Epsilon: 0.99
Gamma: 0.93
Memory Capacity: 20000
Batch Size: 64
if_EWM: False
seed: 41

Learning Rate: 8e-05
Epsilon: 0.99
Gamma: 0.93
Memory Capacity: 20000
Batch Size: 64
if_EWM: False
seed: 41

Learning Rate: 0.0002
Epsilon: 0.99
Gamma: 0.93
Memory Capacity: 20000
Batch Size: 64
if_EWM: False
seed: 41
