Run 1:
Best OCplx: 2.10349581103241
Best Sequence: [8, 3, 15, 9, 12, 4, 16, 2, 7, 6, 19, 10, 1, 21, 23, 24, 22, 14, 11, 20, 13, 18, 5, 25, 17]
Run 2:
Best OCplx: 2.353627583979057
Best Sequence: [15, 8, 12, 9, 23, 5, 3, 4, 16, 2, 10, 19, 24, 18, 1, 17, 6, 20, 14, 7, 22, 13, 11, 21, 25]
Run 3:
Best OCplx: 2.395998177541384
Best Sequence: [15, 23, 5, 9, 3, 12, 14, 8, 4, 16, 7, 20, 1, 21, 10, 24, 11, 19, 18, 2, 25, 13, 22, 6, 17]
Run 4:
Best OCplx: 2.392276113071262
Best Sequence: [15, 12, 9, 5, 8, 3, 4, 11, 6, 16, 19, 14, 17, 7, 22, 23, 10, 20, 24, 21, 1, 18, 2, 25, 13]
Run 5:
Best OCplx: 2.104643668615437
Best Sequence: [8, 14, 12, 5, 15, 9, 3, 23, 4, 16, 10, 7, 24, 1, 20, 19, 11, 21, 2, 18, 25, 17, 6, 22, 13]
Run 6:
Best OCplx: 2.1882259932997297
Best Sequence: [12, 3, 8, 15, 9, 5, 4, 23, 14, 16, 20, 6, 7, 19, 10, 21, 2, 1, 18, 22, 17, 13, 24, 11, 25]
Run 7:
Best OCplx: 1.9016443690976799
Best Sequence: [3, 8, 12, 15, 5, 9, 4, 23, 16, 19, 7, 14, 20, 21, 10, 1, 17, 2, 24, 25, 11, 18, 22, 13, 6]
Run 8:
Best OCplx: 2.1306597703032133
Best Sequence: [12, 3, 9, 5, 8, 15, 4, 16, 10, 23, 19, 22, 20, 7, 14, 1, 2, 11, 17, 25, 24, 6, 21, 13, 18]
Run 9:
Best OCplx: 2.502879348443254
Best Sequence: [12, 3, 5, 8, 9, 15, 23, 4, 16, 21, 2, 1, 14, 19, 20, 25, 18, 7, 17, 6, 11, 10, 24, 22, 13]
Run 10:
Best OCplx: 2.3073022139939123
Best Sequence: [12, 15, 5, 8, 4, 9, 3, 23, 6, 16, 14, 10, 7, 24, 1, 22, 20, 19, 21, 17, 18, 11, 2, 13, 25]
Run 11:
Best OCplx: 2.3774597851208608
Best Sequence: [4, 14, 12, 5, 23, 3, 15, 9, 8, 6, 16, 20, 10, 17, 21, 1, 19, 13, 22, 2, 7, 25, 11, 24, 18]
Run 12:
Best OCplx: 1.7643081306672963
Best Sequence: [15, 12, 5, 9, 3, 4, 16, 8, 7, 2, 19, 10, 24, 17, 1, 20, 21, 18, 22, 11, 23, 6, 25, 13, 14]
Run 13:
Best OCplx: 1.98699148957526
Best Sequence: [8, 4, 5, 9, 3, 12, 15, 23, 16, 1, 11, 20, 21, 17, 10, 19, 2, 24, 22, 6, 14, 18, 25, 13, 7]
Run 14:
Best OCplx: 2.1354454945221475
Best Sequence: [23, 12, 14, 4, 5, 3, 15, 8, 9, 6, 16, 19, 22, 1, 11, 17, 20, 7, 21, 24, 10, 2, 18, 13, 25]
Run 15:
Best OCplx: 2.0488834975600003
Best Sequence: [23, 5, 12, 3, 15, 9, 8, 4, 14, 6, 16, 22, 1, 19, 7, 11, 20, 17, 21, 10, 2, 25, 18, 13, 24]
Run 16:
Best OCplx: 2.123329740097663
Best Sequence: [12, 23, 5, 4, 9, 3, 15, 8, 14, 16, 7, 20, 21, 17, 1, 10, 22, 2, 18, 6, 19, 13, 24, 11, 25]
Run 17:
Best OCplx: 2.190813891956991
Best Sequence: [12, 5, 9, 15, 4, 3, 16, 8, 19, 10, 21, 20, 2, 18, 17, 13, 7, 11, 14, 1, 25, 24, 23, 22, 6]
Run 18:
Best OCplx: 2.31580527161644
Best Sequence: [12, 15, 5, 9, 3, 8, 23, 4, 19, 16, 20, 22, 1, 2, 10, 14, 24, 17, 21, 7, 11, 18, 13, 25, 6]
Run 19:
Best OCplx: 2.29458454236975
Best Sequence: [11, 14, 9, 12, 3, 8, 15, 5, 23, 4, 6, 16, 10, 19, 17, 1, 7, 24, 20, 22, 21, 2, 18, 25, 13]
Run 20:
Best OCplx: 2.4922712687376936
Best Sequence: [15, 14, 5, 3, 8, 9, 12, 23, 16, 19, 22, 20, 7, 13, 10, 21, 4, 17, 24, 1, 2, 11, 25, 18, 6]
Run 21:
Best OCplx: 2.1545644917183537
Best Sequence: [9, 12, 8, 5, 3, 4, 16, 23, 2, 10, 22, 19, 14, 20, 1, 13, 17, 7, 11, 15, 21, 25, 24, 18, 6]
Run 22:
Best OCplx: 2.306954620535892
Best Sequence: [5, 14, 9, 12, 8, 23, 15, 4, 3, 6, 16, 1, 21, 11, 17, 19, 10, 20, 22, 24, 7, 18, 2, 25, 13]
Run 23:
Best OCplx: 2.0774539066277127
Best Sequence: [9, 15, 8, 12, 3, 5, 4, 23, 16, 22, 10, 20, 21, 13, 17, 19, 2, 14, 6, 18, 1, 25, 24, 7, 11]
Run 24:
Best OCplx: 1.9949325800392377
Best Sequence: [5, 12, 15, 8, 9, 4, 3, 23, 14, 6, 16, 1, 11, 17, 22, 19, 10, 7, 20, 24, 21, 18, 13, 2, 25]
Run 25:
Best OCplx: 2.2076646551433043
Best Sequence: [12, 9, 3, 8, 14, 5, 15, 23, 4, 16, 19, 2, 20, 1, 13, 10, 24, 6, 11, 21, 25, 17, 22, 18, 7]
Run 26:
Best OCplx: 2.429178376212462
Best Sequence: [12, 8, 9, 5, 15, 3, 4, 16, 22, 10, 20, 2, 21, 13, 7, 14, 1, 11, 17, 18, 6, 24, 25, 19, 23]
Run 27:
Best OCplx: 2.308321914992128
Best Sequence: [9, 12, 5, 3, 15, 14, 8, 23, 4, 16, 10, 7, 13, 20, 21, 1, 22, 2, 19, 24, 25, 11, 6, 18, 17]
Run 28:
Best OCplx: 2.1493999310262546
Best Sequence: [9, 3, 5, 15, 8, 12, 4, 14, 16, 17, 10, 7, 21, 2, 19, 22, 24, 20, 18, 13, 1, 6, 23, 25, 11]
Run 29:
Best OCplx: 2.5067873720252636
Best Sequence: [4, 9, 14, 15, 3, 5, 23, 8, 6, 12, 16, 17, 1, 11, 22, 7, 10, 21, 19, 20, 2, 24, 13, 25, 18]
Run 30:
Best OCplx: 2.1918176869274397
Best Sequence: [3, 15, 9, 8, 12, 5, 23, 4, 16, 20, 21, 10, 24, 17, 18, 7, 22, 2, 1, 19, 14, 11, 25, 6, 13]
