Run 1:
Best OCplx: 3.3204045863431464
Best Sequence: [49, 21, 43, 61, 44, 8, 28, 9, 17, 15, 37, 59, 46, 10, 27, 19, 47, 13, 5, 40, 53, 11, 60, 31, 30, 58, 18, 7, 1, 45, 2, 25, 22, 14, 16, 57, 23, 41, 36, 26, 35, 34, 48, 24, 54, 32, 29, 6, 3, 39, 55, 52, 4, 56, 20, 38, 42, 50, 33, 51, 12]
Run 2:
Best OCplx: 5.336235952507153
Best Sequence: [27, 46, 40, 58, 60, 49, 13, 9, 8, 5, 10, 44, 59, 11, 61, 32, 21, 28, 17, 15, 36, 31, 34, 47, 53, 37, 43, 41, 30, 4, 22, 7, 48, 54, 39, 19, 45, 2, 18, 23, 35, 6, 42, 16, 24, 29, 55, 25, 26, 12, 38, 51, 56, 1, 50, 57, 3, 20, 52, 33, 14]
Run 3:
Best OCplx: 4.395050832091677
Best Sequence: [49, 21, 9, 59, 27, 60, 15, 44, 13, 34, 10, 39, 8, 36, 5, 37, 31, 40, 46, 43, 47, 61, 17, 53, 28, 11, 29, 58, 25, 35, 22, 20, 18, 54, 26, 55, 2, 24, 52, 56, 4, 32, 3, 7, 6, 51, 16, 42, 50, 1, 48, 57, 12, 14, 45, 23, 19, 41, 33, 38, 30]
Run 4:
Best OCplx: 4.351831168583188
Best Sequence: [58, 21, 27, 39, 17, 37, 19, 13, 8, 49, 15, 61, 34, 2, 10, 40, 31, 46, 47, 25, 9, 5, 28, 60, 22, 41, 36, 43, 44, 53, 11, 59, 35, 24, 23, 48, 57, 55, 18, 38, 16, 32, 20, 29, 30, 45, 52, 33, 7, 50, 6, 14, 54, 56, 1, 3, 4, 26, 51, 42, 12]
Run 5:
Best OCplx: 3.0797544578662683
Best Sequence: [21, 27, 45, 28, 43, 49, 8, 30, 4, 44, 11, 39, 58, 10, 46, 31, 25, 36, 59, 54, 47, 15, 60, 61, 17, 37, 35, 41, 22, 5, 34, 57, 18, 24, 6, 53, 14, 16, 23, 48, 26, 32, 29, 13, 19, 56, 7, 40, 2, 9, 55, 1, 38, 3, 20, 52, 51, 12, 42, 33, 50]
Run 6:
Best OCplx: 3.3122226694259878
Best Sequence: [21, 15, 10, 44, 34, 35, 49, 61, 48, 27, 9, 8, 37, 43, 46, 28, 59, 17, 60, 58, 31, 13, 39, 25, 5, 40, 41, 47, 29, 57, 7, 22, 45, 24, 14, 36, 32, 55, 33, 19, 38, 1, 26, 4, 53, 11, 20, 56, 12, 50, 18, 30, 54, 51, 3, 42, 52, 16, 23, 2, 6]
Run 7:
Best OCplx: 3.8834706986418586
Best Sequence: [17, 6, 59, 5, 27, 46, 21, 31, 58, 1, 22, 44, 7, 40, 4, 60, 61, 43, 39, 25, 15, 8, 11, 53, 41, 10, 9, 19, 16, 28, 57, 45, 13, 29, 49, 48, 30, 24, 18, 54, 35, 36, 23, 26, 47, 14, 32, 34, 3, 55, 2, 56, 20, 37, 42, 38, 33, 51, 50, 12, 52]
Run 8:
Best OCplx: 3.7924944520365074
Best Sequence: [17, 49, 44, 58, 5, 34, 60, 8, 21, 61, 59, 9, 40, 37, 13, 15, 31, 39, 28, 53, 46, 22, 36, 41, 27, 43, 47, 7, 10, 29, 48, 25, 4, 52, 23, 54, 16, 18, 45, 30, 32, 35, 1, 55, 2, 14, 12, 3, 24, 20, 56, 11, 6, 51, 19, 42, 38, 50, 57, 26, 33]
Run 9:
Best OCplx: 3.9385579014713428
Best Sequence: [8, 37, 23, 13, 27, 15, 36, 46, 21, 45, 5, 57, 61, 39, 31, 60, 9, 53, 10, 58, 25, 41, 43, 28, 7, 49, 17, 29, 40, 44, 34, 48, 54, 16, 47, 26, 35, 4, 22, 19, 30, 55, 14, 18, 24, 59, 6, 2, 33, 32, 20, 38, 52, 56, 12, 42, 1, 11, 50, 3, 51]
Run 10:
Best OCplx: 4.750507974564114
Best Sequence: [10, 34, 46, 21, 47, 5, 27, 59, 13, 25, 36, 31, 8, 9, 40, 60, 30, 44, 11, 43, 49, 39, 28, 58, 61, 57, 24, 2, 48, 23, 22, 1, 45, 55, 29, 37, 26, 38, 17, 32, 4, 56, 35, 52, 3, 15, 16, 53, 18, 19, 14, 54, 41, 6, 33, 12, 42, 20, 50, 51, 7]
Run 11:
Best OCplx: 3.628665200507255
Best Sequence: [40, 5, 60, 21, 34, 28, 39, 61, 8, 9, 27, 10, 18, 15, 13, 46, 43, 35, 47, 53, 25, 37, 58, 49, 59, 4, 7, 41, 45, 31, 17, 36, 11, 44, 56, 29, 30, 57, 22, 19, 24, 2, 6, 1, 26, 54, 23, 48, 3, 16, 32, 55, 14, 52, 20, 51, 50, 12, 38, 42, 33]
Run 12:
Best OCplx: 4.660278127238218
Best Sequence: [31, 36, 27, 15, 21, 47, 43, 57, 8, 28, 9, 46, 44, 39, 53, 45, 37, 40, 58, 17, 25, 49, 5, 22, 61, 24, 34, 23, 1, 16, 10, 54, 29, 13, 4, 11, 56, 32, 41, 35, 48, 60, 7, 14, 19, 2, 6, 59, 3, 26, 33, 18, 30, 55, 51, 38, 50, 20, 12, 52, 42]
Run 13:
Best OCplx: 4.190082976367624
Best Sequence: [47, 10, 21, 31, 7, 8, 35, 44, 40, 16, 29, 58, 17, 37, 59, 22, 15, 5, 46, 25, 41, 9, 11, 48, 6, 36, 49, 56, 28, 53, 60, 61, 27, 14, 13, 39, 43, 34, 1, 20, 4, 30, 26, 19, 23, 2, 24, 57, 54, 18, 45, 55, 3, 32, 38, 42, 50, 52, 51, 33, 12]
Run 14:
Best OCplx: 4.08931466640718
Best Sequence: [10, 46, 21, 14, 5, 60, 47, 13, 27, 44, 59, 53, 31, 25, 49, 8, 48, 22, 61, 15, 58, 9, 26, 41, 34, 43, 36, 35, 17, 57, 18, 29, 37, 28, 7, 39, 40, 19, 54, 11, 56, 30, 2, 45, 16, 24, 55, 42, 1, 32, 4, 3, 33, 20, 51, 52, 38, 50, 12, 6, 23]
Run 15:
Best OCplx: 4.007442456613819
Best Sequence: [60, 8, 46, 37, 22, 15, 17, 28, 36, 31, 61, 10, 39, 9, 34, 25, 58, 5, 40, 43, 49, 47, 13, 27, 21, 59, 44, 53, 29, 26, 30, 41, 48, 55, 32, 35, 57, 14, 50, 18, 51, 45, 19, 2, 38, 54, 6, 24, 3, 20, 42, 52, 23, 56, 12, 4, 33, 11, 1, 7, 16]
Run 16:
Best OCplx: 5.342413285374352
Best Sequence: [39, 10, 28, 47, 36, 49, 59, 60, 58, 46, 31, 21, 27, 25, 15, 44, 54, 61, 43, 53, 40, 13, 22, 37, 5, 17, 34, 19, 18, 4, 9, 16, 30, 29, 57, 8, 35, 7, 55, 24, 32, 52, 23, 42, 41, 33, 26, 6, 11, 48, 1, 51, 20, 45, 2, 56, 14, 3, 50, 38, 12]
Run 17:
Best OCplx: 4.958577020924551
Best Sequence: [53, 61, 39, 36, 58, 9, 40, 27, 10, 49, 15, 60, 34, 46, 25, 28, 13, 44, 5, 8, 59, 41, 33, 21, 35, 45, 14, 19, 37, 43, 47, 24, 48, 31, 57, 7, 18, 32, 55, 16, 12, 20, 56, 29, 22, 38, 11, 42, 1, 4, 6, 52, 26, 3, 17, 2, 50, 51, 30, 54, 23]
Run 18:
Best OCplx: 4.470572917288012
Best Sequence: [60, 36, 13, 29, 59, 47, 46, 27, 9, 44, 49, 40, 5, 61, 39, 31, 21, 8, 53, 37, 11, 48, 15, 43, 10, 25, 58, 56, 17, 23, 30, 41, 16, 7, 35, 34, 22, 57, 45, 18, 2, 26, 28, 24, 4, 1, 19, 51, 6, 55, 14, 33, 32, 3, 20, 54, 42, 38, 52, 50, 12]
Run 19:
Best OCplx: 4.994850728680527
Best Sequence: [44, 3, 13, 40, 59, 8, 48, 27, 9, 47, 37, 46, 61, 21, 49, 35, 19, 57, 60, 10, 17, 15, 43, 5, 11, 4, 39, 14, 53, 55, 24, 23, 22, 31, 18, 56, 58, 28, 45, 30, 16, 41, 54, 34, 1, 7, 25, 2, 36, 26, 32, 6, 29, 38, 42, 52, 20, 33, 51, 12, 50]
Run 20:
Best OCplx: 4.215641465069936
Best Sequence: [28, 15, 8, 19, 58, 60, 39, 47, 22, 59, 36, 40, 37, 34, 21, 61, 44, 5, 10, 13, 31, 49, 46, 29, 17, 53, 32, 43, 9, 6, 7, 11, 25, 56, 41, 45, 4, 48, 24, 16, 14, 18, 23, 2, 26, 30, 27, 55, 20, 51, 38, 35, 12, 57, 52, 3, 50, 1, 54, 42, 33]
Run 21:
Best OCplx: 4.241194553994682
Best Sequence: [46, 34, 10, 5, 37, 15, 27, 31, 8, 60, 39, 47, 59, 13, 58, 28, 21, 36, 30, 40, 44, 49, 17, 9, 18, 53, 54, 11, 25, 35, 16, 41, 56, 22, 19, 43, 23, 2, 29, 45, 61, 24, 7, 6, 57, 20, 14, 32, 33, 42, 55, 1, 26, 12, 38, 52, 3, 50, 51, 4, 48]
Run 22:
Best OCplx: 4.667507597528585
Best Sequence: [31, 47, 49, 10, 20, 5, 61, 34, 8, 21, 27, 46, 25, 2, 36, 18, 35, 28, 60, 7, 17, 40, 52, 13, 22, 39, 54, 53, 59, 44, 43, 9, 6, 56, 37, 15, 11, 48, 58, 29, 4, 1, 23, 45, 26, 24, 41, 57, 19, 32, 14, 16, 30, 3, 55, 51, 38, 42, 50, 12, 33]
Run 23:
Best OCplx: 4.059998612407098
Best Sequence: [21, 16, 45, 10, 8, 36, 44, 15, 23, 31, 43, 25, 7, 27, 30, 54, 19, 49, 34, 46, 13, 17, 57, 59, 47, 60, 9, 61, 22, 3, 40, 14, 53, 35, 5, 56, 39, 24, 28, 2, 48, 37, 26, 29, 4, 6, 58, 11, 18, 1, 32, 41, 20, 55, 52, 50, 51, 42, 12, 38, 33]
Run 24:
Best OCplx: 4.145410114326877
Best Sequence: [46, 5, 34, 14, 21, 44, 31, 17, 40, 13, 39, 11, 15, 36, 8, 47, 37, 10, 27, 60, 41, 9, 45, 24, 28, 54, 43, 53, 49, 22, 61, 59, 16, 58, 2, 25, 57, 35, 6, 7, 30, 18, 4, 23, 29, 32, 48, 26, 19, 56, 55, 3, 38, 20, 12, 52, 1, 50, 42, 51, 33]
Run 25:
Best OCplx: 3.452725179318653
Best Sequence: [13, 10, 59, 21, 28, 39, 43, 60, 15, 27, 8, 9, 18, 25, 46, 36, 29, 49, 53, 5, 47, 31, 61, 17, 45, 11, 58, 34, 41, 44, 30, 40, 37, 57, 22, 48, 7, 16, 6, 19, 1, 14, 35, 4, 54, 2, 24, 23, 20, 26, 56, 32, 55, 51, 38, 52, 3, 42, 12, 33, 50]
Run 26:
Best OCplx: 3.4453426319444276
Best Sequence: [46, 8, 5, 39, 25, 47, 58, 26, 36, 61, 21, 15, 17, 34, 9, 28, 14, 27, 40, 44, 31, 43, 1, 10, 49, 13, 4, 45, 48, 6, 23, 59, 37, 54, 29, 35, 16, 32, 7, 22, 24, 11, 19, 60, 3, 30, 2, 53, 57, 18, 41, 56, 20, 55, 38, 42, 52, 51, 33, 50, 12]
Run 27:
Best OCplx: 3.606331476607487
Best Sequence: [21, 36, 47, 39, 18, 6, 46, 59, 9, 53, 37, 40, 49, 8, 17, 34, 27, 31, 25, 54, 45, 58, 22, 43, 28, 30, 29, 15, 24, 10, 11, 56, 61, 41, 4, 13, 32, 57, 23, 2, 60, 7, 5, 35, 1, 48, 44, 14, 19, 26, 55, 3, 16, 20, 42, 38, 51, 52, 12, 33, 50]
Run 28:
Best OCplx: 5.078369780304707
Best Sequence: [44, 21, 59, 47, 46, 61, 40, 9, 37, 53, 17, 31, 36, 22, 13, 8, 10, 60, 5, 58, 34, 39, 49, 28, 41, 19, 25, 48, 30, 6, 32, 42, 57, 15, 7, 43, 18, 35, 29, 20, 56, 24, 55, 11, 26, 54, 51, 52, 50, 3, 4, 27, 23, 12, 38, 1, 33, 2, 14, 45, 16]
Run 29:
Best OCplx: 3.6312999497924205
Best Sequence: [5, 39, 59, 46, 34, 49, 21, 15, 47, 28, 9, 43, 37, 60, 27, 10, 61, 44, 40, 8, 25, 22, 31, 53, 48, 58, 36, 13, 35, 2, 23, 32, 1, 19, 56, 55, 30, 18, 41, 7, 57, 20, 12, 17, 6, 54, 3, 29, 11, 16, 38, 42, 24, 52, 33, 4, 14, 45, 51, 26, 50]
Run 30:
Best OCplx: 4.493361417617175
Best Sequence: [61, 13, 49, 39, 31, 17, 27, 8, 15, 58, 5, 44, 36, 47, 43, 9, 40, 56, 60, 21, 18, 6, 16, 32, 19, 48, 14, 53, 25, 22, 30, 46, 2, 37, 29, 41, 59, 42, 11, 28, 10, 55, 23, 57, 20, 35, 38, 52, 51, 50, 12, 45, 54, 33, 24, 1, 4, 3, 26, 34, 7]
Learning Rate: 1e-05
Epsilon: 0.1
Gamma: 0.99
Reward Version: v2.1
if_EWM: False


Mean: 4.1847
Min: 3.0798
Max: 5.3424
Std: 0.6021