Run 1:
Best OCplx: 1.0757099240568067
Best Sequence: [27, 22, 1, 36, 30, 39, 13, 19, 16, 17, 11, 34, 15, 33, 2, 18, 3, 37, 21, 14, 35, 10, 12, 29, 26, 24, 31, 7, 5, 25, 23, 20, 8, 9, 32, 28, 6, 4, 38]
Run 2:
Best OCplx: 1.085250584674015
Best Sequence: [19, 27, 35, 38, 33, 11, 32, 24, 17, 8, 28, 34, 39, 3, 37, 26, 10, 15, 13, 29, 2, 1, 36, 22, 7, 31, 16, 30, 21, 9, 25, 6, 4, 5, 12, 20, 23, 18, 14]
Run 3:
Best OCplx: 1.6302082603691408
Best Sequence: [23, 11, 28, 20, 19, 16, 30, 27, 21, 7, 31, 17, 34, 32, 3, 39, 29, 12, 8, 24, 1, 6, 10, 36, 15, 37, 18, 38, 4, 35, 5, 33, 14, 25, 13, 22, 2, 9, 26]
Run 4:
Best OCplx: 1.3687421856984423
Best Sequence: [38, 10, 7, 13, 27, 21, 33, 5, 28, 9, 2, 16, 36, 17, 12, 18, 39, 6, 3, 20, 37, 31, 19, 26, 4, 24, 8, 11, 29, 32, 15, 22, 1, 14, 35, 25, 34, 30, 23]
Run 5:
Best OCplx: 1.36741656221212
Best Sequence: [14, 11, 27, 17, 26, 16, 5, 10, 9, 35, 3, 23, 34, 28, 20, 39, 31, 12, 2, 25, 37, 1, 6, 36, 21, 4, 18, 22, 38, 15, 30, 8, 32, 24, 7, 19, 29, 33, 13]
Run 6:
Best OCplx: 0.8955008908737454
Best Sequence: [33, 1, 28, 5, 39, 3, 11, 24, 17, 7, 10, 23, 27, 34, 2, 20, 21, 19, 29, 35, 15, 13, 8, 12, 37, 31, 9, 30, 22, 36, 26, 38, 14, 16, 6, 18, 32, 25, 4]
Run 7:
Best OCplx: 1.048185596368739
Best Sequence: [19, 18, 27, 2, 17, 15, 25, 34, 13, 11, 8, 38, 24, 1, 14, 28, 35, 21, 23, 16, 20, 26, 12, 29, 33, 10, 7, 39, 9, 22, 6, 36, 4, 30, 3, 31, 32, 37, 5]
Run 8:
Best OCplx: 0.935677412532072
Best Sequence: [20, 11, 21, 38, 31, 14, 24, 33, 22, 8, 16, 36, 7, 35, 27, 26, 18, 10, 19, 9, 30, 32, 23, 5, 17, 15, 39, 13, 2, 6, 25, 3, 1, 34, 12, 28, 37, 4, 29]
Run 9:
Best OCplx: 1.0836296006143291
Best Sequence: [27, 28, 16, 20, 10, 11, 30, 21, 33, 18, 32, 37, 7, 3, 34, 36, 38, 13, 1, 9, 25, 12, 39, 22, 14, 26, 35, 15, 23, 17, 8, 6, 4, 24, 29, 2, 19, 31, 5]
Run 10:
Best OCplx: 0.8271765969375531
Best Sequence: [30, 29, 15, 22, 16, 3, 2, 20, 32, 38, 21, 35, 11, 23, 28, 14, 36, 27, 10, 7, 24, 37, 5, 34, 9, 31, 8, 6, 18, 17, 13, 26, 39, 19, 1, 12, 33, 25, 4]
Run 11:
Best OCplx: 0.5356981058155351
Best Sequence: [36, 8, 17, 20, 27, 39, 7, 21, 11, 28, 32, 24, 15, 34, 13, 30, 12, 10, 23, 19, 1, 2, 9, 25, 31, 35, 3, 26, 22, 6, 5, 16, 33, 4, 18, 29, 38, 37, 14]
Run 12:
Best OCplx: 1.277599118899039
Best Sequence: [18, 11, 20, 19, 13, 30, 25, 24, 33, 12, 27, 8, 10, 17, 9, 36, 6, 4, 35, 39, 29, 38, 34, 2, 32, 26, 1, 37, 5, 23, 7, 22, 21, 3, 15, 28, 14, 16, 31]
Run 13:
Best OCplx: 1.2672307207316267
Best Sequence: [36, 11, 10, 34, 19, 15, 23, 35, 30, 29, 17, 18, 37, 20, 25, 8, 9, 3, 21, 26, 12, 31, 7, 2, 1, 13, 33, 6, 28, 22, 32, 5, 16, 39, 14, 27, 38, 4, 24]
Run 14:
Best OCplx: 1.0262348120079203
Best Sequence: [17, 20, 36, 25, 21, 27, 7, 33, 31, 22, 39, 30, 11, 19, 2, 29, 32, 38, 23, 5, 13, 18, 8, 12, 10, 34, 14, 24, 35, 28, 37, 3, 16, 9, 26, 6, 4, 1, 15]
Run 15:
Best OCplx: 1.1307954729003593
Best Sequence: [20, 7, 14, 30, 31, 3, 11, 35, 18, 25, 27, 10, 2, 34, 36, 29, 39, 17, 9, 24, 19, 32, 8, 37, 15, 26, 6, 4, 12, 5, 22, 28, 21, 38, 33, 1, 16, 23, 13]
Run 16:
Best OCplx: 1.016592446809922
Best Sequence: [28, 22, 1, 21, 12, 11, 36, 10, 16, 7, 24, 20, 34, 25, 38, 9, 15, 26, 3, 17, 30, 13, 19, 33, 39, 23, 6, 5, 18, 8, 4, 31, 35, 2, 37, 14, 27, 32, 29]
Run 17:
Best OCplx: 1.032319280665814
Best Sequence: [34, 35, 27, 38, 16, 1, 36, 31, 17, 2, 28, 5, 14, 26, 19, 21, 30, 7, 15, 20, 11, 37, 23, 33, 32, 12, 22, 18, 3, 10, 24, 25, 9, 6, 4, 39, 8, 29, 13]
Run 18:
Best OCplx: 0.8838692066474387
Best Sequence: [1, 21, 17, 39, 20, 16, 30, 24, 28, 3, 27, 13, 10, 18, 36, 35, 12, 11, 34, 26, 19, 38, 25, 29, 9, 6, 22, 14, 15, 2, 32, 8, 4, 31, 7, 33, 37, 23, 5]
Run 19:
Best OCplx: 1.3238207420618966
Best Sequence: [12, 38, 20, 21, 22, 24, 27, 10, 9, 33, 6, 1, 5, 31, 28, 23, 19, 32, 15, 26, 8, 16, 39, 29, 35, 34, 36, 7, 17, 11, 3, 18, 2, 30, 25, 13, 14, 4, 37]
Run 20:
Best OCplx: 1.4275406260096044
Best Sequence: [22, 5, 36, 21, 33, 11, 10, 26, 38, 18, 13, 28, 16, 17, 2, 9, 23, 7, 1, 35, 31, 24, 8, 6, 27, 39, 14, 12, 4, 37, 20, 25, 34, 32, 30, 15, 3, 19, 29]
Run 21:
Best OCplx: 0.939390303999682
Best Sequence: [31, 30, 17, 38, 15, 2, 35, 28, 16, 3, 21, 20, 18, 1, 27, 8, 7, 19, 37, 11, 10, 34, 12, 39, 9, 22, 33, 36, 6, 5, 13, 32, 24, 29, 26, 23, 14, 4, 25]
Run 22:
Best OCplx: 0.6603088972267476
Best Sequence: [22, 17, 26, 21, 20, 15, 13, 24, 18, 19, 36, 30, 39, 35, 34, 12, 3, 11, 25, 16, 27, 38, 5, 37, 1, 2, 28, 7, 14, 10, 9, 32, 8, 31, 6, 23, 4, 29, 33]
Run 23:
Best OCplx: 1.0292840079335435
Best Sequence: [24, 26, 10, 11, 36, 15, 38, 20, 23, 30, 35, 22, 32, 25, 21, 17, 27, 16, 2, 39, 8, 33, 14, 7, 29, 3, 12, 13, 31, 18, 5, 1, 37, 19, 9, 6, 4, 28, 34]
Run 24:
Best OCplx: 1.4244421320510812
Best Sequence: [26, 39, 38, 32, 21, 16, 30, 23, 29, 18, 3, 37, 15, 12, 11, 17, 8, 25, 34, 7, 13, 10, 24, 28, 20, 2, 19, 14, 9, 6, 4, 27, 33, 22, 1, 5, 31, 36, 35]
Run 25:
Best OCplx: 1.0962817945845884
Best Sequence: [38, 5, 33, 21, 11, 32, 28, 36, 27, 35, 10, 34, 29, 31, 12, 9, 26, 23, 18, 7, 37, 20, 2, 39, 8, 19, 1, 16, 6, 4, 25, 15, 30, 3, 22, 14, 24, 17, 13]
Run 26:
Best OCplx: 0.8823638503618955
Best Sequence: [38, 39, 24, 13, 21, 5, 36, 2, 34, 12, 27, 30, 1, 16, 3, 17, 20, 19, 10, 35, 31, 37, 26, 22, 23, 11, 8, 7, 9, 15, 32, 6, 18, 29, 25, 14, 4, 33, 28]
Run 27:
Best OCplx: 0.9608292792310301
Best Sequence: [18, 7, 22, 11, 36, 32, 21, 14, 28, 23, 24, 26, 1, 39, 29, 10, 19, 2, 5, 17, 16, 35, 30, 9, 8, 37, 13, 27, 6, 31, 20, 15, 3, 4, 34, 38, 12, 25, 33]
Run 28:
Best OCplx: 1.1250439643715406
Best Sequence: [32, 35, 24, 16, 22, 17, 3, 15, 39, 27, 28, 8, 30, 34, 2, 12, 1, 21, 29, 26, 11, 10, 20, 19, 13, 23, 9, 7, 18, 6, 36, 38, 5, 31, 14, 25, 37, 33, 4]
Run 29:
Best OCplx: 0.9999607309842202
Best Sequence: [25, 27, 2, 11, 3, 13, 22, 29, 36, 20, 24, 33, 30, 35, 38, 28, 16, 34, 7, 23, 26, 10, 9, 18, 8, 37, 14, 19, 6, 4, 32, 15, 17, 5, 1, 39, 21, 31, 12]
Run 30:
Best OCplx: 1.5913582459959619
Best Sequence: [35, 32, 16, 11, 7, 28, 20, 4, 39, 3, 10, 1, 13, 17, 30, 36, 22, 2, 19, 29, 34, 14, 15, 24, 23, 18, 33, 25, 21, 5, 38, 9, 26, 37, 12, 27, 8, 31, 6]
