Run 2:
Best OCplx: 2.148551625831837
Best Sequence: [65, 8, 3, 61, 34, 58, 12, 56, 43, 39, 1, 33, 37, 9, 45, 14, 40, 24, 22, 27, 32, 28, 23, 30, 31, 16, 4, 52, 38, 63, 6, 10, 20, 48, 36, 5, 50, 55, 53, 35, 13, 18, 57, 47, 19, 29, 21, 17, 25, 7, 42, 54, 51, 60, 11, 49, 44, 26, 62, 15, 59, 64, 2, 46, 41]
Run 1:
Best OCplx: 2.0549320901732284
Best Sequence: [65, 58, 14, 3, 27, 30, 26, 15, 60, 40, 25, 63, 46, 39, 43, 11, 22, 51, 18, 47, 49, 42, 21, 55, 52, 20, 4, 61, 45, 12, 33, 44, 31, 9, 38, 6, 32, 1, 56, 34, 54, 41, 50, 57, 48, 36, 16, 19, 17, 8, 7, 23, 29, 10, 5, 2, 62, 64, 35, 28, 37, 13, 53, 24, 59]
Run 2:
Best OCplx: 1.9412439276153624
Best Sequence: [58, 24, 65, 34, 2, 51, 27, 8, 35, 38, 19, 9, 55, 45, 13, 3, 25, 22, 1, 28, 23, 50, 30, 4, 31, 53, 33, 11, 26, 43, 16, 10, 52, 59, 39, 32, 54, 29, 37, 14, 47, 21, 17, 44, 6, 63, 36, 12, 41, 40, 49, 57, 20, 48, 5, 42, 18, 64, 15, 60, 46, 7, 62, 61, 56]
Run 3:
Best OCplx: 1.8207701886988559
Best Sequence: [13, 19, 62, 58, 52, 56, 3, 32, 24, 50, 43, 27, 35, 4, 61, 25, 16, 60, 38, 44, 64, 9, 8, 22, 29, 17, 1, 11, 33, 14, 28, 36, 51, 59, 41, 23, 5, 20, 21, 10, 47, 55, 57, 30, 46, 49, 7, 6, 18, 65, 40, 12, 31, 54, 42, 26, 37, 2, 45, 53, 63, 39, 15, 48, 34]
Run 4:
Best OCplx: 1.7252152182682412
Best Sequence: [27, 24, 58, 40, 22, 60, 28, 49, 44, 15, 20, 1, 13, 50, 62, 53, 14, 21, 41, 39, 19, 34, 55, 8, 63, 54, 48, 2, 43, 51, 65, 7, 33, 64, 4, 61, 46, 56, 31, 9, 42, 10, 32, 36, 11, 47, 57, 23, 38, 17, 5, 6, 45, 37, 26, 18, 16, 35, 30, 29, 52, 3, 12, 25, 59]
Run 5:
Best OCplx: 1.8998470727055223
Best Sequence: [24, 58, 17, 55, 14, 22, 51, 50, 21, 1, 29, 9, 35, 52, 63, 15, 36, 49, 19, 62, 11, 37, 27, 57, 13, 46, 40, 56, 59, 48, 4, 16, 28, 6, 5, 32, 8, 20, 45, 34, 7, 53, 60, 38, 43, 30, 44, 39, 41, 25, 64, 3, 31, 65, 12, 26, 23, 61, 33, 54, 10, 2, 18, 47, 42]
Run 6:
Best OCplx: 2.0376670748925227
Best Sequence: [11, 65, 58, 15, 1, 41, 37, 16, 13, 35, 47, 31, 17, 48, 24, 28, 32, 25, 19, 43, 63, 57, 12, 14, 62, 64, 30, 3, 49, 33, 53, 8, 54, 2, 27, 51, 23, 6, 46, 44, 40, 61, 10, 34, 55, 5, 39, 56, 22, 42, 36, 29, 9, 20, 60, 4, 50, 18, 59, 21, 52, 45, 26, 7, 38]
Run 7:
Best OCplx: 2.171742895549321
Best Sequence: [27, 58, 4, 22, 16, 36, 63, 19, 55, 61, 24, 56, 38, 59, 45, 8, 26, 40, 17, 20, 25, 62, 37, 53, 46, 49, 6, 7, 57, 11, 39, 42, 2, 64, 13, 34, 3, 9, 50, 43, 23, 21, 18, 48, 52, 35, 47, 33, 14, 65, 32, 54, 12, 30, 60, 29, 10, 31, 5, 28, 15, 44, 41, 51, 1]
Run 8:
Best OCplx: 1.9156323209102777
Best Sequence: [11, 65, 27, 64, 54, 58, 24, 22, 38, 35, 25, 52, 51, 4, 3, 55, 49, 29, 53, 21, 16, 36, 31, 57, 43, 48, 6, 28, 45, 20, 1, 9, 32, 14, 47, 13, 40, 26, 61, 50, 30, 12, 42, 62, 7, 17, 2, 59, 23, 60, 5, 63, 8, 10, 41, 34, 56, 46, 39, 19, 15, 18, 44, 37, 33]
Run 9:
Best OCplx: 2.011880129560085
Best Sequence: [58, 3, 35, 41, 16, 45, 49, 28, 63, 13, 60, 27, 12, 37, 52, 38, 44, 14, 56, 15, 64, 48, 24, 5, 4, 2, 17, 36, 50, 6, 34, 31, 8, 11, 18, 32, 47, 25, 30, 40, 22, 46, 19, 26, 62, 39, 42, 43, 29, 7, 59, 53, 10, 9, 20, 54, 51, 61, 57, 65, 55, 21, 1, 23, 33]
Run 10:
Best OCplx: 1.9437698148983737
Best Sequence: [62, 16, 6, 58, 60, 48, 9, 2, 30, 17, 51, 13, 50, 27, 33, 22, 21, 55, 3, 64, 1, 43, 61, 14, 19, 5, 12, 38, 29, 35, 28, 24, 54, 40, 49, 63, 10, 15, 32, 53, 26, 47, 41, 4, 46, 36, 57, 8, 42, 52, 25, 45, 39, 11, 37, 23, 34, 7, 65, 56, 20, 31, 59, 18, 44]
Run 11:
Best OCplx: 2.0140771943388076
Best Sequence: [8, 27, 26, 58, 13, 53, 47, 62, 42, 19, 22, 14, 7, 21, 39, 43, 15, 32, 3, 51, 29, 59, 20, 5, 48, 1, 35, 30, 36, 61, 40, 24, 16, 31, 63, 50, 37, 56, 2, 33, 10, 44, 38, 65, 54, 45, 60, 9, 41, 28, 25, 49, 23, 34, 4, 17, 11, 57, 64, 12, 46, 52, 18, 55, 6]
Run 12:
Best OCplx: 1.7491039608758951
Best Sequence: [65, 17, 58, 24, 49, 14, 34, 59, 60, 62, 27, 51, 56, 52, 13, 41, 8, 48, 38, 11, 43, 36, 7, 37, 61, 32, 57, 44, 55, 20, 2, 12, 1, 25, 29, 22, 39, 5, 31, 64, 33, 35, 54, 47, 53, 18, 26, 21, 46, 19, 6, 4, 28, 45, 3, 40, 16, 30, 15, 63, 9, 42, 23, 50, 10]
Run 13:
Best OCplx: 2.0512691566328143
Best Sequence: [43, 27, 58, 4, 15, 22, 64, 30, 50, 25, 13, 24, 20, 53, 65, 54, 11, 33, 12, 59, 1, 52, 47, 9, 14, 29, 31, 21, 6, 10, 5, 28, 23, 34, 42, 45, 60, 38, 39, 16, 36, 51, 19, 3, 2, 26, 17, 8, 49, 57, 44, 35, 18, 40, 55, 56, 32, 46, 61, 62, 41, 48, 63, 7, 37]
Run 14:
Best OCplx: 1.7629376101796785
Best Sequence: [63, 19, 14, 21, 65, 58, 13, 1, 28, 43, 49, 62, 52, 16, 57, 41, 24, 60, 2, 59, 23, 50, 44, 27, 17, 32, 12, 22, 64, 47, 20, 51, 53, 45, 33, 3, 8, 31, 29, 15, 38, 55, 4, 61, 37, 40, 48, 35, 7, 11, 39, 36, 42, 30, 26, 5, 10, 34, 18, 56, 54, 25, 6, 9, 46]
Run 15:
Best OCplx: 1.8709365481749285
Best Sequence: [58, 48, 36, 2, 27, 53, 15, 32, 10, 9, 3, 4, 19, 11, 13, 28, 24, 63, 61, 60, 42, 46, 22, 23, 17, 8, 21, 1, 62, 20, 47, 30, 29, 50, 31, 56, 25, 44, 49, 54, 39, 64, 35, 14, 12, 6, 57, 65, 43, 34, 18, 16, 5, 37, 52, 41, 26, 7, 45, 59, 40, 55, 38, 33, 51]
Run 16:
Best OCplx: 2.075401932641878
Best Sequence: [58, 40, 10, 30, 56, 50, 13, 22, 60, 31, 16, 53, 11, 8, 47, 21, 45, 14, 29, 27, 3, 12, 34, 18, 63, 20, 62, 26, 35, 59, 7, 4, 51, 6, 55, 23, 19, 17, 32, 48, 65, 41, 52, 49, 33, 42, 46, 39, 1, 64, 36, 2, 9, 24, 28, 25, 54, 61, 38, 44, 43, 57, 5, 15, 37]
Run 17:
Best OCplx: 1.6492593087265688
Best Sequence: [2, 65, 58, 40, 27, 24, 12, 61, 43, 35, 13, 22, 51, 33, 29, 10, 34, 26, 64, 41, 37, 53, 20, 49, 18, 21, 36, 45, 50, 46, 52, 42, 8, 57, 9, 54, 55, 48, 63, 7, 14, 23, 38, 25, 1, 59, 56, 5, 6, 32, 19, 15, 4, 3, 11, 28, 30, 47, 17, 16, 39, 44, 31, 60, 62]
Run 18:
Best OCplx: 1.867325838553882
Best Sequence: [58, 27, 1, 36, 22, 6, 25, 63, 52, 55, 48, 17, 20, 2, 45, 9, 13, 35, 46, 41, 8, 7, 33, 51, 40, 54, 37, 23, 62, 19, 31, 38, 16, 64, 10, 60, 14, 59, 34, 12, 43, 30, 26, 47, 56, 24, 11, 50, 15, 4, 28, 29, 49, 39, 18, 44, 32, 53, 21, 42, 5, 57, 65, 61, 3]
Run 19:
Best OCplx: 1.9798469622112638
Best Sequence: [64, 1, 14, 58, 52, 53, 45, 22, 38, 54, 57, 44, 32, 63, 27, 36, 60, 15, 13, 62, 50, 35, 8, 21, 19, 10, 61, 20, 23, 42, 9, 11, 47, 12, 56, 34, 39, 29, 4, 6, 5, 46, 7, 25, 33, 30, 28, 18, 16, 41, 65, 3, 55, 40, 24, 17, 43, 51, 26, 49, 59, 37, 2, 31, 48]
Run 20:
Best OCplx: 1.905099021908345
Best Sequence: [11, 65, 58, 34, 64, 48, 19, 27, 15, 10, 17, 36, 53, 7, 22, 44, 62, 4, 35, 38, 20, 45, 56, 43, 57, 63, 32, 46, 9, 24, 14, 40, 25, 31, 61, 16, 5, 13, 12, 54, 18, 37, 55, 21, 39, 50, 26, 1, 47, 59, 42, 29, 23, 30, 6, 49, 8, 41, 52, 60, 2, 51, 33, 28, 3]
Run 21:
Best OCplx: 1.7770776137858868
Best Sequence: [64, 40, 9, 65, 58, 53, 34, 27, 63, 17, 45, 57, 48, 37, 42, 59, 51, 1, 10, 24, 12, 22, 13, 2, 50, 7, 14, 31, 62, 26, 49, 16, 3, 28, 21, 38, 44, 11, 35, 15, 46, 55, 25, 5, 52, 8, 47, 30, 36, 18, 61, 60, 19, 54, 20, 6, 23, 4, 41, 29, 32, 39, 33, 43, 56]
Run 22:
Best OCplx: 1.9490356302227234
Best Sequence: [65, 21, 58, 45, 6, 4, 49, 22, 36, 37, 27, 12, 13, 43, 2, 57, 15, 53, 64, 23, 32, 42, 25, 19, 61, 28, 9, 10, 33, 1, 56, 14, 29, 52, 40, 3, 50, 47, 59, 55, 62, 38, 8, 16, 48, 7, 20, 31, 17, 63, 35, 30, 60, 46, 18, 26, 5, 24, 39, 11, 44, 54, 34, 41, 51]
Run 23:
Best OCplx: 1.997546883995493
Best Sequence: [27, 65, 24, 13, 58, 8, 14, 53, 62, 9, 63, 15, 31, 11, 38, 16, 39, 19, 6, 12, 25, 56, 49, 61, 52, 41, 29, 37, 32, 55, 45, 46, 43, 28, 44, 51, 34, 40, 57, 20, 18, 1, 64, 60, 50, 35, 17, 4, 2, 10, 47, 22, 33, 48, 36, 5, 59, 21, 26, 7, 30, 3, 42, 23, 54]
Run 24:
Best OCplx: 2.050820351815032
Best Sequence: [65, 17, 2, 58, 50, 35, 49, 59, 29, 31, 44, 28, 34, 20, 7, 9, 55, 14, 22, 33, 21, 60, 56, 45, 13, 48, 27, 36, 41, 3, 25, 38, 24, 26, 11, 6, 61, 23, 62, 47, 16, 32, 57, 40, 52, 37, 5, 4, 63, 54, 53, 1, 19, 46, 43, 10, 39, 12, 30, 42, 64, 8, 51, 18, 15]
Run 25:
Best OCplx: 1.8456889571847475
Best Sequence: [27, 8, 58, 57, 65, 9, 13, 19, 24, 17, 14, 53, 16, 64, 42, 22, 2, 33, 25, 3, 32, 35, 34, 61, 37, 41, 21, 10, 6, 36, 40, 12, 4, 26, 62, 49, 48, 7, 43, 54, 23, 51, 60, 63, 45, 11, 46, 20, 5, 28, 44, 38, 56, 47, 52, 29, 18, 39, 31, 30, 15, 1, 55, 59, 50]
Run 26:
Best OCplx: 1.7682149549620179
Best Sequence: [65, 27, 47, 58, 13, 43, 33, 40, 25, 57, 48, 63, 2, 39, 38, 51, 50, 4, 1, 52, 24, 8, 11, 28, 22, 60, 12, 64, 16, 36, 21, 17, 31, 54, 29, 7, 41, 53, 32, 19, 44, 23, 62, 34, 26, 45, 9, 42, 18, 55, 56, 49, 37, 14, 3, 59, 46, 20, 10, 35, 5, 15, 6, 30, 61]
Run 27:
Best OCplx: 1.7026005349402356
Best Sequence: [24, 65, 4, 58, 22, 62, 1, 36, 43, 8, 31, 60, 46, 21, 13, 14, 15, 11, 42, 10, 27, 7, 55, 63, 38, 44, 6, 18, 12, 25, 34, 56, 2, 17, 50, 28, 47, 19, 3, 37, 30, 48, 9, 51, 33, 40, 35, 54, 49, 5, 64, 57, 53, 20, 59, 23, 41, 52, 26, 39, 61, 29, 16, 32, 45]
Run 28:
Best OCplx: 1.8038562593914556
Best Sequence: [65, 8, 27, 58, 37, 49, 61, 17, 36, 15, 42, 2, 46, 28, 55, 43, 38, 33, 39, 14, 52, 3, 22, 35, 50, 59, 30, 63, 16, 9, 40, 12, 1, 51, 54, 24, 20, 23, 7, 26, 56, 47, 29, 48, 21, 31, 60, 57, 41, 45, 5, 4, 19, 6, 32, 13, 11, 44, 64, 25, 10, 34, 53, 18, 62]
Run 29:
Best OCplx: 1.9939361743744461
Best Sequence: [54, 13, 58, 15, 27, 63, 25, 59, 42, 8, 39, 43, 22, 57, 14, 16, 60, 19, 53, 24, 56, 47, 49, 28, 7, 48, 9, 5, 50, 17, 6, 64, 20, 29, 11, 30, 34, 18, 26, 46, 38, 2, 44, 32, 23, 21, 35, 45, 36, 1, 12, 33, 40, 65, 52, 4, 31, 10, 41, 51, 37, 62, 3, 61, 55]
Run 30:
Best OCplx: 2.0119193915451214
Best Sequence: [65, 58, 61, 7, 16, 10, 37, 24, 41, 14, 2, 45, 17, 51, 50, 18, 32, 55, 42, 35, 22, 36, 20, 27, 4, 26, 49, 48, 57, 59, 40, 5, 13, 8, 39, 53, 3, 44, 19, 23, 30, 64, 31, 12, 28, 46, 29, 43, 33, 6, 1, 62, 38, 9, 11, 21, 34, 25, 60, 63, 47, 15, 56, 54, 52]
