Run 1:
Best OCplx: 1.1125566962083244
Best Sequence: [11, 36, 14, 1, 2, 35, 22, 28, 21, 38, 19, 3, 10, 30, 23, 33, 37, 5, 9, 34, 8, 20, 15, 29, 27, 25, 39, 32, 13, 6, 7, 12, 26, 24, 17, 16, 4, 31, 18]
Run 2:
Best OCplx: 0.8852096371259387
Best Sequence: [15, 30, 11, 10, 35, 1, 16, 28, 2, 25, 21, 26, 12, 23, 39, 32, 8, 22, 36, 7, 20, 3, 5, 33, 17, 27, 9, 13, 18, 38, 19, 29, 34, 31, 14, 37, 24, 6, 4]
Run 3:
Best OCplx: 1.0393086312935171
Best Sequence: [11, 33, 10, 28, 21, 13, 29, 9, 30, 35, 32, 17, 38, 26, 27, 19, 24, 3, 39, 12, 36, 2, 34, 37, 31, 14, 23, 15, 6, 18, 4, 8, 20, 5, 7, 1, 25, 22, 16]
Run 4:
Best OCplx: 0.9040981861666074
Best Sequence: [11, 35, 20, 27, 1, 25, 34, 17, 24, 14, 22, 7, 10, 38, 23, 39, 32, 29, 36, 33, 26, 5, 2, 15, 16, 21, 28, 3, 9, 30, 31, 6, 19, 8, 18, 37, 12, 4, 13]
Run 5:
Best OCplx: 1.1044327266903966
Best Sequence: [24, 19, 15, 34, 30, 28, 29, 36, 18, 21, 27, 12, 32, 39, 20, 33, 8, 13, 25, 38, 22, 17, 26, 7, 3, 16, 31, 10, 14, 35, 37, 1, 11, 9, 23, 5, 6, 4, 2]
Run 6:
Best OCplx: 0.9808933329431558
Best Sequence: [17, 7, 14, 15, 21, 3, 36, 19, 24, 16, 32, 30, 26, 34, 22, 10, 11, 12, 33, 5, 35, 27, 37, 9, 8, 6, 20, 4, 31, 18, 2, 38, 29, 13, 23, 39, 25, 1, 28]
Run 7:
Best OCplx: 0.9469407617897563
Best Sequence: [16, 23, 29, 11, 26, 10, 33, 30, 24, 18, 7, 34, 35, 19, 2, 17, 3, 38, 1, 15, 13, 27, 31, 22, 28, 39, 21, 9, 32, 14, 5, 37, 6, 8, 12, 4, 36, 25, 20]
Run 8:
Best OCplx: 0.9630113704530865
Best Sequence: [27, 17, 13, 39, 8, 7, 5, 16, 22, 15, 31, 33, 18, 11, 34, 14, 24, 23, 25, 21, 12, 10, 9, 6, 32, 38, 36, 4, 29, 30, 19, 28, 35, 20, 3, 26, 37, 2, 1]
Run 9:
Best OCplx: 0.854202154890677
Best Sequence: [3, 30, 38, 24, 1, 21, 2, 16, 39, 11, 27, 7, 19, 10, 13, 36, 31, 34, 5, 20, 37, 8, 14, 33, 18, 26, 17, 15, 25, 22, 28, 32, 9, 6, 12, 4, 35, 29, 23]
Run 10:
Best OCplx: 1.1591753845253356
Best Sequence: [31, 34, 26, 28, 15, 8, 7, 5, 1, 29, 11, 22, 24, 23, 10, 3, 17, 16, 33, 13, 20, 2, 14, 37, 39, 25, 30, 19, 38, 36, 18, 21, 27, 12, 9, 32, 6, 35, 4]
Run 11:
Best OCplx: 1.4877418342266946
Best Sequence: [31, 21, 29, 35, 12, 33, 24, 10, 25, 16, 38, 28, 20, 23, 32, 34, 36, 15, 14, 37, 7, 3, 22, 9, 8, 17, 19, 18, 11, 39, 2, 5, 26, 30, 13, 27, 1, 6, 4]
Run 12:
Best OCplx: 1.2251665846257815
Best Sequence: [12, 36, 31, 32, 38, 17, 18, 11, 13, 27, 16, 10, 19, 14, 30, 7, 3, 34, 9, 22, 29, 5, 24, 15, 25, 26, 37, 6, 33, 1, 39, 35, 23, 20, 2, 28, 4, 21, 8]
Run 13:
Best OCplx: 0.9994126632163761
Best Sequence: [14, 15, 18, 24, 33, 2, 28, 29, 19, 11, 30, 17, 25, 10, 7, 32, 9, 3, 39, 35, 26, 20, 1, 36, 27, 5, 16, 6, 22, 4, 21, 12, 38, 31, 8, 34, 37, 13, 23]
Run 14:
Best OCplx: 0.7977507316086143
Best Sequence: [21, 16, 34, 27, 33, 22, 7, 20, 24, 11, 30, 15, 10, 32, 5, 29, 39, 26, 18, 13, 9, 8, 23, 1, 36, 3, 19, 25, 6, 2, 35, 12, 17, 4, 14, 37, 31, 38, 28]
Run 15:
Best OCplx: 1.0708896252566331
Best Sequence: [28, 1, 19, 7, 25, 16, 32, 11, 38, 5, 21, 37, 27, 23, 17, 26, 12, 39, 10, 22, 2, 36, 9, 34, 15, 30, 29, 20, 24, 3, 8, 13, 31, 35, 14, 33, 6, 18, 4]
Run 16:
Best OCplx: 0.9793494933030756
Best Sequence: [19, 2, 16, 5, 30, 7, 25, 3, 11, 24, 28, 20, 38, 10, 32, 13, 27, 34, 14, 9, 26, 15, 31, 21, 39, 1, 6, 8, 36, 29, 35, 4, 12, 17, 18, 37, 33, 22, 23]
Run 17:
Best OCplx: 0.8985509705981943
Best Sequence: [35, 30, 2, 11, 16, 13, 3, 27, 15, 8, 34, 10, 36, 38, 26, 22, 31, 37, 24, 7, 25, 9, 1, 6, 29, 32, 21, 17, 12, 28, 23, 39, 20, 4, 5, 14, 18, 19, 33]
Run 18:
Best OCplx: 1.3154295073270916
Best Sequence: [22, 21, 17, 10, 14, 11, 7, 36, 20, 23, 25, 31, 2, 35, 37, 27, 30, 24, 5, 34, 16, 28, 8, 12, 19, 9, 33, 6, 29, 32, 3, 4, 39, 38, 1, 18, 15, 26, 13]
Run 19:
Best OCplx: 1.0903523208541996
Best Sequence: [19, 5, 13, 15, 32, 24, 27, 20, 11, 21, 2, 33, 3, 35, 29, 1, 14, 34, 10, 12, 25, 28, 7, 9, 18, 37, 31, 26, 6, 36, 30, 39, 4, 16, 23, 22, 38, 8, 17]
Run 20:
Best OCplx: 1.7718478327602083
Best Sequence: [5, 15, 7, 23, 10, 3, 18, 21, 13, 12, 14, 36, 30, 20, 1, 35, 24, 17, 22, 25, 39, 31, 19, 2, 28, 16, 38, 26, 11, 9, 4, 37, 33, 34, 29, 27, 6, 32, 8]
Run 21:
Best OCplx: 1.0102798311187322
Best Sequence: [11, 7, 30, 34, 26, 19, 10, 1, 21, 22, 27, 32, 29, 13, 23, 35, 16, 8, 36, 31, 33, 17, 3, 39, 5, 15, 25, 20, 24, 38, 18, 37, 9, 14, 6, 12, 28, 4, 2]
Run 22:
Best OCplx: 1.5719094735917478
Best Sequence: [18, 8, 1, 35, 26, 21, 3, 31, 32, 19, 14, 36, 27, 25, 33, 30, 12, 38, 7, 2, 13, 39, 15, 29, 37, 23, 34, 10, 9, 28, 16, 6, 4, 11, 5, 22, 17, 20, 24]
Run 23:
Best OCplx: 1.762931500531624
Best Sequence: [35, 23, 33, 11, 22, 29, 21, 13, 28, 30, 34, 17, 24, 19, 27, 20, 18, 37, 39, 7, 25, 3, 31, 26, 16, 12, 4, 32, 1, 36, 10, 15, 38, 5, 2, 9, 6, 8, 14]
Run 24:
Best OCplx: 1.1298651469705396
Best Sequence: [38, 15, 39, 19, 21, 16, 31, 20, 12, 22, 35, 27, 33, 29, 11, 10, 9, 23, 34, 6, 14, 26, 18, 3, 5, 8, 24, 4, 2, 32, 17, 25, 28, 1, 7, 37, 13, 30, 36]
Run 25:
Best OCplx: 1.387823506932859
Best Sequence: [27, 28, 30, 20, 10, 22, 7, 25, 18, 5, 35, 33, 38, 9, 1, 34, 26, 14, 21, 12, 6, 29, 11, 13, 32, 16, 31, 15, 19, 4, 2, 3, 8, 24, 39, 17, 37, 23, 36]
Run 26:
Best OCplx: 1.636177985051717
Best Sequence: [22, 10, 19, 23, 36, 34, 13, 5, 12, 27, 30, 32, 18, 37, 29, 38, 25, 31, 3, 7, 9, 2, 24, 11, 17, 1, 35, 39, 28, 26, 6, 4, 16, 14, 8, 21, 20, 33, 15]
Run 27:
Best OCplx: 1.0620741138100132
Best Sequence: [32, 12, 3, 17, 14, 36, 2, 19, 24, 11, 23, 18, 27, 10, 22, 29, 30, 9, 34, 6, 20, 1, 16, 15, 28, 7, 5, 26, 37, 8, 39, 38, 4, 31, 35, 25, 21, 33, 13]
Run 28:
Best OCplx: 1.4317129200587955
Best Sequence: [23, 24, 19, 10, 22, 36, 12, 39, 35, 16, 38, 25, 7, 30, 33, 34, 3, 29, 8, 37, 18, 15, 32, 26, 11, 2, 13, 17, 14, 21, 20, 1, 9, 27, 31, 28, 6, 4, 5]
Run 29:
Best OCplx: 1.0026267849490424
Best Sequence: [27, 22, 7, 38, 15, 33, 17, 10, 9, 36, 34, 30, 24, 23, 28, 11, 18, 29, 14, 32, 37, 25, 19, 6, 21, 26, 20, 12, 2, 39, 35, 31, 13, 8, 3, 16, 4, 1, 5]
Run 30:
Best OCplx: 1.071552436999794
Best Sequence: [15, 21, 24, 31, 25, 1, 22, 3, 29, 11, 27, 7, 37, 39, 35, 8, 28, 12, 14, 19, 10, 30, 20, 23, 26, 2, 18, 38, 17, 36, 34, 9, 6, 13, 5, 33, 32, 16, 4]
