Run 1:
Best OCplx: 0.7999257857670753
Best Sequence: [38, 13, 21, 20, 17, 27, 34, 25, 15, 14, 7, 18, 26, 11, 10, 1, 35, 9, 30, 5, 36, 39, 8, 33, 6, 29, 12, 22, 4, 28, 24, 32, 2, 31, 3, 19, 37, 16, 23]
Run 2:
Best OCplx: 0.8374893594219499
Best Sequence: [15, 11, 5, 1, 36, 28, 27, 3, 17, 25, 21, 29, 22, 34, 30, 26, 7, 2, 14, 10, 18, 31, 32, 16, 9, 35, 8, 6, 24, 37, 19, 33, 13, 4, 20, 39, 12, 38, 23]
Run 3:
Best OCplx: 0.872958910365126
Best Sequence: [36, 34, 2, 11, 35, 10, 33, 9, 31, 15, 30, 39, 24, 27, 1, 20, 25, 17, 32, 14, 28, 37, 8, 38, 18, 22, 23, 29, 19, 16, 26, 6, 21, 7, 5, 3, 12, 4, 13]
Run 4:
Best OCplx: 0.8823649539668633
Best Sequence: [21, 11, 13, 27, 23, 36, 18, 33, 15, 7, 32, 29, 12, 28, 14, 19, 22, 20, 10, 3, 34, 8, 30, 39, 35, 38, 25, 9, 1, 26, 6, 4, 2, 37, 16, 5, 31, 17, 24]
Run 5:
Best OCplx: 0.9882148724115727
Best Sequence: [2, 11, 24, 17, 27, 16, 29, 32, 36, 3, 39, 34, 15, 13, 22, 19, 10, 33, 37, 1, 38, 9, 35, 5, 26, 23, 21, 6, 18, 25, 28, 4, 31, 14, 12, 8, 20, 30, 7]
Run 6:
Best OCplx: 0.9309477578556812
Best Sequence: [25, 32, 5, 21, 20, 39, 11, 22, 19, 24, 36, 13, 18, 27, 10, 31, 2, 30, 1, 26, 14, 33, 3, 35, 7, 23, 9, 28, 34, 6, 17, 38, 4, 16, 15, 12, 37, 8, 29]
Run 7:
Best OCplx: 0.912582878168585
Best Sequence: [35, 36, 27, 20, 11, 18, 30, 33, 23, 37, 13, 29, 17, 16, 34, 19, 22, 26, 24, 7, 15, 10, 39, 28, 9, 31, 8, 1, 6, 5, 25, 38, 21, 14, 2, 3, 32, 4, 12]
Run 8:
Best OCplx: 0.7567039045438371
Best Sequence: [26, 11, 28, 10, 24, 35, 30, 33, 34, 29, 7, 13, 20, 3, 15, 36, 9, 22, 8, 17, 2, 31, 21, 27, 38, 37, 32, 14, 12, 6, 1, 39, 25, 23, 16, 19, 18, 5, 4]
Run 9:
Best OCplx: 0.7844211252069504
Best Sequence: [11, 24, 2, 20, 3, 32, 10, 15, 31, 18, 36, 30, 14, 9, 27, 38, 1, 35, 34, 13, 16, 6, 23, 22, 8, 5, 29, 37, 19, 28, 33, 21, 26, 17, 39, 4, 7, 25, 12]
Run 10:
Best OCplx: 0.833741808214436
Best Sequence: [8, 17, 15, 32, 7, 36, 2, 23, 28, 24, 14, 27, 19, 5, 30, 11, 34, 18, 25, 33, 10, 20, 22, 31, 9, 39, 1, 38, 16, 37, 21, 13, 3, 29, 6, 4, 12, 35, 26]
Run 11:
Best OCplx: 0.7753840211645469
Best Sequence: [23, 15, 18, 29, 11, 36, 39, 20, 10, 24, 34, 7, 14, 21, 25, 28, 30, 9, 27, 35, 6, 31, 19, 33, 4, 38, 17, 26, 8, 22, 16, 1, 37, 5, 3, 2, 32, 13, 12]
Run 12:
Best OCplx: 0.9951471188247832
Best Sequence: [14, 22, 38, 11, 21, 27, 5, 10, 36, 25, 35, 18, 26, 13, 34, 7, 28, 3, 33, 9, 29, 1, 2, 32, 37, 15, 17, 20, 39, 31, 23, 16, 19, 30, 24, 6, 4, 12, 8]
Run 13:
Best OCplx: 0.8627975052656106
Best Sequence: [18, 32, 21, 34, 2, 28, 1, 27, 11, 20, 7, 3, 36, 23, 8, 13, 15, 30, 10, 5, 14, 9, 31, 29, 26, 25, 6, 38, 37, 24, 35, 12, 16, 4, 19, 39, 17, 22, 33]
Run 14:
Best OCplx: 0.9777785722420529
Best Sequence: [34, 13, 5, 27, 20, 24, 39, 36, 30, 16, 7, 21, 15, 12, 29, 18, 26, 22, 23, 17, 28, 25, 33, 38, 32, 31, 10, 19, 11, 1, 35, 14, 3, 9, 8, 2, 6, 37, 4]
Run 15:
Best OCplx: 0.8914156035972371
Best Sequence: [14, 8, 27, 36, 7, 33, 34, 29, 30, 11, 22, 18, 32, 37, 38, 20, 10, 28, 39, 9, 24, 5, 3, 21, 6, 2, 31, 15, 4, 19, 17, 1, 13, 35, 25, 12, 23, 16, 26]
Run 16:
Best OCplx: 0.8200294790203665
Best Sequence: [27, 32, 39, 11, 36, 1, 18, 34, 7, 21, 37, 24, 3, 10, 29, 17, 9, 6, 38, 8, 15, 4, 35, 20, 14, 33, 31, 5, 28, 26, 19, 2, 16, 25, 12, 13, 23, 30, 22]
Run 17:
Best OCplx: 0.8261792727598578
Best Sequence: [34, 20, 16, 38, 27, 11, 8, 10, 36, 39, 30, 15, 17, 9, 35, 1, 19, 26, 33, 13, 5, 29, 7, 21, 14, 2, 32, 18, 22, 3, 31, 6, 37, 25, 23, 24, 4, 12, 28]
Run 18:
Best OCplx: 0.9318930990048032
Best Sequence: [22, 16, 30, 1, 34, 36, 11, 32, 27, 14, 15, 10, 38, 31, 35, 28, 21, 3, 39, 17, 25, 12, 24, 9, 18, 6, 5, 26, 2, 8, 20, 4, 29, 37, 19, 7, 23, 33, 13]
Run 19:
Best OCplx: 0.898280601796757
Best Sequence: [21, 23, 31, 1, 38, 8, 32, 27, 11, 28, 37, 10, 9, 24, 2, 36, 16, 19, 6, 22, 20, 33, 30, 29, 4, 39, 34, 15, 35, 26, 18, 17, 25, 12, 7, 14, 5, 3, 13]
Run 20:
Best OCplx: 0.917834504910039
Best Sequence: [27, 35, 23, 36, 17, 8, 29, 18, 24, 11, 15, 21, 10, 30, 9, 12, 26, 38, 1, 32, 33, 39, 31, 25, 34, 3, 13, 7, 37, 22, 6, 28, 2, 4, 19, 16, 14, 5, 20]
Run 21:
Best OCplx: 0.7252391326732095
Best Sequence: [20, 35, 15, 24, 19, 28, 23, 25, 2, 26, 14, 34, 36, 8, 11, 10, 27, 7, 17, 3, 9, 38, 21, 33, 32, 16, 13, 31, 39, 1, 30, 6, 12, 22, 37, 5, 18, 29, 4]
Run 22:
Best OCplx: 0.9384430450965686
Best Sequence: [34, 36, 13, 18, 15, 14, 38, 17, 28, 22, 27, 20, 11, 1, 25, 16, 19, 23, 24, 26, 7, 10, 9, 5, 29, 3, 21, 8, 6, 31, 37, 4, 32, 35, 39, 2, 12, 30, 33]
Run 23:
Best OCplx: 0.9137988079448525
Best Sequence: [16, 27, 8, 13, 7, 36, 35, 24, 11, 34, 17, 10, 19, 20, 38, 25, 37, 21, 29, 28, 9, 6, 18, 4, 31, 32, 39, 22, 3, 2, 23, 30, 15, 12, 33, 26, 14, 5, 1]
Run 24:
Best OCplx: 0.9100553783543379
Best Sequence: [3, 11, 27, 38, 5, 36, 10, 9, 31, 14, 2, 34, 6, 37, 32, 20, 33, 15, 21, 28, 30, 17, 24, 7, 29, 25, 22, 26, 18, 1, 39, 8, 13, 16, 19, 4, 35, 23, 12]
Run 25:
Best OCplx: 0.7153146965502633
Best Sequence: [29, 38, 7, 36, 19, 1, 3, 11, 32, 21, 23, 34, 8, 27, 10, 16, 12, 33, 15, 2, 35, 31, 22, 20, 18, 13, 30, 37, 17, 9, 25, 24, 28, 39, 26, 6, 4, 14, 5]
Run 26:
Best OCplx: 0.7930743331555261
Best Sequence: [28, 27, 22, 2, 20, 39, 36, 7, 11, 8, 29, 23, 10, 3, 9, 17, 6, 34, 32, 31, 21, 25, 12, 13, 15, 24, 37, 26, 18, 14, 30, 4, 33, 19, 5, 16, 1, 38, 35]
Run 27:
Best OCplx: 0.8519277279935424
Best Sequence: [21, 38, 12, 7, 14, 1, 30, 20, 36, 11, 18, 31, 15, 10, 5, 25, 9, 13, 2, 26, 22, 27, 6, 16, 39, 28, 24, 34, 33, 3, 17, 4, 19, 29, 8, 35, 32, 23, 37]
Run 28:
Best OCplx: 1.1132456327932312
Best Sequence: [3, 17, 38, 16, 26, 11, 15, 31, 21, 29, 22, 35, 34, 23, 25, 1, 24, 20, 10, 7, 5, 27, 33, 36, 18, 37, 14, 30, 28, 9, 12, 32, 8, 6, 4, 19, 2, 13, 39]
Run 29:
Best OCplx: 0.8308857107044642
Best Sequence: [11, 1, 5, 15, 32, 27, 22, 7, 24, 18, 34, 30, 3, 23, 10, 36, 31, 28, 37, 16, 29, 17, 33, 19, 9, 8, 38, 39, 2, 13, 26, 21, 25, 35, 6, 12, 4, 20, 14]
Run 30:
Best OCplx: 0.9332854628444439
Best Sequence: [24, 1, 33, 36, 11, 31, 27, 5, 18, 2, 7, 10, 29, 21, 3, 34, 8, 9, 32, 13, 16, 38, 28, 37, 35, 30, 15, 23, 39, 22, 17, 6, 26, 19, 25, 12, 14, 4, 20]
Learning Rate: 0.001
Epsilon: 0.15
Gamma: 0.99
Target Update: 50
Memory Capacity: 20000
Batch Size: 64
if_EWM: True

