Run 1:
Best OCplx: 2.0562784727178363
Best Sequence: [11, 65, 14, 50, 13, 58, 16, 64, 29, 53, 24, 32, 22, 23, 43, 54, 40, 59, 8, 21, 25, 6, 7, 30, 3, 17, 48, 46, 62, 47, 52, 27, 35, 2, 28, 36, 31, 1, 49, 39, 57, 15, 10, 61, 37, 4, 55, 56, 34, 12, 44, 42, 51, 41, 26, 9, 38, 33, 5, 20, 63, 19, 60, 18, 45]
Run 2:
Best OCplx: 1.7765486166447981
Best Sequence: [65, 11, 27, 58, 2, 21, 22, 37, 13, 29, 62, 1, 41, 54, 31, 52, 45, 24, 3, 25, 50, 20, 28, 23, 59, 40, 36, 48, 49, 16, 17, 43, 39, 12, 60, 55, 26, 63, 14, 19, 32, 6, 33, 35, 4, 61, 15, 42, 53, 8, 57, 44, 38, 51, 7, 46, 5, 30, 10, 9, 56, 64, 18, 47, 34]
Run 3:
Best OCplx: 1.7413991095019596
Best Sequence: [65, 60, 58, 17, 38, 34, 35, 33, 10, 51, 27, 14, 47, 7, 12, 15, 22, 59, 29, 2, 13, 16, 23, 32, 28, 61, 45, 4, 42, 53, 6, 8, 36, 43, 40, 39, 11, 20, 19, 3, 5, 21, 57, 26, 1, 44, 30, 56, 50, 48, 24, 54, 25, 52, 18, 49, 41, 55, 46, 63, 31, 9, 62, 37, 64]
Run 4:
Best OCplx: 2.0608422502811834
Best Sequence: [60, 14, 65, 42, 58, 46, 5, 40, 27, 22, 43, 3, 39, 50, 30, 51, 20, 23, 53, 21, 36, 63, 11, 8, 32, 41, 64, 57, 38, 49, 47, 59, 15, 2, 6, 61, 17, 45, 48, 56, 31, 7, 35, 10, 16, 9, 37, 54, 12, 18, 19, 34, 44, 4, 52, 25, 62, 1, 55, 33, 26, 28, 13, 24, 29]
Run 5:
Best OCplx: 2.021385464814326
Best Sequence: [60, 65, 9, 59, 10, 58, 27, 16, 43, 6, 22, 15, 24, 50, 54, 2, 34, 18, 52, 41, 51, 45, 40, 33, 35, 14, 25, 26, 53, 44, 37, 62, 56, 7, 17, 3, 13, 48, 29, 8, 4, 36, 30, 11, 55, 42, 31, 57, 32, 63, 49, 64, 19, 47, 28, 61, 5, 39, 21, 46, 23, 1, 20, 12, 38]
Run 6:
Best OCplx: 1.9752621489223936
Best Sequence: [65, 60, 58, 54, 61, 56, 17, 15, 48, 3, 13, 19, 22, 45, 64, 26, 40, 7, 8, 32, 12, 43, 30, 28, 46, 59, 14, 41, 35, 31, 24, 33, 29, 57, 5, 44, 37, 42, 10, 52, 2, 51, 62, 4, 55, 36, 39, 47, 53, 6, 16, 50, 9, 27, 63, 11, 38, 34, 21, 18, 1, 49, 25, 20, 23]
Run 7:
Best OCplx: 1.8126257639576884
Best Sequence: [65, 58, 64, 28, 14, 27, 3, 43, 20, 59, 13, 2, 12, 8, 22, 51, 32, 48, 38, 44, 18, 57, 52, 60, 53, 25, 62, 24, 4, 11, 39, 17, 55, 34, 31, 47, 6, 40, 5, 23, 21, 35, 19, 15, 61, 1, 7, 16, 54, 30, 26, 41, 42, 36, 37, 50, 9, 46, 29, 45, 63, 33, 56, 10, 49]
Run 8:
Best OCplx: 1.8176475458806287
Best Sequence: [65, 58, 14, 27, 31, 35, 55, 57, 52, 12, 17, 10, 47, 60, 38, 29, 22, 1, 32, 41, 20, 43, 13, 28, 15, 6, 61, 42, 64, 53, 40, 44, 3, 39, 30, 45, 26, 33, 48, 36, 49, 34, 25, 19, 62, 18, 63, 21, 4, 8, 7, 5, 54, 16, 46, 37, 51, 9, 23, 50, 2, 11, 56, 59, 24]
Run 9:
Best OCplx: 1.4385503069763976
Best Sequence: [65, 58, 40, 34, 60, 19, 42, 53, 16, 14, 49, 1, 47, 27, 59, 62, 32, 38, 24, 22, 46, 6, 39, 13, 20, 43, 15, 36, 10, 8, 31, 45, 29, 9, 55, 17, 54, 50, 61, 35, 28, 5, 30, 23, 37, 21, 2, 56, 41, 11, 4, 48, 44, 7, 51, 3, 25, 64, 63, 18, 57, 26, 12, 33, 52]
Run 10:
Best OCplx: 2.1117231133561774
Best Sequence: [65, 52, 58, 37, 10, 22, 13, 28, 46, 57, 47, 17, 30, 18, 42, 11, 48, 39, 6, 14, 33, 36, 45, 8, 1, 53, 27, 15, 9, 23, 64, 41, 21, 40, 19, 32, 60, 54, 50, 2, 38, 12, 63, 51, 31, 25, 7, 59, 62, 44, 5, 16, 35, 55, 26, 43, 29, 3, 34, 61, 49, 20, 24, 56, 4]
Run 11:
Best OCplx: 1.749592027678714
Best Sequence: [65, 14, 64, 58, 30, 24, 10, 36, 51, 62, 21, 48, 13, 22, 61, 50, 8, 37, 38, 27, 39, 28, 59, 56, 17, 40, 46, 53, 49, 12, 63, 20, 23, 32, 5, 26, 2, 18, 43, 31, 44, 60, 52, 11, 34, 19, 42, 57, 33, 6, 45, 29, 9, 16, 15, 41, 1, 47, 55, 4, 35, 54, 25, 7, 3]
Run 12:
Best OCplx: 1.99053487084075
Best Sequence: [60, 65, 27, 26, 6, 11, 64, 10, 3, 9, 40, 58, 62, 54, 12, 22, 15, 52, 2, 51, 63, 25, 36, 57, 16, 28, 49, 43, 44, 13, 29, 24, 45, 46, 50, 39, 42, 59, 47, 1, 48, 32, 17, 23, 53, 61, 14, 56, 4, 33, 31, 37, 38, 35, 21, 5, 34, 8, 41, 19, 55, 20, 30, 7, 18]
Run 13:
Best OCplx: 1.8460700036084037
Best Sequence: [65, 58, 28, 9, 3, 63, 35, 30, 13, 64, 14, 19, 39, 33, 12, 59, 48, 31, 27, 8, 37, 62, 52, 61, 34, 46, 45, 22, 42, 1, 32, 29, 25, 60, 4, 18, 49, 21, 38, 54, 57, 2, 20, 11, 41, 16, 53, 6, 7, 56, 44, 40, 24, 55, 51, 36, 26, 43, 23, 15, 47, 50, 5, 17, 10]
Run 14:
Best OCplx: 2.0447861406191605
Best Sequence: [60, 65, 54, 59, 58, 29, 9, 63, 7, 27, 11, 26, 22, 40, 56, 47, 44, 24, 64, 51, 21, 34, 50, 48, 35, 45, 13, 1, 31, 37, 28, 38, 43, 12, 2, 14, 52, 8, 20, 15, 61, 42, 62, 25, 30, 33, 6, 4, 17, 16, 49, 32, 53, 23, 19, 18, 39, 57, 3, 36, 41, 5, 55, 10, 46]
Run 15:
Best OCplx: 1.9533429085467426
Best Sequence: [65, 60, 11, 27, 58, 25, 45, 57, 3, 8, 16, 22, 54, 26, 51, 17, 64, 24, 50, 55, 49, 6, 63, 10, 48, 12, 15, 47, 61, 29, 13, 53, 42, 35, 20, 7, 1, 31, 32, 28, 34, 19, 4, 14, 36, 21, 39, 56, 33, 40, 41, 43, 2, 38, 52, 62, 30, 18, 46, 59, 37, 5, 9, 44, 23]
Run 16:
Best OCplx: 2.049757131099075
Best Sequence: [65, 60, 36, 13, 12, 58, 6, 22, 8, 31, 44, 52, 23, 35, 24, 39, 50, 16, 1, 19, 42, 64, 57, 37, 10, 27, 11, 46, 61, 51, 2, 20, 32, 62, 17, 53, 47, 15, 14, 63, 3, 33, 5, 56, 21, 48, 9, 28, 38, 43, 34, 7, 55, 29, 4, 45, 40, 41, 49, 26, 54, 25, 30, 59, 18]
Run 17:
Best OCplx: 1.9188660382846268
Best Sequence: [60, 65, 4, 58, 22, 59, 57, 16, 39, 49, 3, 35, 15, 63, 24, 52, 14, 13, 5, 17, 45, 26, 50, 6, 36, 34, 9, 8, 2, 62, 40, 53, 51, 27, 28, 33, 20, 10, 18, 12, 19, 21, 1, 23, 64, 30, 44, 32, 37, 7, 55, 48, 47, 42, 38, 54, 43, 56, 41, 29, 31, 25, 61, 11, 46]
Run 18:
Best OCplx: 1.9634098061255854
Best Sequence: [58, 33, 27, 7, 52, 13, 35, 19, 61, 38, 4, 43, 29, 17, 24, 34, 12, 22, 16, 26, 53, 64, 65, 37, 15, 41, 23, 55, 14, 44, 47, 59, 1, 36, 48, 30, 45, 2, 40, 3, 25, 21, 54, 6, 11, 49, 50, 46, 8, 62, 60, 5, 10, 57, 56, 20, 18, 63, 9, 42, 51, 28, 39, 31, 32]
Run 19:
Best OCplx: 1.681447085702943
Best Sequence: [65, 60, 58, 62, 57, 24, 49, 47, 22, 34, 27, 64, 32, 42, 23, 13, 59, 37, 63, 51, 8, 11, 3, 54, 40, 17, 56, 31, 2, 10, 26, 25, 61, 50, 1, 55, 52, 6, 20, 9, 30, 43, 18, 41, 44, 45, 53, 4, 21, 46, 14, 38, 48, 5, 15, 29, 35, 28, 7, 12, 19, 39, 16, 33, 36]
Run 20:
Best OCplx: 2.138645075008202
Best Sequence: [60, 11, 1, 27, 64, 58, 65, 16, 63, 10, 23, 62, 13, 34, 22, 12, 31, 46, 49, 35, 51, 33, 52, 48, 17, 3, 39, 47, 55, 29, 57, 2, 20, 56, 40, 44, 8, 25, 15, 18, 21, 53, 6, 61, 59, 36, 41, 24, 7, 14, 45, 5, 26, 19, 28, 4, 54, 50, 30, 38, 43, 37, 32, 42, 9]
Run 21:
Best OCplx: 1.9567312501461085
Best Sequence: [65, 58, 37, 41, 16, 49, 32, 31, 1, 24, 22, 27, 10, 39, 56, 11, 14, 60, 35, 3, 54, 2, 38, 19, 28, 42, 23, 25, 9, 59, 61, 64, 53, 46, 13, 21, 6, 45, 40, 63, 34, 57, 30, 5, 17, 55, 4, 33, 36, 47, 51, 29, 26, 18, 44, 48, 12, 43, 15, 20, 52, 7, 8, 50, 62]
Run 22:
Best OCplx: 1.6243918277801148
Best Sequence: [65, 58, 44, 42, 14, 60, 26, 2, 24, 54, 27, 5, 22, 43, 1, 38, 62, 25, 21, 57, 4, 34, 59, 49, 39, 30, 6, 13, 52, 11, 55, 32, 40, 16, 17, 23, 56, 8, 35, 46, 9, 48, 33, 61, 53, 36, 45, 19, 10, 3, 64, 18, 41, 51, 20, 12, 15, 29, 7, 50, 31, 37, 47, 28, 63]
Run 23:
Best OCplx: 2.027038629586542
Best Sequence: [65, 58, 45, 27, 37, 62, 49, 54, 50, 17, 1, 47, 24, 40, 3, 18, 12, 7, 22, 51, 21, 10, 36, 16, 41, 48, 46, 8, 60, 4, 14, 15, 42, 6, 61, 5, 56, 43, 35, 23, 34, 55, 20, 57, 13, 33, 28, 29, 9, 32, 30, 63, 44, 31, 38, 25, 19, 2, 52, 26, 39, 64, 53, 59, 11]
Run 24:
Best OCplx: 1.7393566543507908
Best Sequence: [65, 58, 16, 27, 14, 53, 4, 15, 17, 46, 1, 26, 22, 55, 6, 8, 9, 62, 23, 52, 57, 36, 11, 2, 29, 63, 38, 30, 42, 48, 59, 12, 25, 28, 43, 20, 24, 56, 10, 31, 5, 41, 7, 35, 61, 49, 32, 47, 45, 40, 3, 39, 37, 60, 44, 64, 13, 51, 34, 33, 18, 50, 19, 54, 21]
Run 25:
Best OCplx: 1.7263822571687255
Best Sequence: [11, 59, 65, 58, 33, 41, 27, 56, 29, 17, 37, 22, 54, 34, 63, 10, 62, 45, 13, 30, 19, 60, 16, 8, 15, 6, 21, 4, 44, 46, 14, 1, 61, 39, 42, 38, 35, 23, 48, 32, 52, 47, 40, 26, 55, 57, 3, 49, 43, 12, 51, 2, 7, 50, 9, 64, 25, 18, 36, 53, 28, 20, 31, 5, 24]
Run 26:
Best OCplx: 1.7545491520371017
Best Sequence: [65, 58, 45, 50, 14, 13, 23, 22, 57, 49, 28, 2, 64, 56, 9, 16, 27, 48, 44, 63, 6, 20, 54, 34, 51, 8, 5, 55, 32, 46, 52, 40, 15, 21, 25, 59, 42, 41, 35, 38, 36, 4, 60, 11, 3, 39, 53, 31, 26, 33, 18, 61, 30, 43, 29, 47, 24, 62, 10, 37, 12, 7, 19, 17, 1]
Run 27:
Best OCplx: 1.8928350595507795
Best Sequence: [65, 60, 2, 3, 43, 58, 13, 10, 62, 9, 22, 47, 30, 54, 42, 33, 44, 61, 27, 34, 35, 45, 37, 40, 56, 31, 23, 8, 4, 41, 15, 6, 64, 7, 17, 26, 53, 59, 55, 49, 11, 29, 48, 63, 39, 51, 52, 21, 14, 25, 18, 46, 24, 1, 28, 12, 36, 50, 38, 19, 57, 16, 20, 32, 5]
Run 28:
Best OCplx: 2.079798634739753
Best Sequence: [11, 4, 65, 58, 24, 63, 47, 27, 3, 8, 48, 59, 39, 30, 53, 33, 26, 28, 38, 57, 31, 42, 54, 15, 44, 6, 19, 35, 50, 14, 45, 40, 23, 16, 60, 32, 25, 36, 13, 22, 1, 34, 20, 10, 2, 56, 12, 61, 21, 52, 17, 9, 64, 46, 55, 41, 62, 5, 18, 51, 43, 49, 29, 37, 7]
Run 29:
Best OCplx: 1.620348784195975
Best Sequence: [65, 58, 13, 14, 1, 24, 27, 50, 60, 36, 25, 48, 2, 26, 23, 55, 31, 8, 59, 18, 47, 45, 22, 41, 20, 28, 51, 19, 54, 61, 16, 52, 4, 3, 12, 30, 32, 44, 17, 35, 53, 9, 6, 64, 38, 57, 62, 43, 21, 49, 37, 7, 40, 39, 11, 46, 10, 63, 42, 34, 5, 33, 56, 15, 29]
Run 30:
Best OCplx: 1.9738127510153924
Best Sequence: [60, 13, 58, 31, 2, 19, 62, 59, 4, 27, 16, 54, 22, 44, 40, 8, 34, 7, 37, 17, 21, 33, 23, 6, 55, 56, 50, 26, 9, 24, 29, 65, 52, 41, 35, 61, 1, 15, 47, 20, 39, 43, 14, 30, 11, 12, 10, 32, 38, 53, 46, 45, 42, 5, 57, 3, 25, 48, 64, 28, 49, 51, 36, 18, 63]
Learning Rate: 0.001
Epsilon: 0.15
Gamma: 0.9
Target Update: 50
Memory Capacity: 20000
Batch Size: 64
if_EWM: False

