Run 1:
Best OCplx: 2.294165630564432
Best Sequence: [12, 3, 15, 23, 14, 4, 9, 5, 8, 16, 1, 11, 21, 17, 10, 7, 19, 2, 20, 25, 6, 22, 24, 13, 18]
Run 2:
Best OCplx: 2.899603691025139
Best Sequence: [8, 3, 9, 23, 5, 12, 15, 14, 16, 21, 2, 10, 11, 19, 7, 1, 22, 20, 25, 24, 17, 6, 18, 4, 13]
Run 3:
Best OCplx: 2.787353505349473
Best Sequence: [3, 16, 2, 5, 1, 4, 12, 15, 17, 7, 22, 10, 25, 14, 9, 23, 8, 11, 19, 6, 24, 20, 18, 21, 13]
Run 4:
Best OCplx: 3.203111190961367
Best Sequence: [16, 24, 7, 23, 12, 3, 15, 10, 20, 5, 8, 4, 2, 9, 22, 14, 21, 6, 17, 13, 1, 11, 18, 25, 19]
Run 5:
Best OCplx: 2.7999650949664874
Best Sequence: [5, 12, 9, 15, 3, 16, 14, 4, 2, 7, 19, 10, 21, 6, 1, 23, 11, 25, 17, 22, 8, 24, 13, 20, 18]
Run 6:
Best OCplx: 2.7293811868945137
Best Sequence: [16, 5, 22, 19, 6, 12, 20, 9, 8, 1, 11, 17, 15, 21, 10, 2, 7, 3, 24, 18, 4, 23, 25, 13, 14]
Run 7:
Best OCplx: 3.130535371643633
Best Sequence: [5, 16, 3, 9, 20, 2, 22, 1, 15, 23, 4, 14, 12, 17, 19, 11, 8, 18, 10, 7, 13, 24, 21, 25, 6]
Run 8:
Best OCplx: 3.3589497100151307
Best Sequence: [5, 16, 19, 6, 24, 22, 17, 12, 23, 11, 3, 9, 15, 10, 20, 1, 8, 2, 21, 18, 13, 4, 7, 25, 14]
Run 9:
Best OCplx: 2.7634570515576247
Best Sequence: [5, 16, 23, 12, 15, 4, 3, 9, 14, 6, 10, 20, 22, 7, 19, 21, 2, 25, 18, 1, 8, 24, 13, 17, 11]
Run 10:
Best OCplx: 2.786847074601866
Best Sequence: [15, 16, 9, 3, 8, 12, 14, 5, 23, 4, 6, 1, 22, 11, 10, 7, 20, 17, 24, 19, 21, 2, 18, 25, 13]
Run 11:
Best OCplx: 2.340871862033392
Best Sequence: [15, 12, 16, 3, 2, 1, 4, 5, 8, 10, 23, 11, 19, 6, 20, 22, 25, 17, 13, 24, 21, 18, 14, 9, 7]
Run 12:
Best OCplx: 2.4607551397243705
Best Sequence: [11, 3, 15, 8, 16, 20, 4, 10, 22, 17, 19, 1, 5, 7, 24, 21, 2, 9, 12, 23, 6, 14, 18, 13, 25]
Run 13:
Best OCplx: 2.862284437439665
Best Sequence: [9, 5, 4, 23, 16, 15, 12, 3, 14, 19, 8, 20, 2, 1, 11, 22, 25, 10, 13, 18, 7, 6, 21, 24, 17]
Run 14:
Best OCplx: 3.001776804824972
Best Sequence: [16, 4, 17, 15, 9, 1, 12, 22, 19, 8, 7, 20, 6, 11, 2, 3, 23, 14, 5, 10, 21, 24, 25, 13, 18]
Run 15:
Best OCplx: 2.607108465290073
Best Sequence: [16, 2, 19, 4, 3, 21, 8, 9, 12, 23, 10, 24, 20, 7, 1, 5, 14, 22, 6, 11, 25, 17, 13, 18, 15]
Run 16:
Best OCplx: 2.131293136054119
Best Sequence: [14, 9, 4, 15, 23, 5, 8, 12, 3, 16, 10, 21, 1, 19, 2, 22, 7, 11, 17, 24, 20, 6, 18, 25, 13]
Run 17:
Best OCplx: 2.270630127142718
Best Sequence: [12, 3, 14, 8, 15, 5, 23, 9, 4, 16, 1, 22, 7, 11, 6, 10, 17, 19, 2, 24, 21, 20, 18, 13, 25]
Run 18:
Best OCplx: 2.545827928781426
Best Sequence: [4, 3, 15, 23, 14, 8, 12, 5, 9, 16, 10, 20, 1, 21, 6, 18, 13, 2, 19, 11, 24, 22, 17, 7, 25]
Run 19:
Best OCplx: 2.6417265080050387
Best Sequence: [12, 5, 3, 6, 14, 15, 23, 8, 9, 4, 16, 1, 22, 7, 11, 17, 10, 21, 24, 20, 2, 25, 13, 19, 18]
Run 20:
Best OCplx: 3.10492867590902
Best Sequence: [16, 20, 10, 5, 9, 3, 12, 18, 2, 21, 1, 15, 14, 7, 17, 4, 6, 23, 11, 8, 22, 13, 25, 19, 24]
Run 21:
Best OCplx: 3.0141529363829362
Best Sequence: [14, 9, 3, 15, 4, 8, 23, 5, 6, 12, 16, 19, 7, 20, 2, 21, 1, 18, 11, 24, 17, 22, 13, 25, 10]
Run 22:
Best OCplx: 3.1026850913212214
Best Sequence: [16, 20, 21, 12, 2, 17, 15, 1, 11, 25, 14, 7, 8, 5, 23, 3, 9, 6, 10, 22, 18, 24, 19, 13, 4]
Run 23:
Best OCplx: 2.285220586218236
Best Sequence: [15, 5, 3, 12, 6, 4, 9, 16, 1, 8, 22, 11, 10, 7, 23, 17, 20, 13, 19, 2, 24, 21, 14, 18, 25]
Run 24:
Best OCplx: 2.4986783704116444
Best Sequence: [15, 12, 4, 23, 3, 16, 1, 6, 11, 8, 22, 14, 20, 9, 13, 10, 5, 24, 17, 21, 19, 2, 25, 7, 18]
Run 25:
Best OCplx: 2.38793132839577
Best Sequence: [14, 5, 15, 9, 23, 12, 3, 4, 16, 17, 8, 10, 1, 7, 11, 6, 22, 19, 24, 20, 13, 21, 18, 25, 2]
Run 26:
Best OCplx: 2.567357849277146
Best Sequence: [5, 15, 8, 4, 3, 16, 14, 1, 20, 10, 22, 11, 2, 24, 23, 19, 7, 6, 17, 25, 12, 21, 18, 9, 13]
Run 27:
Best OCplx: 2.759024960491334
Best Sequence: [16, 5, 15, 9, 23, 12, 3, 1, 8, 14, 4, 11, 10, 22, 17, 19, 2, 20, 21, 18, 24, 13, 7, 6, 25]
Run 28:
Best OCplx: 2.3366514483901
Best Sequence: [4, 5, 12, 8, 14, 23, 9, 3, 15, 16, 6, 17, 22, 1, 11, 10, 7, 24, 19, 21, 20, 13, 2, 25, 18]
Run 29:
Best OCplx: 2.3662917923487856
Best Sequence: [12, 3, 6, 5, 14, 15, 23, 4, 16, 8, 7, 1, 11, 22, 9, 17, 10, 24, 19, 13, 20, 21, 2, 18, 25]
Run 30:
Best OCplx: 2.411995974994855
Best Sequence: [16, 2, 23, 5, 3, 9, 22, 19, 12, 10, 21, 24, 20, 14, 6, 7, 1, 11, 17, 4, 25, 15, 8, 18, 13]
