Run 1:
Best OCplx: 2.4893292810742293
Best Sequence: [15, 23, 3, 9, 4, 16, 1, 19, 11, 10, 22, 20, 25, 7, 24, 2, 13, 12, 8, 6, 17, 21, 14, 18, 5]
Run 2:
Best OCplx: 2.6211487732781213
Best Sequence: [23, 8, 12, 14, 15, 16, 19, 1, 20, 6, 9, 2, 3, 22, 21, 11, 17, 25, 10, 5, 7, 24, 18, 4, 13]
Run 3:
Best OCplx: 2.4010724312967358
Best Sequence: [12, 23, 3, 16, 8, 15, 6, 1, 5, 11, 20, 19, 22, 7, 2, 21, 10, 18, 25, 17, 14, 9, 4, 13, 24]
Run 4:
Best OCplx: 2.5971988008091587
Best Sequence: [15, 12, 16, 3, 8, 20, 4, 5, 14, 19, 1, 23, 22, 10, 21, 18, 11, 9, 6, 2, 25, 7, 17, 24, 13]
Run 5:
Best OCplx: 2.0028305565793234
Best Sequence: [12, 3, 9, 8, 5, 15, 4, 16, 19, 10, 21, 23, 20, 11, 22, 24, 17, 2, 7, 6, 25, 13, 1, 18, 14]
Run 6:
Best OCplx: 2.4316125222193183
Best Sequence: [15, 23, 4, 3, 16, 19, 24, 14, 20, 22, 1, 2, 13, 12, 10, 5, 25, 7, 8, 9, 11, 17, 6, 21, 18]
Run 7:
Best OCplx: 2.292540740863703
Best Sequence: [12, 16, 3, 17, 20, 21, 9, 1, 22, 7, 2, 4, 11, 8, 5, 14, 19, 10, 13, 24, 15, 18, 25, 6, 23]
Run 8:
Best OCplx: 2.2019264316618066
Best Sequence: [23, 15, 3, 12, 4, 8, 16, 17, 2, 19, 10, 22, 14, 21, 9, 20, 7, 1, 24, 25, 6, 5, 13, 18, 11]
Run 9:
Best OCplx: 2.3557882346974766
Best Sequence: [3, 4, 9, 12, 15, 5, 16, 19, 21, 17, 8, 20, 24, 2, 18, 13, 22, 6, 23, 1, 14, 7, 11, 25, 10]
Run 10:
Best OCplx: 2.154943266600845
Best Sequence: [8, 9, 12, 5, 3, 15, 4, 16, 22, 21, 2, 1, 10, 24, 20, 6, 14, 17, 23, 19, 25, 18, 13, 7, 11]
Run 11:
Best OCplx: 2.390729132965745
Best Sequence: [15, 5, 9, 12, 4, 23, 3, 16, 1, 6, 2, 17, 20, 8, 22, 21, 19, 10, 18, 14, 11, 7, 25, 24, 13]
Run 12:
Best OCplx: 2.4771078586840174
Best Sequence: [15, 9, 14, 12, 8, 16, 1, 3, 20, 19, 2, 10, 17, 7, 21, 24, 5, 25, 4, 18, 11, 6, 13, 23, 22]
Run 13:
Best OCplx: 2.3634060733959683
Best Sequence: [3, 16, 1, 14, 7, 19, 11, 12, 22, 6, 17, 15, 20, 8, 21, 5, 23, 9, 4, 10, 24, 2, 25, 18, 13]
Run 14:
Best OCplx: 2.079554762434275
Best Sequence: [15, 12, 3, 8, 9, 4, 5, 16, 23, 19, 10, 2, 24, 6, 13, 20, 21, 1, 22, 14, 11, 25, 17, 7, 18]
Run 15:
Best OCplx: 2.3136004923174447
Best Sequence: [12, 3, 5, 15, 16, 1, 19, 24, 2, 11, 20, 8, 4, 7, 17, 9, 13, 14, 6, 23, 21, 25, 22, 10, 18]
Run 16:
Best OCplx: 2.623048004122835
Best Sequence: [9, 3, 15, 16, 19, 21, 7, 1, 4, 8, 12, 2, 10, 14, 11, 5, 23, 25, 20, 22, 13, 18, 24, 6, 17]
Run 17:
Best OCplx: 2.4894477614404638
Best Sequence: [8, 9, 15, 5, 3, 12, 16, 1, 21, 10, 19, 20, 11, 18, 6, 2, 4, 24, 7, 17, 25, 22, 14, 13, 23]
Run 18:
Best OCplx: 2.34193836478034
Best Sequence: [15, 5, 14, 16, 2, 12, 23, 3, 1, 19, 22, 10, 24, 6, 11, 4, 20, 21, 8, 25, 17, 9, 7, 13, 18]
Run 19:
Best OCplx: 2.361916286664817
Best Sequence: [5, 15, 3, 12, 16, 7, 1, 19, 10, 21, 2, 14, 8, 9, 20, 13, 22, 11, 24, 4, 6, 17, 18, 25, 23]
Run 20:
Best OCplx: 2.225088351120878
Best Sequence: [15, 9, 12, 4, 3, 23, 8, 16, 10, 19, 6, 20, 17, 7, 11, 21, 13, 1, 24, 5, 22, 2, 25, 14, 18]
Run 21:
Best OCplx: 2.266843574420184
Best Sequence: [5, 9, 3, 8, 12, 23, 16, 20, 2, 19, 6, 21, 10, 1, 14, 25, 24, 22, 11, 18, 17, 15, 7, 4, 13]
Run 22:
Best OCplx: 1.958967772036385
Best Sequence: [15, 9, 12, 3, 4, 5, 23, 16, 20, 7, 21, 10, 22, 17, 8, 24, 18, 13, 2, 1, 25, 11, 6, 19, 14]
Run 23:
Best OCplx: 2.599280496172722
Best Sequence: [12, 8, 9, 15, 16, 5, 3, 20, 25, 19, 10, 21, 17, 22, 23, 24, 18, 4, 2, 7, 1, 13, 14, 11, 6]
Run 24:
Best OCplx: 2.440792798171975
Best Sequence: [15, 16, 17, 3, 7, 1, 4, 11, 8, 14, 20, 12, 9, 22, 19, 2, 21, 5, 6, 23, 10, 25, 24, 18, 13]
Run 25:
Best OCplx: 2.1516493849151654
Best Sequence: [23, 5, 15, 12, 3, 4, 16, 17, 9, 21, 22, 10, 1, 24, 20, 13, 2, 6, 19, 7, 14, 18, 8, 11, 25]
Run 26:
Best OCplx: 2.3447102018584443
Best Sequence: [16, 3, 19, 5, 4, 20, 1, 2, 7, 15, 6, 12, 9, 10, 21, 25, 17, 23, 11, 8, 14, 22, 18, 13, 24]
Run 27:
Best OCplx: 2.04277389326324
Best Sequence: [9, 12, 3, 16, 15, 19, 4, 10, 22, 20, 1, 17, 7, 21, 2, 18, 25, 24, 13, 14, 23, 6, 8, 5, 11]
Run 28:
Best OCplx: 2.3658315484623733
Best Sequence: [15, 3, 12, 8, 16, 23, 2, 22, 19, 17, 21, 7, 6, 10, 9, 20, 5, 1, 11, 24, 4, 14, 25, 13, 18]
Run 29:
Best OCplx: 2.2243818055600553
Best Sequence: [9, 12, 15, 3, 5, 8, 23, 16, 21, 1, 19, 6, 10, 20, 2, 4, 17, 14, 25, 7, 11, 22, 18, 24, 13]
Run 30:
Best OCplx: 2.3303711137710317
Best Sequence: [8, 9, 15, 23, 3, 12, 16, 19, 2, 7, 6, 20, 1, 21, 14, 5, 25, 22, 10, 24, 18, 13, 17, 4, 11]
Learning Rate: 0.005
Epsilon: 0.15
Gamma: 0.99
Target Update: 50
Memory Capacity: 20000
Batch Size: 64
if_EWM: False

