
Learning Rate: 0.0004
Epsilon: 0.99
Gamma: 0.93
Memory Capacity: 20000
Batch Size: 64
if_EWM: False
seed: 41
Run 1:
Best OCplx: 0.5267185523606979
Best Sequence: [36, 3, 11, 28, 24, 34, 32, 30, 22, 20, 38, 35, 23, 19, 27, 21, 29, 10, 15, 39, 7, 17, 33, 18, 26, 31, 2, 16, 37, 13, 1, 9, 25, 6, 12, 14, 4, 5, 8]
Run 2:
Best OCplx: 0.5344733031111776
Best Sequence: [36, 30, 11, 3, 28, 34, 21, 7, 32, 5, 24, 20, 23, 29, 27, 10, 9, 33, 6, 31, 8, 37, 35, 15, 19, 2, 14, 4, 1, 12, 38, 22, 18, 39, 25, 13, 26, 16, 17]
Run 3:
Best OCplx: 0.42840728593319555
Best Sequence: [36, 11, 34, 32, 20, 24, 3, 28, 30, 23, 17, 7, 21, 22, 1, 29, 27, 10, 2, 9, 31, 33, 15, 19, 37, 35, 18, 16, 6, 8, 39, 25, 38, 12, 13, 14, 26, 5, 4]
Run 4:
Best OCplx: 0.48332790896970523
Best Sequence: [36, 11, 30, 24, 1, 10, 20, 32, 34, 22, 7, 3, 28, 38, 39, 16, 15, 17, 19, 26, 21, 29, 23, 2, 27, 33, 9, 18, 31, 8, 35, 6, 37, 25, 13, 14, 5, 12, 4]
Run 5:
Best OCplx: 0.46565023944004147
Best Sequence: [26, 36, 39, 11, 34, 24, 28, 30, 3, 10, 20, 32, 17, 22, 1, 27, 7, 16, 21, 38, 29, 19, 23, 2, 35, 9, 6, 33, 15, 8, 31, 18, 5, 37, 13, 4, 25, 14, 12]
Run 6:
Best OCplx: 0.48332790896970523
Best Sequence: [36, 11, 7, 28, 20, 30, 10, 32, 24, 34, 3, 21, 22, 16, 38, 2, 17, 29, 33, 35, 15, 27, 18, 31, 9, 6, 37, 8, 5, 12, 4, 1, 19, 14, 39, 13, 23, 25, 26]
Run 7:
Best OCplx: 0.4704714220390407
Best Sequence: [36, 11, 3, 34, 27, 20, 32, 24, 7, 30, 29, 28, 21, 22, 1, 38, 10, 16, 17, 39, 15, 33, 19, 31, 18, 8, 35, 2, 37, 9, 6, 25, 12, 4, 13, 26, 5, 14, 23]
Run 8:
Best OCplx: 0.5376874248438438
Best Sequence: [36, 11, 24, 17, 34, 7, 1, 10, 32, 22, 30, 28, 3, 20, 27, 39, 29, 33, 31, 38, 23, 21, 18, 9, 37, 8, 15, 12, 19, 25, 6, 35, 4, 26, 16, 13, 14, 2, 5]
Run 9:
Best OCplx: 0.4656502394400414
Best Sequence: [36, 11, 3, 21, 30, 7, 24, 32, 23, 34, 10, 17, 33, 20, 9, 22, 2, 28, 29, 31, 16, 38, 1, 15, 27, 19, 18, 35, 37, 13, 8, 6, 25, 5, 12, 4, 39, 26, 14]
Run 10:
Best OCplx: 0.44797256991037776
Best Sequence: [36, 11, 24, 30, 20, 32, 10, 7, 3, 17, 28, 23, 34, 15, 22, 19, 39, 21, 29, 2, 14, 27, 9, 18, 33, 16, 38, 1, 25, 35, 31, 6, 37, 26, 8, 4, 13, 12, 5]
Run 11:
Best OCplx: 0.5411821001576954
Best Sequence: [32, 36, 11, 3, 24, 20, 7, 28, 27, 30, 34, 22, 17, 2, 21, 16, 39, 23, 29, 19, 38, 10, 1, 31, 33, 13, 35, 18, 15, 37, 26, 8, 14, 9, 6, 25, 5, 4, 12]
Run 12:
Best OCplx: 0.5154691262963664
Best Sequence: [36, 11, 7, 30, 24, 32, 20, 34, 3, 28, 22, 17, 19, 2, 15, 18, 29, 21, 38, 10, 33, 31, 35, 13, 39, 23, 16, 1, 26, 27, 9, 37, 6, 8, 25, 14, 5, 12, 4]
Run 13:
Best OCplx: 0.5363609175586961
Best Sequence: [36, 24, 11, 23, 34, 10, 32, 30, 28, 20, 3, 7, 22, 2, 38, 16, 1, 21, 17, 39, 19, 29, 33, 35, 31, 18, 15, 9, 27, 37, 6, 26, 25, 8, 13, 14, 12, 5, 4]
Run 14:
Best OCplx: 0.5010055784993689
Best Sequence: [36, 11, 24, 20, 19, 32, 7, 26, 22, 30, 3, 28, 34, 39, 23, 10, 2, 16, 21, 29, 1, 17, 12, 38, 27, 31, 33, 35, 37, 9, 8, 6, 15, 18, 25, 13, 14, 5, 4]
Run 15:
Best OCplx: 0.49911796405185027
Best Sequence: [36, 11, 32, 28, 24, 30, 7, 34, 20, 3, 17, 22, 19, 21, 39, 1, 38, 23, 16, 2, 29, 27, 18, 15, 26, 10, 9, 6, 31, 33, 8, 37, 25, 35, 4, 13, 14, 5, 12]
Run 16:
Best OCplx: 0.47047142203904063
Best Sequence: [36, 11, 20, 24, 34, 30, 3, 32, 22, 28, 7, 8, 21, 2, 17, 15, 18, 16, 1, 39, 23, 27, 19, 29, 13, 10, 31, 35, 25, 33, 37, 14, 38, 9, 6, 4, 12, 5, 26]
Run 17:
Best OCplx: 0.5534774799259888
Best Sequence: [39, 36, 11, 24, 20, 18, 32, 30, 28, 7, 3, 38, 22, 13, 1, 27, 17, 34, 10, 2, 23, 21, 29, 15, 33, 19, 9, 8, 37, 31, 26, 6, 35, 16, 14, 4, 25, 5, 12]
Run 18:
Best OCplx: 0.5974292304793526
Best Sequence: [36, 11, 7, 28, 34, 20, 24, 32, 3, 30, 22, 17, 2, 1, 39, 23, 10, 29, 38, 16, 26, 15, 35, 33, 18, 31, 8, 21, 37, 27, 9, 6, 4, 19, 25, 12, 5, 14, 13]
Run 19:
Best OCplx: 0.4833279089697052
Best Sequence: [36, 11, 30, 24, 32, 20, 7, 3, 38, 21, 22, 28, 17, 34, 16, 10, 39, 2, 23, 29, 1, 26, 31, 19, 33, 35, 15, 27, 9, 37, 18, 8, 25, 6, 13, 12, 14, 4, 5]
Run 20:
Best OCplx: 0.4460849554628592
Best Sequence: [36, 11, 24, 32, 20, 30, 34, 7, 28, 3, 22, 39, 17, 38, 19, 23, 21, 13, 2, 1, 15, 18, 16, 29, 27, 10, 9, 6, 33, 31, 37, 25, 8, 35, 26, 14, 4, 12, 5]
Run 21:
Best OCplx: 0.49136321330137045
Best Sequence: [36, 11, 28, 34, 24, 20, 30, 7, 23, 32, 17, 3, 1, 22, 2, 38, 21, 16, 39, 29, 19, 15, 33, 27, 10, 31, 9, 35, 8, 37, 13, 6, 18, 25, 14, 5, 12, 26, 4]
Run 22:
Best OCplx: 0.5267185523606979
Best Sequence: [36, 11, 20, 27, 24, 32, 30, 3, 28, 7, 10, 34, 29, 22, 21, 1, 31, 33, 35, 17, 2, 15, 16, 37, 18, 23, 26, 8, 9, 38, 6, 25, 19, 4, 14, 12, 13, 39, 5]
Run 23:
Best OCplx: 0.5186832480290325
Best Sequence: [36, 11, 7, 20, 22, 32, 18, 28, 24, 34, 30, 3, 17, 21, 1, 10, 23, 39, 19, 38, 2, 16, 33, 15, 29, 9, 27, 25, 31, 35, 37, 8, 13, 14, 6, 26, 5, 12, 4]
Run 24:
Best OCplx: 0.5202903088953655
Best Sequence: [36, 11, 20, 32, 34, 7, 28, 24, 30, 1, 3, 21, 15, 22, 2, 18, 16, 39, 19, 17, 38, 23, 31, 13, 27, 10, 33, 29, 8, 25, 35, 37, 9, 6, 26, 14, 12, 4, 5]
Run 25:
Best OCplx: 0.4833279089697051
Best Sequence: [26, 1, 20, 36, 39, 23, 11, 7, 34, 16, 10, 3, 32, 21, 24, 28, 22, 9, 30, 17, 38, 2, 29, 31, 15, 19, 27, 33, 6, 14, 35, 37, 5, 18, 8, 12, 25, 13, 4]
Run 26:
Best OCplx: 0.5090408828310342
Best Sequence: [23, 36, 27, 11, 3, 28, 24, 30, 32, 7, 20, 21, 34, 10, 22, 16, 38, 39, 19, 2, 1, 29, 17, 26, 15, 31, 18, 35, 33, 8, 9, 37, 25, 6, 4, 13, 14, 12, 5]
Run 27:
Best OCplx: 0.4656502394400414
Best Sequence: [26, 36, 11, 22, 20, 24, 10, 32, 30, 3, 7, 35, 28, 34, 2, 1, 16, 39, 17, 21, 23, 9, 33, 29, 31, 27, 15, 37, 18, 8, 19, 6, 25, 12, 4, 14, 5, 38, 13]
Run 28:
Best OCplx: 0.55403858708836
Best Sequence: [26, 36, 11, 20, 21, 28, 30, 7, 3, 34, 32, 23, 24, 16, 22, 17, 10, 1, 38, 31, 29, 27, 19, 33, 2, 39, 35, 15, 18, 25, 9, 37, 13, 5, 8, 14, 6, 12, 4]
Run 29:
Best OCplx: 0.5186832480290325
Best Sequence: [36, 11, 24, 3, 10, 7, 20, 32, 28, 34, 19, 30, 22, 18, 17, 38, 16, 21, 2, 15, 39, 23, 29, 27, 1, 33, 35, 31, 37, 9, 6, 8, 4, 12, 25, 26, 14, 13, 5]
Run 30:
Best OCplx: 0.4656502394400415
Best Sequence: [36, 11, 24, 10, 2, 1, 32, 30, 7, 29, 20, 38, 3, 34, 39, 17, 28, 22, 23, 16, 15, 27, 31, 18, 35, 9, 19, 33, 6, 37, 25, 8, 21, 26, 14, 13, 5, 12, 4]

Mean: 0.5014
Min: 0.4284
Max: 0.5974
Std: 0.0375