Run 1:
Best OCplx: 5.0077649425023125
Best Sequence: [8, 58, 60, 17, 27, 10, 21, 31, 40, 15, 36, 47, 59, 53, 43, 32, 39, 13, 49, 42, 41, 28, 54, 5, 29, 61, 34, 9, 44, 22, 23, 2, 46, 45, 11, 35, 55, 57, 7, 1, 37, 25, 14, 30, 19, 33, 6, 4, 16, 18, 56, 24, 51, 26, 3, 38, 48, 12, 52, 20, 50]
Run 2:
Best OCplx: 4.690226403955933
Best Sequence: [29, 31, 43, 5, 15, 27, 21, 57, 37, 34, 7, 58, 44, 14, 59, 36, 61, 1, 17, 13, 54, 8, 60, 39, 28, 49, 9, 46, 47, 56, 35, 53, 24, 22, 45, 4, 48, 6, 32, 10, 19, 30, 18, 11, 55, 16, 23, 2, 40, 25, 26, 41, 12, 3, 20, 38, 52, 33, 42, 51, 50]
Run 3:
Best OCplx: 4.041112095370102
Best Sequence: [60, 59, 46, 8, 13, 37, 28, 10, 45, 56, 58, 5, 49, 31, 44, 15, 39, 43, 9, 53, 22, 17, 21, 19, 36, 27, 47, 54, 35, 61, 41, 14, 11, 26, 34, 48, 7, 16, 1, 30, 23, 57, 6, 40, 55, 25, 2, 29, 4, 32, 24, 20, 38, 12, 42, 18, 51, 52, 33, 3, 50]
Run 4:
Best OCplx: 4.595939501460047
Best Sequence: [46, 13, 21, 6, 14, 47, 48, 36, 34, 7, 59, 10, 31, 56, 57, 27, 43, 8, 39, 28, 37, 44, 5, 35, 25, 22, 19, 30, 24, 61, 49, 53, 23, 26, 54, 45, 40, 58, 4, 41, 9, 16, 17, 60, 15, 55, 1, 11, 32, 18, 51, 3, 2, 29, 12, 42, 50, 20, 33, 38, 52]
Run 5:
Best OCplx: 4.08794131155474
Best Sequence: [60, 31, 21, 2, 27, 15, 8, 28, 57, 59, 9, 10, 17, 46, 39, 61, 58, 34, 56, 41, 49, 26, 13, 36, 53, 5, 43, 7, 23, 40, 44, 24, 4, 29, 47, 11, 22, 35, 19, 6, 1, 54, 16, 25, 48, 45, 14, 18, 30, 37, 42, 20, 55, 32, 38, 3, 51, 52, 12, 50, 33]
Run 6:
Best OCplx: 3.665536139413364
Best Sequence: [21, 56, 28, 35, 8, 46, 44, 27, 15, 47, 34, 5, 61, 10, 59, 43, 60, 40, 36, 49, 17, 58, 37, 39, 14, 13, 22, 53, 9, 7, 1, 48, 19, 29, 16, 2, 31, 45, 6, 23, 25, 41, 11, 57, 32, 55, 30, 18, 54, 20, 12, 3, 52, 50, 24, 26, 51, 4, 42, 33, 38]
Run 7:
Best OCplx: 3.4826516807035452
Best Sequence: [18, 15, 8, 49, 47, 59, 27, 21, 58, 36, 17, 60, 10, 46, 23, 28, 2, 41, 31, 43, 44, 5, 37, 39, 34, 9, 22, 53, 61, 16, 13, 4, 25, 7, 26, 1, 57, 24, 30, 48, 35, 54, 32, 40, 29, 11, 55, 56, 45, 3, 19, 42, 20, 51, 38, 50, 6, 14, 12, 52, 33]
Run 8:
Best OCplx: 4.496203942205778
Best Sequence: [21, 44, 39, 46, 2, 43, 24, 17, 58, 55, 59, 13, 31, 8, 49, 5, 27, 28, 15, 14, 60, 47, 53, 10, 34, 45, 61, 7, 36, 9, 57, 48, 35, 19, 11, 40, 37, 26, 54, 16, 23, 22, 25, 18, 30, 41, 6, 32, 4, 33, 42, 1, 51, 20, 12, 29, 38, 50, 56, 3, 52]
Run 9:
Best OCplx: 4.992321948559741
Best Sequence: [8, 34, 53, 28, 13, 25, 46, 27, 47, 31, 59, 10, 58, 39, 5, 22, 15, 60, 36, 9, 40, 49, 37, 16, 17, 43, 41, 44, 61, 21, 6, 19, 57, 29, 32, 2, 55, 11, 18, 3, 45, 54, 7, 48, 56, 51, 35, 38, 26, 24, 23, 30, 20, 50, 14, 4, 1, 52, 12, 33, 42]
Run 10:
Best OCplx: 4.129880639424892
Best Sequence: [21, 43, 53, 28, 17, 6, 46, 2, 59, 37, 10, 31, 22, 34, 56, 9, 39, 35, 61, 15, 60, 5, 40, 8, 49, 13, 27, 30, 7, 58, 47, 19, 4, 57, 48, 41, 29, 45, 11, 14, 24, 25, 54, 44, 23, 16, 18, 32, 36, 55, 20, 26, 51, 50, 12, 38, 3, 33, 42, 1, 52]
Run 11:
Best OCplx: 4.4885826920205725
Best Sequence: [21, 56, 40, 34, 53, 59, 48, 28, 47, 49, 11, 43, 27, 13, 44, 30, 10, 37, 36, 60, 9, 23, 5, 22, 15, 54, 31, 8, 24, 46, 58, 61, 39, 17, 7, 25, 32, 41, 55, 45, 4, 18, 35, 14, 20, 3, 19, 2, 42, 16, 1, 57, 51, 50, 12, 38, 52, 29, 33, 26, 6]
Run 12:
Best OCplx: 4.351400974396709
Best Sequence: [21, 29, 8, 6, 59, 60, 7, 53, 19, 17, 41, 11, 10, 46, 61, 47, 27, 13, 34, 28, 57, 9, 58, 48, 16, 37, 49, 36, 45, 5, 22, 25, 24, 39, 23, 40, 35, 31, 15, 44, 14, 32, 55, 1, 30, 43, 20, 54, 18, 56, 2, 51, 4, 3, 38, 26, 50, 12, 42, 33, 52]
Run 13:
Best OCplx: 5.209921798838827
Best Sequence: [28, 8, 21, 15, 54, 30, 59, 40, 53, 26, 9, 5, 49, 56, 14, 7, 37, 31, 27, 61, 43, 36, 10, 47, 58, 41, 46, 45, 11, 29, 60, 24, 17, 4, 6, 13, 48, 22, 39, 35, 19, 16, 52, 25, 20, 2, 44, 32, 1, 57, 18, 3, 42, 55, 51, 38, 33, 50, 23, 34, 12]
Run 14:
Best OCplx: 4.141362292042444
Best Sequence: [21, 14, 46, 17, 47, 10, 8, 44, 53, 19, 13, 49, 6, 36, 59, 61, 41, 28, 1, 43, 35, 11, 58, 37, 39, 34, 48, 9, 40, 22, 45, 27, 25, 5, 15, 60, 24, 29, 31, 54, 23, 16, 56, 4, 30, 26, 18, 33, 7, 57, 55, 32, 2, 38, 52, 51, 42, 20, 12, 3, 50]
Run 15:
Best OCplx: 4.221627357120414
Best Sequence: [61, 21, 9, 47, 59, 45, 53, 40, 6, 36, 8, 39, 34, 58, 46, 22, 56, 60, 54, 27, 18, 43, 10, 17, 49, 57, 44, 25, 16, 48, 23, 37, 4, 14, 7, 15, 31, 41, 11, 29, 26, 35, 28, 5, 2, 55, 19, 51, 24, 32, 42, 1, 13, 30, 12, 50, 38, 3, 52, 33, 20]
Run 16:
Best OCplx: 2.838367743327069
Best Sequence: [8, 21, 36, 37, 10, 30, 25, 13, 43, 9, 47, 56, 46, 61, 39, 60, 27, 31, 49, 57, 58, 29, 45, 48, 44, 41, 22, 15, 7, 24, 5, 17, 14, 11, 54, 26, 35, 28, 53, 16, 23, 34, 6, 59, 55, 1, 32, 18, 19, 20, 4, 2, 40, 42, 50, 3, 51, 38, 33, 12, 52]
Run 17:
Best OCplx: 4.152349679426167
Best Sequence: [41, 27, 21, 8, 59, 31, 47, 18, 60, 15, 39, 49, 36, 40, 14, 11, 34, 61, 5, 10, 43, 9, 28, 45, 46, 48, 17, 6, 56, 24, 44, 37, 26, 13, 58, 4, 16, 54, 32, 53, 35, 19, 7, 29, 23, 55, 1, 22, 2, 20, 51, 25, 57, 50, 38, 3, 12, 30, 33, 52, 42]
Run 18:
Best OCplx: 4.752171181370057
Best Sequence: [21, 35, 5, 47, 43, 59, 7, 10, 25, 46, 17, 31, 36, 28, 55, 60, 22, 53, 34, 40, 13, 49, 8, 15, 58, 44, 37, 61, 29, 18, 6, 4, 23, 27, 9, 54, 16, 14, 41, 1, 56, 39, 30, 26, 48, 45, 2, 11, 57, 19, 42, 32, 3, 20, 24, 51, 12, 50, 52, 38, 33]
Run 19:
Best OCplx: 4.017424589313377
Best Sequence: [9, 30, 60, 46, 36, 31, 5, 8, 41, 43, 21, 47, 27, 22, 10, 58, 13, 24, 49, 15, 39, 61, 37, 40, 26, 35, 59, 44, 7, 29, 48, 54, 17, 11, 53, 34, 57, 4, 45, 25, 1, 56, 14, 16, 23, 19, 28, 18, 2, 6, 20, 32, 55, 51, 33, 12, 42, 3, 38, 52, 50]
Run 20:
Best OCplx: 5.298100952869907
Best Sequence: [10, 46, 36, 37, 11, 9, 5, 17, 21, 7, 31, 58, 34, 22, 28, 57, 15, 8, 49, 1, 18, 41, 43, 59, 60, 61, 4, 2, 39, 47, 44, 53, 27, 19, 14, 45, 13, 24, 16, 6, 30, 40, 35, 29, 56, 23, 32, 48, 54, 25, 26, 55, 3, 20, 50, 12, 42, 52, 33, 51, 38]
Run 21:
Best OCplx: 3.841896048754072
Best Sequence: [9, 5, 8, 21, 13, 60, 61, 47, 36, 49, 46, 45, 18, 10, 15, 27, 31, 17, 58, 4, 44, 43, 6, 22, 40, 28, 7, 34, 37, 11, 54, 39, 19, 53, 14, 25, 59, 29, 56, 1, 24, 23, 41, 26, 35, 16, 2, 30, 48, 57, 20, 55, 51, 3, 33, 32, 42, 12, 52, 50, 38]
Run 22:
Best OCplx: 4.077370363319501
Best Sequence: [36, 9, 17, 44, 49, 46, 8, 47, 34, 27, 22, 5, 15, 43, 10, 60, 53, 31, 40, 61, 59, 21, 24, 4, 37, 39, 28, 13, 16, 19, 30, 58, 29, 41, 11, 57, 45, 2, 7, 18, 35, 56, 25, 54, 14, 52, 26, 55, 48, 23, 3, 51, 6, 42, 32, 20, 38, 1, 50, 33, 12]
Run 23:
Best OCplx: 3.6073167923642466
Best Sequence: [61, 31, 8, 60, 7, 36, 5, 21, 16, 37, 59, 15, 34, 40, 30, 53, 27, 46, 58, 17, 10, 26, 9, 39, 56, 11, 29, 54, 49, 47, 25, 14, 43, 28, 4, 18, 1, 24, 22, 13, 48, 2, 44, 32, 45, 41, 57, 19, 6, 23, 35, 55, 42, 3, 51, 33, 20, 38, 12, 50, 52]
Run 24:
Best OCplx: 4.18793377767804
Best Sequence: [21, 17, 35, 7, 23, 25, 27, 19, 15, 46, 39, 18, 43, 34, 36, 31, 10, 44, 61, 48, 59, 49, 37, 47, 58, 40, 29, 22, 24, 14, 8, 32, 5, 28, 9, 30, 13, 41, 54, 60, 57, 6, 56, 55, 1, 53, 2, 45, 4, 20, 26, 11, 3, 51, 42, 16, 38, 52, 33, 50, 12]
Run 25:
Best OCplx: 3.9179027929300747
Best Sequence: [60, 46, 9, 37, 21, 28, 10, 54, 3, 17, 27, 43, 34, 57, 40, 24, 13, 45, 5, 61, 49, 15, 47, 8, 14, 44, 39, 35, 19, 53, 6, 36, 25, 29, 59, 56, 22, 58, 4, 31, 48, 30, 11, 7, 32, 23, 41, 2, 18, 26, 16, 20, 55, 50, 51, 42, 38, 1, 12, 52, 33]
Run 26:
Best OCplx: 3.9407928243889687
Best Sequence: [13, 8, 44, 18, 36, 15, 28, 10, 27, 9, 41, 37, 17, 21, 49, 46, 31, 58, 14, 30, 53, 5, 47, 39, 7, 24, 57, 23, 48, 2, 43, 60, 34, 45, 54, 4, 59, 11, 35, 32, 61, 55, 40, 25, 6, 22, 16, 1, 20, 50, 19, 56, 26, 51, 29, 38, 3, 42, 52, 12, 33]
Run 27:
Best OCplx: 4.870439479936899
Best Sequence: [1, 21, 13, 18, 53, 10, 19, 47, 35, 15, 8, 36, 37, 31, 5, 17, 40, 39, 49, 43, 9, 27, 57, 44, 24, 46, 61, 28, 59, 22, 60, 48, 4, 25, 54, 58, 34, 41, 14, 23, 7, 6, 32, 16, 2, 45, 30, 20, 56, 11, 55, 26, 29, 38, 33, 3, 50, 51, 52, 12, 42]
Run 28:
Best OCplx: 3.7477335733251502
Best Sequence: [21, 57, 5, 8, 61, 47, 25, 44, 35, 59, 48, 41, 17, 37, 34, 27, 39, 13, 1, 46, 31, 10, 28, 15, 36, 60, 19, 53, 22, 9, 43, 40, 11, 29, 54, 49, 56, 18, 58, 16, 55, 45, 14, 24, 6, 32, 23, 30, 7, 42, 4, 3, 26, 38, 52, 20, 33, 12, 50, 51, 2]
Run 29:
Best OCplx: 3.433770352584974
Best Sequence: [44, 59, 21, 46, 40, 8, 49, 61, 9, 56, 48, 7, 17, 47, 24, 39, 58, 36, 37, 5, 57, 28, 27, 45, 4, 30, 13, 54, 22, 16, 15, 43, 34, 53, 11, 41, 35, 31, 26, 60, 32, 19, 3, 1, 23, 29, 10, 6, 20, 25, 14, 55, 42, 18, 12, 2, 38, 50, 52, 51, 33]
Run 30:
Best OCplx: 3.8420296767790374
Best Sequence: [53, 21, 29, 43, 15, 14, 17, 46, 9, 13, 6, 60, 34, 47, 10, 31, 22, 27, 61, 58, 37, 5, 28, 49, 40, 59, 8, 36, 39, 54, 41, 44, 48, 16, 45, 56, 1, 11, 2, 32, 30, 19, 7, 18, 25, 4, 24, 23, 35, 57, 20, 55, 26, 3, 51, 50, 38, 12, 33, 52, 42]
Learning Rate: 1e-05
Epsilon: 0.15
Gamma: 0.99
Target Update: 50
Memory Capacity: 20000
Batch Size: 64
if_EWM: False

