Run 1:
Best OCplx: 3.0240141829837848
Best Sequence: [15, 21, 17, 55, 16, 37, 6, 44, 59, 51, 4, 11, 25, 8, 24, 43, 7, 10, 65, 19, 1, 63, 48, 64, 38, 18, 62, 58, 41, 42, 54, 36, 30, 22, 31, 3, 12, 56, 32, 52, 49, 14, 53, 2, 9, 60, 23, 35, 39, 29, 46, 33, 20, 27, 50, 61, 57, 5, 47, 26, 45, 13, 40, 34, 28]
Run 2:
Best OCplx: 2.4383446538735227
Best Sequence: [18, 58, 19, 22, 3, 37, 10, 63, 41, 61, 8, 9, 44, 23, 40, 15, 2, 16, 14, 55, 45, 47, 17, 24, 1, 27, 46, 21, 49, 43, 39, 42, 20, 65, 25, 50, 53, 33, 56, 31, 13, 62, 64, 4, 11, 12, 60, 51, 57, 34, 59, 30, 29, 48, 54, 52, 7, 36, 32, 26, 35, 28, 5, 6, 38]
Run 3:
Best OCplx: 2.9906334740033946
Best Sequence: [15, 17, 62, 24, 4, 23, 14, 64, 61, 53, 58, 2, 6, 35, 50, 59, 10, 36, 5, 7, 21, 16, 12, 29, 3, 34, 54, 49, 63, 45, 9, 32, 26, 60, 33, 42, 1, 55, 8, 27, 44, 11, 51, 25, 18, 37, 28, 13, 46, 20, 39, 30, 56, 47, 65, 22, 48, 57, 52, 31, 40, 43, 19, 38, 41]
Run 4:
Best OCplx: 3.5801098097223067
Best Sequence: [10, 27, 46, 8, 38, 6, 19, 1, 13, 64, 26, 25, 55, 24, 15, 14, 9, 3, 61, 21, 16, 39, 56, 4, 44, 2, 59, 53, 29, 50, 35, 62, 18, 65, 23, 63, 49, 31, 47, 32, 58, 11, 28, 22, 33, 34, 7, 5, 57, 52, 60, 41, 48, 43, 54, 36, 40, 45, 37, 12, 51, 20, 30, 42, 17]
Run 5:
Best OCplx: 2.9827414985400726
Best Sequence: [25, 13, 4, 58, 6, 7, 15, 64, 52, 24, 2, 29, 17, 51, 48, 12, 56, 55, 9, 62, 36, 30, 59, 53, 37, 43, 44, 21, 14, 32, 38, 54, 65, 28, 19, 26, 11, 27, 23, 35, 63, 10, 40, 20, 60, 47, 34, 33, 46, 5, 61, 42, 41, 31, 16, 50, 39, 8, 3, 45, 22, 57, 18, 49, 1]
Run 6:
Best OCplx: 2.9966042194949774
Best Sequence: [16, 54, 21, 37, 58, 53, 46, 56, 62, 28, 65, 40, 17, 11, 49, 59, 18, 12, 55, 64, 13, 44, 19, 47, 24, 41, 3, 6, 23, 14, 34, 50, 26, 33, 29, 22, 8, 27, 48, 1, 9, 30, 52, 38, 42, 60, 7, 2, 35, 31, 5, 51, 4, 57, 63, 15, 36, 45, 10, 43, 61, 39, 20, 25, 32]
Run 7:
Best OCplx: 2.7178797657513853
Best Sequence: [2, 6, 16, 65, 59, 64, 13, 1, 9, 17, 14, 15, 27, 8, 4, 10, 7, 12, 33, 24, 23, 35, 30, 21, 5, 42, 44, 46, 55, 19, 62, 41, 61, 39, 11, 58, 32, 29, 48, 28, 49, 37, 25, 3, 22, 36, 31, 51, 56, 63, 57, 38, 18, 43, 20, 60, 34, 52, 54, 50, 47, 45, 53, 26, 40]
Run 8:
Best OCplx: 2.696862429049901
Best Sequence: [14, 16, 24, 2, 1, 64, 57, 59, 13, 15, 55, 10, 12, 6, 58, 38, 5, 44, 40, 43, 9, 19, 30, 8, 53, 47, 61, 54, 11, 42, 28, 46, 33, 51, 27, 20, 39, 62, 23, 45, 4, 48, 49, 52, 26, 31, 60, 41, 3, 35, 29, 65, 56, 7, 25, 22, 18, 32, 21, 50, 34, 37, 17, 36, 63]
Run 9:
Best OCplx: 2.8275630236056437
Best Sequence: [12, 62, 24, 55, 58, 6, 15, 27, 13, 16, 64, 33, 21, 25, 1, 23, 35, 28, 2, 51, 46, 7, 19, 29, 45, 26, 3, 52, 41, 14, 50, 60, 17, 20, 53, 42, 5, 36, 59, 57, 61, 34, 48, 10, 31, 47, 32, 54, 11, 65, 8, 39, 43, 63, 30, 9, 4, 37, 22, 18, 38, 56, 49, 40, 44]
Run 10:
Best OCplx: 3.6113014966619232
Best Sequence: [3, 4, 10, 24, 6, 16, 59, 52, 9, 31, 17, 13, 12, 42, 1, 46, 35, 15, 20, 14, 29, 34, 21, 37, 33, 30, 23, 5, 63, 60, 53, 65, 51, 18, 44, 27, 25, 26, 49, 11, 58, 22, 40, 43, 8, 39, 57, 48, 28, 7, 62, 50, 45, 56, 55, 19, 32, 47, 36, 2, 41, 54, 38, 61, 64]
Run 11:
Best OCplx: 2.9524403691609513
Best Sequence: [30, 58, 32, 38, 24, 28, 17, 9, 7, 65, 35, 12, 34, 11, 45, 33, 64, 21, 51, 23, 18, 59, 48, 49, 20, 37, 47, 8, 27, 25, 19, 14, 15, 4, 31, 2, 40, 42, 6, 54, 22, 26, 13, 1, 10, 53, 57, 60, 5, 56, 50, 16, 29, 55, 44, 43, 39, 62, 3, 63, 41, 36, 46, 52, 61]
Run 12:
Best OCplx: 3.0375283018791177
Best Sequence: [10, 12, 21, 31, 16, 8, 28, 45, 4, 17, 58, 47, 57, 62, 55, 27, 52, 37, 46, 56, 65, 33, 51, 26, 36, 23, 60, 63, 15, 38, 25, 43, 24, 32, 2, 7, 29, 54, 41, 13, 40, 14, 5, 11, 9, 19, 3, 42, 49, 1, 53, 59, 20, 30, 48, 6, 61, 50, 34, 18, 39, 64, 44, 35, 22]
Run 13:
Best OCplx: 2.6994155096875185
Best Sequence: [58, 49, 46, 14, 63, 47, 6, 62, 5, 65, 45, 36, 56, 61, 38, 44, 15, 8, 2, 52, 9, 60, 54, 10, 13, 21, 53, 42, 55, 24, 40, 17, 59, 27, 3, 35, 25, 39, 64, 11, 1, 33, 48, 12, 43, 26, 30, 4, 37, 20, 41, 50, 31, 16, 23, 32, 57, 7, 51, 29, 19, 28, 34, 18, 22]
Run 14:
Best OCplx: 2.985688607517062
Best Sequence: [1, 13, 16, 9, 10, 55, 24, 6, 14, 17, 8, 15, 36, 37, 43, 5, 44, 63, 19, 39, 25, 28, 59, 53, 64, 3, 61, 27, 65, 11, 48, 45, 18, 30, 56, 12, 4, 58, 22, 7, 20, 35, 21, 38, 54, 49, 47, 62, 32, 29, 46, 23, 2, 52, 50, 40, 60, 34, 33, 51, 31, 41, 26, 42, 57]
Run 15:
Best OCplx: 2.7836301074925287
Best Sequence: [19, 4, 64, 48, 58, 14, 10, 5, 33, 21, 37, 56, 20, 35, 34, 44, 13, 31, 17, 30, 39, 51, 12, 46, 49, 59, 47, 8, 53, 65, 42, 7, 38, 15, 62, 23, 29, 3, 55, 52, 16, 43, 1, 6, 24, 40, 60, 63, 45, 9, 57, 32, 61, 50, 2, 27, 28, 25, 11, 41, 26, 36, 22, 54, 18]
Run 16:
Best OCplx: 3.2366798569480473
Best Sequence: [19, 52, 13, 62, 34, 35, 10, 3, 1, 58, 24, 15, 54, 23, 64, 43, 59, 9, 21, 36, 46, 48, 33, 7, 20, 40, 16, 14, 5, 4, 45, 38, 49, 8, 51, 17, 25, 60, 6, 56, 2, 50, 12, 32, 29, 18, 28, 31, 47, 39, 61, 41, 11, 55, 53, 30, 44, 27, 42, 26, 37, 65, 63, 57, 22]
Run 17:
Best OCplx: 2.955206704903848
Best Sequence: [27, 65, 41, 24, 57, 48, 44, 34, 61, 8, 33, 3, 58, 62, 4, 28, 35, 59, 6, 60, 43, 14, 13, 64, 51, 42, 45, 17, 49, 56, 54, 2, 1, 16, 21, 12, 10, 9, 52, 46, 55, 23, 53, 29, 19, 25, 15, 50, 30, 47, 31, 36, 32, 63, 11, 5, 38, 18, 7, 40, 26, 20, 39, 37, 22]
Run 18:
Best OCplx: 3.1408672355558664
Best Sequence: [59, 30, 16, 28, 65, 49, 58, 53, 2, 8, 62, 23, 32, 35, 9, 31, 55, 11, 19, 1, 12, 43, 42, 4, 34, 61, 6, 33, 57, 41, 50, 47, 7, 40, 39, 36, 17, 5, 37, 45, 29, 27, 46, 54, 18, 56, 21, 10, 48, 64, 14, 24, 26, 3, 15, 25, 13, 22, 44, 60, 51, 63, 38, 52, 20]
Run 19:
Best OCplx: 3.220400762545193
Best Sequence: [9, 48, 58, 21, 5, 34, 37, 15, 39, 64, 35, 1, 63, 36, 38, 53, 31, 24, 56, 57, 54, 50, 59, 13, 10, 3, 18, 2, 27, 12, 4, 40, 14, 62, 17, 52, 29, 22, 25, 61, 47, 7, 11, 42, 45, 44, 41, 20, 23, 51, 43, 65, 30, 16, 32, 8, 28, 19, 49, 6, 33, 55, 26, 46, 60]
Run 20:
Best OCplx: 2.9653071995526425
Best Sequence: [3, 59, 16, 1, 64, 15, 4, 14, 21, 24, 13, 7, 56, 10, 31, 45, 6, 8, 35, 65, 9, 34, 48, 40, 17, 37, 27, 20, 25, 33, 12, 39, 11, 18, 19, 58, 30, 44, 61, 5, 57, 26, 29, 43, 42, 41, 55, 62, 47, 50, 22, 52, 28, 63, 49, 46, 53, 2, 36, 51, 60, 23, 32, 54, 38]
Run 21:
Best OCplx: 2.924062090499275
Best Sequence: [44, 58, 16, 37, 11, 27, 19, 50, 47, 17, 62, 33, 14, 26, 55, 54, 63, 65, 28, 56, 40, 59, 52, 5, 1, 23, 25, 35, 15, 64, 41, 10, 43, 29, 4, 51, 7, 6, 38, 13, 12, 61, 60, 39, 9, 53, 32, 42, 24, 36, 3, 20, 46, 49, 8, 21, 45, 48, 18, 57, 34, 30, 2, 31, 22]
Run 22:
Best OCplx: 3.1891831252052043
Best Sequence: [62, 10, 64, 24, 16, 1, 30, 65, 29, 6, 13, 14, 3, 8, 12, 17, 2, 46, 55, 7, 9, 50, 32, 43, 5, 18, 15, 4, 42, 39, 19, 47, 26, 11, 28, 48, 57, 58, 27, 51, 36, 40, 22, 44, 31, 53, 37, 21, 59, 54, 52, 34, 56, 60, 63, 25, 41, 35, 20, 61, 23, 49, 33, 45, 38]
Run 23:
Best OCplx: 2.82787939755907
Best Sequence: [17, 59, 14, 13, 3, 10, 6, 61, 26, 24, 16, 9, 40, 34, 52, 8, 5, 41, 51, 12, 48, 2, 55, 64, 45, 32, 11, 65, 39, 27, 25, 15, 21, 7, 23, 18, 33, 19, 4, 58, 22, 47, 42, 20, 30, 28, 56, 31, 35, 60, 46, 53, 50, 54, 63, 29, 37, 36, 44, 49, 38, 1, 57, 43, 62]
Run 24:
Best OCplx: 2.906869517569944
Best Sequence: [59, 13, 10, 3, 2, 16, 1, 9, 64, 17, 24, 23, 36, 12, 8, 6, 65, 40, 41, 14, 19, 50, 55, 4, 39, 15, 32, 27, 53, 26, 29, 7, 25, 28, 18, 49, 58, 33, 37, 34, 35, 52, 44, 11, 22, 20, 31, 62, 45, 48, 56, 30, 38, 54, 51, 60, 47, 46, 43, 57, 21, 61, 42, 5, 63]
Run 25:
Best OCplx: 2.9996771656129044
Best Sequence: [58, 46, 6, 32, 33, 45, 20, 29, 62, 54, 2, 1, 56, 65, 38, 60, 41, 11, 57, 55, 26, 48, 28, 52, 27, 21, 24, 13, 50, 47, 9, 4, 34, 49, 31, 51, 59, 39, 64, 3, 30, 15, 23, 14, 8, 7, 42, 16, 63, 25, 17, 12, 40, 43, 61, 36, 37, 35, 5, 18, 44, 10, 22, 19, 53]
Run 26:
Best OCplx: 3.2028934605485624
Best Sequence: [11, 27, 57, 8, 13, 59, 18, 46, 39, 33, 58, 9, 28, 16, 40, 55, 61, 49, 23, 10, 12, 41, 20, 15, 52, 56, 14, 5, 63, 6, 26, 47, 2, 54, 48, 7, 43, 4, 29, 35, 45, 62, 25, 38, 34, 22, 44, 32, 3, 64, 1, 53, 17, 60, 65, 51, 21, 30, 50, 31, 24, 42, 36, 37, 19]
Run 27:
Best OCplx: 2.9329059508241775
Best Sequence: [7, 6, 58, 14, 35, 48, 55, 59, 28, 42, 4, 36, 23, 2, 11, 65, 49, 62, 40, 27, 30, 34, 19, 16, 33, 8, 51, 3, 45, 9, 24, 61, 5, 17, 10, 64, 54, 38, 15, 57, 44, 43, 21, 12, 31, 63, 53, 1, 32, 39, 13, 29, 18, 25, 52, 41, 26, 47, 37, 60, 22, 50, 56, 20, 46]
Run 28:
Best OCplx: 3.286057395774728
Best Sequence: [8, 41, 14, 37, 28, 18, 65, 33, 56, 1, 15, 5, 11, 49, 4, 6, 58, 61, 46, 21, 12, 29, 60, 23, 55, 40, 35, 43, 36, 25, 54, 42, 47, 45, 32, 50, 38, 10, 17, 16, 27, 51, 59, 34, 3, 62, 24, 20, 13, 30, 9, 2, 48, 19, 7, 26, 53, 64, 57, 63, 39, 52, 31, 44, 22]
Run 29:
Best OCplx: 3.1536356843421434
Best Sequence: [34, 1, 54, 58, 55, 4, 10, 16, 8, 52, 9, 53, 65, 57, 6, 42, 62, 39, 28, 29, 17, 23, 64, 49, 33, 31, 2, 7, 48, 59, 30, 13, 21, 56, 35, 44, 14, 37, 24, 45, 25, 27, 43, 38, 46, 41, 63, 51, 5, 36, 19, 47, 40, 61, 11, 60, 3, 20, 15, 50, 22, 26, 12, 18, 32]
Run 30:
Best OCplx: 3.5160233929670013
Best Sequence: [24, 9, 64, 14, 43, 8, 6, 29, 15, 4, 17, 59, 10, 3, 65, 2, 21, 16, 12, 13, 56, 32, 19, 26, 62, 45, 11, 27, 31, 48, 1, 33, 28, 49, 25, 53, 61, 44, 18, 58, 23, 38, 7, 50, 60, 37, 40, 30, 54, 5, 57, 41, 20, 51, 39, 42, 63, 46, 34, 35, 55, 52, 47, 36, 22]
