Run 1:
Best OCplx: 4.346065688414649
Best Sequence: [21, 13, 61, 36, 46, 27, 49, 34, 11, 22, 7, 58, 59, 17, 9, 29, 4, 48, 5, 28, 47, 10, 44, 41, 31, 14, 37, 8, 53, 25, 54, 1, 6, 45, 30, 57, 23, 15, 39, 32, 55, 16, 60, 38, 43, 33, 35, 40, 51, 26, 20, 19, 52, 12, 2, 56, 42, 24, 50, 3, 18]
Run 2:
Best OCplx: 6.152538182187876
Best Sequence: [60, 23, 8, 21, 7, 28, 4, 59, 46, 22, 57, 20, 14, 11, 58, 26, 45, 34, 36, 13, 30, 37, 39, 40, 5, 6, 49, 61, 48, 53, 56, 19, 43, 10, 31, 16, 15, 27, 24, 9, 47, 44, 3, 25, 35, 17, 41, 18, 32, 29, 54, 38, 55, 51, 2, 33, 1, 50, 12, 52, 42]
Run 3:
Best OCplx: 4.79799392013803
Best Sequence: [40, 21, 49, 54, 26, 24, 46, 8, 44, 45, 37, 31, 10, 57, 30, 11, 14, 60, 15, 61, 13, 59, 23, 53, 58, 1, 25, 48, 19, 5, 6, 29, 35, 39, 56, 16, 28, 27, 4, 34, 41, 55, 32, 18, 3, 17, 9, 38, 47, 2, 33, 36, 7, 52, 22, 20, 43, 51, 42, 12, 50]
Run 4:
Best OCplx: 4.670030465735099
Best Sequence: [22, 44, 21, 60, 61, 58, 57, 8, 28, 29, 39, 31, 24, 37, 54, 23, 17, 9, 1, 34, 4, 5, 25, 48, 43, 16, 7, 19, 46, 47, 41, 15, 36, 13, 40, 6, 27, 59, 49, 35, 26, 14, 11, 53, 32, 3, 56, 20, 18, 2, 10, 55, 45, 30, 38, 51, 33, 52, 12, 50, 42]
Run 5:
Best OCplx: 5.018702154965505
Best Sequence: [46, 59, 27, 60, 47, 54, 21, 58, 5, 44, 56, 61, 18, 29, 7, 49, 23, 22, 11, 17, 9, 45, 36, 4, 1, 24, 8, 40, 25, 31, 14, 30, 34, 41, 15, 39, 37, 26, 28, 2, 43, 55, 48, 35, 10, 32, 16, 20, 13, 6, 42, 19, 52, 3, 51, 12, 38, 33, 50, 57, 53]
Run 6:
Best OCplx: 5.054380392187969
Best Sequence: [36, 8, 59, 24, 15, 60, 47, 49, 21, 19, 23, 34, 31, 25, 43, 11, 5, 53, 27, 57, 46, 29, 54, 18, 58, 37, 45, 44, 17, 35, 56, 10, 13, 7, 30, 39, 61, 48, 55, 32, 3, 2, 14, 6, 1, 41, 28, 42, 52, 9, 40, 26, 22, 51, 50, 38, 16, 12, 4, 33, 20]
Run 7:
Best OCplx: 5.4807761399824155
Best Sequence: [58, 17, 6, 43, 5, 21, 60, 40, 24, 54, 47, 39, 16, 37, 4, 8, 31, 34, 13, 14, 41, 23, 59, 22, 61, 45, 49, 18, 28, 10, 27, 15, 57, 48, 56, 36, 30, 19, 46, 35, 32, 29, 3, 2, 44, 7, 20, 53, 11, 26, 25, 55, 38, 52, 9, 33, 50, 1, 51, 42, 12]
Run 8:
Best OCplx: 3.902903781090674
Best Sequence: [21, 61, 48, 8, 57, 44, 9, 29, 5, 24, 7, 28, 11, 18, 53, 59, 43, 36, 17, 27, 39, 46, 54, 47, 49, 19, 22, 35, 26, 6, 4, 16, 2, 34, 31, 56, 23, 15, 40, 13, 1, 45, 10, 60, 58, 55, 41, 32, 25, 38, 20, 33, 37, 50, 14, 30, 3, 12, 52, 51, 42]
Run 9:
Best OCplx: 6.649006198414544
Best Sequence: [34, 41, 8, 28, 56, 21, 4, 18, 46, 54, 47, 36, 40, 60, 43, 27, 16, 23, 58, 9, 53, 10, 39, 30, 17, 1, 61, 11, 2, 44, 35, 31, 57, 6, 14, 19, 7, 20, 26, 5, 25, 48, 24, 3, 29, 45, 37, 13, 49, 59, 22, 15, 55, 51, 12, 32, 42, 33, 50, 52, 38]
Run 10:
Best OCplx: 6.118799365247443
Best Sequence: [49, 46, 21, 5, 36, 29, 22, 11, 18, 17, 54, 19, 27, 43, 16, 61, 4, 44, 10, 9, 6, 34, 60, 48, 25, 39, 20, 37, 30, 45, 15, 59, 23, 40, 24, 58, 7, 8, 2, 57, 56, 47, 28, 13, 31, 26, 14, 41, 55, 33, 32, 35, 53, 51, 50, 42, 12, 1, 52, 38, 3]
Run 11:
Best OCplx: 6.841578371738839
Best Sequence: [8, 49, 25, 21, 46, 41, 36, 28, 37, 29, 60, 19, 10, 61, 24, 53, 45, 11, 47, 18, 58, 22, 16, 39, 59, 4, 40, 5, 15, 7, 56, 35, 17, 6, 27, 48, 20, 13, 26, 32, 12, 55, 2, 34, 38, 9, 50, 3, 1, 30, 51, 43, 52, 54, 42, 23, 44, 57, 14, 33, 31]
Run 12:
Best OCplx: 6.4046918191779305
Best Sequence: [8, 21, 7, 9, 48, 44, 56, 49, 31, 29, 36, 15, 11, 30, 37, 61, 35, 17, 13, 60, 41, 10, 25, 28, 53, 45, 43, 34, 1, 32, 58, 59, 26, 55, 19, 4, 39, 47, 12, 54, 5, 38, 2, 42, 3, 18, 46, 33, 23, 14, 6, 24, 40, 51, 57, 27, 16, 50, 20, 22, 52]
Run 13:
Best OCplx: 5.793585429862846
Best Sequence: [40, 21, 22, 43, 28, 14, 61, 58, 53, 35, 44, 41, 19, 30, 46, 16, 7, 8, 11, 45, 17, 56, 29, 49, 37, 59, 10, 36, 57, 26, 54, 25, 31, 48, 23, 13, 6, 60, 32, 39, 38, 20, 5, 24, 55, 12, 2, 52, 47, 27, 15, 42, 9, 1, 4, 34, 50, 3, 51, 18, 33]
Run 14:
Best OCplx: 6.381609611874286
Best Sequence: [21, 27, 9, 60, 46, 37, 45, 57, 4, 39, 47, 40, 29, 28, 54, 53, 18, 41, 44, 43, 17, 16, 31, 58, 13, 24, 7, 6, 15, 35, 36, 10, 19, 5, 8, 26, 34, 14, 48, 49, 2, 32, 56, 55, 61, 22, 30, 38, 59, 3, 1, 42, 51, 52, 11, 23, 50, 20, 33, 25, 12]
Run 15:
Best OCplx: 5.458142266882022
Best Sequence: [8, 44, 31, 5, 41, 21, 27, 7, 36, 23, 10, 34, 40, 59, 9, 11, 60, 17, 13, 26, 45, 53, 43, 30, 29, 47, 48, 54, 49, 19, 6, 15, 1, 24, 25, 46, 61, 35, 2, 4, 58, 28, 12, 32, 37, 39, 57, 16, 55, 14, 22, 20, 33, 3, 18, 38, 50, 42, 51, 56, 52]
Run 16:
Best OCplx: 4.592430973188867
Best Sequence: [15, 21, 36, 61, 17, 37, 28, 60, 46, 5, 39, 13, 25, 4, 27, 31, 34, 35, 58, 43, 11, 41, 53, 40, 10, 7, 24, 8, 22, 18, 47, 14, 48, 1, 54, 49, 45, 29, 56, 9, 32, 44, 6, 55, 26, 57, 20, 23, 59, 52, 50, 51, 2, 38, 16, 33, 42, 30, 3, 12, 19]
Run 17:
Best OCplx: 4.863055471974558
Best Sequence: [60, 28, 58, 39, 61, 11, 8, 10, 53, 59, 5, 46, 7, 21, 14, 29, 22, 31, 41, 25, 47, 45, 30, 54, 17, 27, 43, 15, 56, 40, 37, 34, 16, 49, 35, 24, 44, 23, 48, 13, 9, 4, 18, 32, 2, 36, 38, 20, 3, 57, 26, 1, 55, 51, 6, 42, 52, 19, 50, 33, 12]
Run 18:
Best OCplx: 5.002023946585994
Best Sequence: [21, 15, 44, 13, 49, 56, 61, 18, 45, 47, 58, 41, 8, 25, 60, 43, 57, 30, 53, 36, 46, 54, 27, 22, 39, 26, 28, 48, 5, 9, 59, 19, 4, 35, 40, 17, 34, 37, 10, 2, 14, 16, 31, 24, 7, 32, 55, 11, 12, 51, 38, 23, 6, 50, 29, 1, 20, 52, 42, 33, 3]
Run 19:
Best OCplx: 6.177751546300274
Best Sequence: [21, 28, 35, 31, 23, 53, 19, 47, 15, 36, 9, 43, 4, 46, 39, 60, 27, 5, 54, 37, 25, 10, 22, 49, 58, 13, 16, 41, 29, 11, 20, 30, 24, 1, 26, 59, 55, 8, 57, 17, 45, 56, 34, 6, 14, 48, 38, 51, 44, 18, 33, 40, 2, 7, 32, 50, 12, 3, 52, 42, 61]
Run 20:
Best OCplx: 5.793467530257776
Best Sequence: [47, 46, 21, 41, 7, 53, 13, 25, 43, 24, 27, 11, 61, 45, 35, 56, 57, 37, 44, 54, 17, 4, 8, 10, 34, 36, 59, 15, 49, 58, 18, 29, 31, 39, 60, 5, 9, 30, 32, 23, 22, 42, 20, 51, 26, 28, 16, 14, 12, 55, 38, 2, 19, 50, 6, 40, 3, 52, 33, 48, 1]
Run 21:
Best OCplx: 3.7295724861611044
Best Sequence: [21, 44, 15, 26, 56, 28, 34, 8, 16, 48, 17, 13, 35, 30, 39, 6, 58, 45, 24, 31, 10, 2, 60, 46, 40, 25, 29, 36, 27, 7, 49, 61, 14, 5, 59, 43, 41, 23, 9, 1, 53, 47, 4, 55, 32, 54, 37, 11, 38, 50, 33, 57, 18, 19, 20, 22, 52, 3, 51, 12, 42]
Run 22:
Best OCplx: 6.515154827433816
Best Sequence: [8, 21, 9, 60, 48, 30, 34, 49, 61, 10, 40, 24, 39, 46, 28, 57, 36, 18, 4, 44, 58, 6, 19, 5, 15, 56, 13, 22, 27, 29, 43, 45, 17, 7, 25, 11, 35, 42, 37, 47, 32, 2, 1, 20, 26, 51, 54, 59, 31, 16, 3, 41, 33, 14, 12, 53, 23, 38, 55, 52, 50]
Run 23:
Best OCplx: 5.629082105496574
Best Sequence: [22, 21, 36, 58, 2, 29, 27, 17, 6, 16, 15, 57, 61, 10, 47, 44, 46, 8, 53, 35, 31, 28, 24, 5, 19, 4, 43, 54, 30, 26, 37, 60, 1, 23, 39, 20, 7, 59, 14, 49, 18, 45, 25, 40, 11, 48, 41, 32, 9, 56, 55, 12, 38, 34, 51, 42, 13, 33, 52, 3, 50]
Run 24:
Best OCplx: 5.429006563193835
Best Sequence: [58, 21, 45, 54, 5, 56, 36, 43, 8, 60, 10, 14, 46, 48, 9, 17, 41, 26, 28, 49, 40, 47, 18, 16, 59, 44, 57, 27, 13, 23, 31, 30, 35, 2, 11, 15, 22, 53, 19, 61, 37, 29, 25, 24, 39, 38, 6, 55, 4, 51, 32, 34, 3, 42, 7, 1, 12, 50, 20, 52, 33]
Run 25:
Best OCplx: 5.9872497808948335
Best Sequence: [10, 28, 21, 6, 30, 60, 46, 16, 41, 8, 19, 54, 48, 3, 44, 45, 49, 35, 18, 59, 7, 5, 39, 17, 61, 2, 4, 37, 34, 31, 26, 13, 1, 58, 29, 40, 14, 33, 43, 36, 47, 24, 15, 23, 25, 22, 56, 11, 9, 53, 55, 20, 32, 57, 27, 12, 38, 42, 50, 52, 51]
Run 26:
Best OCplx: 5.766676120543251
Best Sequence: [28, 8, 22, 21, 17, 9, 39, 31, 14, 15, 10, 16, 36, 40, 46, 43, 49, 60, 58, 61, 25, 27, 53, 47, 13, 7, 20, 6, 34, 37, 29, 55, 3, 59, 5, 45, 41, 44, 51, 4, 23, 35, 1, 32, 57, 54, 33, 50, 12, 42, 24, 18, 19, 38, 26, 56, 30, 2, 48, 11, 52]
Run 27:
Best OCplx: 5.868967452414151
Best Sequence: [36, 43, 46, 21, 26, 7, 10, 53, 49, 60, 61, 47, 30, 9, 8, 41, 45, 57, 5, 48, 35, 29, 14, 17, 40, 27, 19, 28, 18, 15, 24, 56, 4, 22, 58, 23, 1, 3, 16, 37, 34, 55, 13, 44, 54, 39, 20, 31, 51, 59, 6, 2, 32, 50, 42, 11, 12, 33, 25, 38, 52]
Run 28:
Best OCplx: 5.251332974411194
Best Sequence: [21, 47, 37, 8, 53, 23, 39, 44, 13, 24, 36, 34, 57, 15, 7, 43, 25, 17, 11, 10, 9, 27, 48, 40, 45, 28, 60, 61, 31, 35, 49, 29, 4, 55, 2, 32, 46, 5, 59, 18, 38, 1, 56, 33, 50, 22, 26, 6, 3, 58, 30, 20, 16, 51, 54, 41, 12, 52, 19, 14, 42]
Run 29:
Best OCplx: 4.953382921089871
Best Sequence: [5, 11, 49, 34, 35, 21, 46, 23, 26, 17, 8, 2, 7, 48, 45, 28, 15, 4, 36, 61, 22, 58, 41, 25, 54, 57, 30, 9, 40, 60, 24, 13, 56, 37, 10, 43, 44, 27, 59, 29, 39, 16, 14, 19, 3, 31, 55, 6, 18, 32, 20, 47, 12, 38, 42, 51, 1, 52, 50, 53, 33]
Run 30:
Best OCplx: 5.9546819101063075
Best Sequence: [8, 21, 41, 4, 56, 40, 17, 48, 27, 45, 2, 43, 24, 61, 7, 60, 46, 19, 14, 30, 39, 22, 57, 5, 49, 53, 58, 54, 29, 44, 59, 25, 34, 16, 31, 23, 28, 11, 13, 47, 1, 9, 37, 18, 10, 15, 36, 26, 20, 35, 32, 3, 6, 38, 55, 52, 12, 51, 33, 50, 42]
Learning Rate: 1e-05
Epsilon: 0.1
Gamma: 0.99
Target Update: 200
Memory Capacity: 20000
Batch Size: 128
if_EWM: True

Mean: 5.5599
Min: 3.7296
Max: 7.2145
Std: 0.8349