
Run 1:
Best OCplx: 2.1544435599642706
Best Sequence: [65, 52, 23, 58, 22, 47, 50, 62, 44, 57, 29, 37, 30, 39, 56, 14, 17, 53, 7, 28, 13, 31, 55, 32, 4, 11, 42, 8, 40, 35, 54, 41, 15, 64, 48, 18, 20, 38, 34, 19, 43, 36, 27, 2, 61, 24, 5, 21, 60, 10, 33, 16, 12, 59, 25, 49, 46, 51, 1, 3, 63, 6, 45, 26, 9]
Run 2:
Best OCplx: 2.0869652575220488
Best Sequence: [58, 24, 36, 6, 43, 31, 2, 34, 52, 54, 40, 12, 27, 22, 50, 16, 8, 60, 35, 61, 30, 44, 46, 17, 63, 64, 65, 13, 28, 48, 29, 45, 9, 42, 33, 19, 38, 41, 47, 37, 39, 57, 59, 10, 3, 55, 7, 11, 15, 56, 49, 62, 25, 1, 23, 32, 21, 26, 53, 18, 4, 14, 51, 20, 5]
Run 3:
Best OCplx: 2.01451303722226
Best Sequence: [58, 6, 49, 24, 16, 48, 60, 13, 17, 51, 55, 35, 34, 65, 8, 38, 11, 41, 1, 62, 7, 63, 15, 40, 2, 22, 4, 61, 54, 27, 30, 39, 19, 28, 59, 25, 9, 43, 36, 29, 3, 56, 52, 12, 46, 20, 21, 26, 50, 31, 37, 10, 47, 18, 57, 53, 23, 42, 45, 64, 14, 5, 32, 33, 44]
Run 4:
Best OCplx: 2.046491408111284
Best Sequence: [58, 27, 40, 53, 45, 12, 13, 63, 47, 64, 48, 38, 17, 34, 65, 39, 11, 15, 3, 9, 42, 62, 44, 36, 14, 1, 22, 28, 20, 55, 52, 6, 37, 35, 19, 32, 33, 56, 51, 23, 61, 25, 46, 50, 21, 26, 10, 59, 43, 4, 31, 8, 7, 16, 5, 18, 2, 54, 49, 60, 24, 29, 57, 41, 30]
Run 5:
Best OCplx: 1.9473805245194202
Best Sequence: [13, 10, 58, 35, 40, 4, 41, 30, 46, 2, 24, 27, 43, 42, 9, 11, 56, 26, 22, 6, 59, 63, 29, 57, 14, 52, 17, 51, 28, 53, 21, 45, 37, 55, 3, 20, 61, 1, 8, 44, 47, 32, 15, 18, 60, 36, 50, 54, 12, 16, 38, 65, 62, 31, 39, 5, 33, 25, 64, 23, 7, 34, 48, 49, 19]
Run 6:
Best OCplx: 2.222345097908846
Best Sequence: [58, 62, 24, 65, 27, 26, 15, 1, 21, 20, 64, 49, 13, 59, 3, 60, 19, 11, 18, 2, 53, 8, 9, 14, 22, 12, 63, 44, 7, 51, 17, 50, 4, 29, 61, 10, 39, 16, 35, 46, 31, 48, 42, 23, 34, 56, 38, 32, 52, 28, 40, 5, 25, 43, 30, 54, 33, 41, 36, 45, 47, 57, 55, 6, 37]
Run 7:
Best OCplx: 2.278563265186097
Best Sequence: [58, 27, 34, 45, 36, 32, 17, 25, 50, 54, 12, 38, 28, 60, 24, 19, 22, 61, 10, 53, 30, 31, 3, 18, 2, 40, 48, 57, 55, 16, 56, 65, 20, 1, 35, 8, 46, 7, 42, 47, 51, 4, 11, 23, 13, 14, 29, 39, 15, 21, 64, 44, 41, 62, 9, 49, 43, 59, 63, 6, 52, 33, 26, 37, 5]
Run 8:
Best OCplx: 2.3143187595986934
Best Sequence: [51, 65, 41, 58, 7, 63, 56, 44, 23, 24, 62, 57, 6, 59, 13, 17, 22, 14, 19, 31, 11, 28, 40, 4, 20, 64, 29, 38, 12, 33, 3, 37, 27, 45, 32, 42, 53, 18, 47, 43, 1, 15, 21, 46, 61, 8, 5, 35, 25, 50, 54, 48, 49, 55, 39, 9, 2, 36, 30, 60, 10, 52, 26, 16, 34]
Run 9:
Best OCplx: 2.173589810734667
Best Sequence: [12, 58, 22, 14, 27, 17, 11, 25, 61, 26, 10, 24, 16, 32, 49, 41, 3, 18, 20, 21, 59, 62, 13, 60, 4, 1, 56, 8, 2, 50, 51, 44, 65, 38, 9, 29, 47, 31, 45, 30, 48, 46, 5, 6, 63, 36, 35, 64, 55, 19, 33, 37, 43, 34, 53, 54, 52, 23, 15, 40, 28, 57, 42, 39, 7]
Run 10:
Best OCplx: 2.2455424347736486
Best Sequence: [32, 65, 58, 16, 14, 33, 31, 3, 42, 22, 4, 60, 36, 23, 19, 15, 49, 59, 52, 51, 55, 8, 62, 35, 10, 38, 41, 46, 17, 34, 27, 61, 24, 25, 18, 6, 64, 2, 56, 30, 28, 44, 43, 50, 48, 12, 1, 11, 5, 47, 39, 53, 9, 26, 54, 40, 21, 63, 20, 29, 45, 57, 37, 13, 7]
Run 11:
Best OCplx: 2.3623108773351307
Best Sequence: [44, 14, 55, 58, 19, 65, 56, 27, 1, 9, 23, 17, 2, 22, 59, 15, 43, 31, 10, 20, 60, 53, 61, 13, 57, 5, 35, 48, 18, 4, 62, 37, 29, 25, 38, 11, 46, 33, 51, 32, 41, 40, 12, 39, 42, 64, 49, 47, 8, 63, 24, 34, 45, 6, 52, 16, 54, 28, 50, 26, 21, 30, 36, 7, 3]
Run 12:
Best OCplx: 2.2703666165255614
Best Sequence: [1, 55, 24, 62, 59, 2, 58, 18, 27, 63, 20, 65, 22, 3, 17, 45, 49, 44, 15, 13, 43, 4, 16, 36, 38, 9, 54, 25, 60, 26, 31, 39, 61, 48, 56, 53, 19, 47, 11, 50, 35, 52, 8, 14, 33, 57, 34, 32, 12, 29, 64, 37, 10, 23, 6, 5, 51, 7, 46, 40, 28, 41, 21, 30, 42]
Run 13:
Best OCplx: 2.2041571093217978
Best Sequence: [21, 10, 12, 14, 58, 42, 13, 62, 40, 53, 57, 11, 8, 27, 4, 36, 41, 35, 7, 23, 60, 52, 61, 39, 15, 22, 65, 43, 34, 33, 51, 2, 50, 1, 48, 5, 38, 59, 49, 56, 54, 20, 6, 24, 47, 17, 9, 16, 29, 31, 26, 19, 3, 25, 30, 46, 32, 44, 64, 63, 28, 55, 37, 18, 45]
Run 14:
Best OCplx: 2.0412229880537716
Best Sequence: [26, 27, 58, 13, 61, 22, 1, 21, 45, 60, 4, 41, 3, 9, 31, 11, 25, 59, 24, 23, 65, 17, 14, 19, 53, 8, 49, 63, 2, 29, 12, 5, 47, 16, 62, 44, 6, 7, 18, 10, 15, 64, 52, 30, 57, 33, 39, 51, 32, 42, 37, 28, 54, 34, 35, 46, 55, 36, 43, 56, 50, 20, 38, 40, 48]
Run 15:
Best OCplx: 2.1385426893000155
Best Sequence: [58, 29, 27, 22, 64, 35, 63, 26, 10, 8, 14, 18, 61, 7, 59, 3, 13, 4, 62, 44, 1, 60, 65, 6, 15, 51, 20, 21, 16, 12, 9, 2, 17, 39, 11, 24, 31, 46, 19, 30, 55, 32, 41, 52, 48, 28, 56, 5, 38, 45, 43, 57, 49, 47, 37, 34, 25, 50, 42, 33, 23, 54, 53, 40, 36]
Run 16:
Best OCplx: 2.283764422945895
Best Sequence: [65, 58, 14, 45, 60, 23, 20, 22, 36, 10, 27, 1, 52, 49, 29, 4, 38, 21, 53, 24, 11, 62, 25, 9, 26, 19, 61, 3, 35, 17, 59, 31, 18, 12, 16, 8, 50, 15, 13, 7, 28, 39, 33, 44, 42, 64, 40, 55, 32, 54, 37, 46, 51, 5, 2, 41, 63, 34, 57, 43, 56, 47, 48, 30, 6]
Run 17:
Best OCplx: 2.1931879352436807
Best Sequence: [58, 9, 35, 64, 24, 65, 13, 1, 26, 11, 19, 8, 44, 20, 16, 22, 4, 21, 10, 2, 51, 12, 27, 14, 61, 59, 25, 18, 15, 17, 54, 3, 56, 60, 29, 62, 5, 57, 39, 43, 23, 6, 31, 37, 34, 50, 52, 41, 40, 49, 46, 47, 48, 7, 32, 42, 38, 30, 55, 53, 33, 63, 45, 36, 28]
Run 18:
Best OCplx: 2.143268213902179
Best Sequence: [58, 33, 27, 53, 12, 43, 64, 20, 32, 55, 11, 25, 63, 23, 65, 49, 45, 14, 13, 34, 24, 8, 22, 7, 2, 44, 61, 35, 10, 52, 31, 41, 62, 47, 18, 1, 42, 17, 15, 56, 29, 60, 50, 21, 48, 16, 5, 6, 38, 19, 37, 57, 59, 40, 3, 9, 30, 26, 36, 28, 39, 51, 46, 54, 4]
Run 19:
Best OCplx: 2.2309651558076466
Best Sequence: [58, 23, 12, 65, 59, 52, 8, 19, 27, 22, 21, 64, 44, 30, 3, 43, 61, 9, 7, 17, 53, 38, 20, 45, 31, 15, 25, 14, 18, 33, 60, 16, 55, 1, 26, 10, 36, 2, 48, 49, 6, 57, 4, 29, 62, 46, 63, 35, 28, 41, 37, 54, 50, 40, 11, 39, 34, 24, 13, 56, 32, 47, 42, 51, 5]
Run 20:
Best OCplx: 2.2345847901535185
Best Sequence: [58, 8, 57, 15, 25, 14, 1, 16, 12, 27, 11, 13, 19, 60, 6, 43, 18, 24, 55, 50, 4, 62, 61, 65, 63, 5, 7, 54, 28, 52, 10, 22, 17, 35, 20, 56, 3, 26, 44, 23, 21, 49, 30, 47, 37, 48, 39, 9, 34, 31, 33, 2, 42, 51, 59, 40, 64, 29, 53, 45, 36, 46, 41, 38, 32]
Run 21:
Best OCplx: 2.0167101020009826
Best Sequence: [65, 58, 31, 32, 63, 36, 51, 1, 8, 54, 50, 27, 26, 12, 43, 22, 48, 40, 42, 14, 29, 5, 6, 62, 49, 9, 38, 21, 53, 25, 52, 55, 18, 15, 10, 35, 19, 17, 60, 24, 11, 7, 3, 2, 47, 13, 28, 20, 45, 59, 56, 44, 23, 64, 30, 61, 4, 57, 16, 34, 39, 33, 41, 37, 46]
Run 22:
Best OCplx: 2.1064572980318275
Best Sequence: [4, 58, 65, 32, 12, 29, 17, 2, 27, 3, 23, 44, 11, 18, 26, 13, 22, 30, 8, 7, 25, 63, 14, 35, 20, 10, 60, 19, 9, 61, 31, 43, 62, 38, 24, 15, 39, 21, 16, 1, 6, 50, 48, 54, 59, 36, 64, 33, 47, 53, 5, 52, 37, 34, 45, 40, 51, 42, 56, 41, 28, 57, 55, 46, 49]
Run 23:
Best OCplx: 2.390040496843714
Best Sequence: [64, 15, 13, 58, 28, 27, 65, 63, 42, 41, 55, 47, 50, 19, 39, 62, 45, 48, 61, 35, 31, 54, 25, 26, 16, 9, 11, 12, 34, 14, 10, 32, 40, 22, 29, 44, 36, 17, 6, 57, 5, 51, 24, 1, 23, 52, 49, 21, 53, 38, 3, 59, 60, 18, 20, 46, 37, 43, 2, 7, 33, 30, 8, 56, 4]
Run 24:
Best OCplx: 2.060824653675876
Best Sequence: [19, 21, 13, 57, 51, 65, 58, 27, 63, 22, 14, 49, 4, 31, 50, 3, 39, 38, 8, 12, 59, 60, 1, 46, 2, 20, 6, 52, 47, 23, 5, 32, 11, 56, 18, 16, 36, 54, 37, 44, 45, 43, 35, 53, 64, 26, 42, 28, 10, 30, 25, 15, 7, 62, 34, 41, 61, 9, 24, 29, 40, 33, 55, 17, 48]
Run 25:
Best OCplx: 2.145452316746571
Best Sequence: [13, 24, 65, 20, 58, 59, 15, 1, 9, 14, 7, 27, 21, 23, 16, 19, 46, 3, 55, 60, 62, 18, 17, 12, 39, 4, 8, 61, 41, 30, 22, 11, 2, 38, 64, 26, 43, 48, 47, 5, 52, 45, 25, 6, 57, 53, 42, 34, 54, 50, 28, 40, 29, 31, 35, 36, 44, 49, 56, 10, 33, 32, 51, 63, 37]
Run 26:
Best OCplx: 2.2259941653277324
Best Sequence: [58, 27, 22, 19, 59, 64, 17, 15, 3, 63, 60, 12, 34, 4, 14, 65, 9, 6, 7, 11, 8, 13, 1, 16, 61, 25, 26, 62, 18, 20, 24, 2, 21, 44, 10, 28, 50, 38, 32, 5, 55, 52, 39, 53, 46, 30, 31, 42, 43, 41, 49, 56, 45, 23, 35, 51, 29, 40, 54, 48, 37, 36, 47, 33, 57]
Run 27:
Best OCplx: 1.9939361743744464
Best Sequence: [58, 13, 63, 29, 8, 15, 21, 27, 14, 22, 12, 61, 25, 24, 48, 7, 60, 38, 17, 36, 2, 46, 34, 50, 44, 26, 16, 11, 10, 45, 19, 20, 62, 9, 65, 56, 4, 59, 64, 1, 37, 32, 6, 33, 47, 41, 35, 57, 5, 51, 55, 18, 43, 42, 31, 39, 54, 23, 49, 40, 52, 3, 30, 28, 53]
Run 28:
Best OCplx: 2.0682353098595816
Best Sequence: [58, 12, 22, 61, 27, 6, 59, 3, 60, 47, 4, 31, 10, 9, 54, 16, 62, 40, 13, 20, 8, 65, 44, 64, 25, 34, 26, 35, 38, 49, 24, 50, 41, 11, 17, 1, 15, 48, 2, 29, 53, 55, 51, 7, 21, 14, 43, 18, 5, 19, 56, 63, 23, 30, 39, 33, 57, 28, 52, 32, 37, 36, 45, 46, 42]
Run 29:
Best OCplx: 2.040341849272896
Best Sequence: [58, 24, 9, 56, 27, 44, 65, 13, 14, 61, 38, 7, 1, 43, 4, 10, 17, 22, 49, 26, 2, 15, 12, 18, 16, 3, 28, 19, 59, 20, 8, 55, 33, 62, 21, 60, 11, 25, 6, 29, 34, 39, 57, 37, 47, 63, 30, 53, 52, 31, 64, 42, 5, 40, 32, 46, 51, 54, 48, 35, 41, 45, 50, 23, 36]
Run 30:
Best OCplx: 2.139657504281132
Best Sequence: [56, 3, 58, 27, 29, 6, 13, 14, 12, 47, 22, 46, 55, 5, 65, 61, 15, 8, 54, 48, 7, 32, 59, 19, 51, 60, 9, 37, 31, 35, 49, 50, 45, 40, 30, 44, 62, 52, 39, 1, 24, 43, 41, 38, 4, 17, 26, 25, 16, 53, 42, 11, 64, 36, 63, 33, 10, 57, 20, 23, 2, 34, 18, 28, 21]

Mean: 2.1591
Min: 1.9474
Max: 2.3900
Std: 0.1114