Run 1:
Best OCplx: 2.5047064613604504
Best Sequence: [15, 14, 13, 50, 31, 20, 65, 51, 27, 58, 34, 29, 22, 59, 32, 60, 56, 4, 55, 19, 61, 30, 7, 40, 6, 8, 18, 23, 25, 54, 16, 62, 3, 48, 39, 49, 24, 43, 64, 33, 11, 5, 41, 45, 44, 47, 26, 53, 1, 17, 42, 52, 10, 35, 2, 63, 36, 37, 12, 38, 21, 28, 57, 9, 46]
Run 2:
Best OCplx: 1.9732093365700563
Best Sequence: [24, 16, 58, 22, 3, 56, 57, 17, 14, 51, 63, 48, 45, 30, 34, 55, 37, 36, 39, 50, 42, 33, 2, 64, 27, 28, 47, 35, 13, 25, 40, 5, 52, 44, 19, 38, 65, 59, 21, 26, 60, 1, 32, 46, 4, 43, 54, 41, 6, 15, 7, 11, 10, 31, 53, 23, 20, 49, 8, 18, 62, 61, 12, 29, 9]
Run 3:
Best OCplx: 2.1224865796379926
Best Sequence: [58, 13, 47, 19, 39, 22, 16, 14, 55, 60, 29, 59, 36, 63, 27, 15, 4, 43, 12, 37, 34, 64, 61, 65, 26, 38, 28, 46, 2, 50, 56, 31, 40, 7, 48, 24, 8, 9, 5, 20, 52, 35, 11, 6, 62, 1, 57, 44, 32, 33, 51, 53, 17, 42, 10, 54, 45, 49, 18, 30, 41, 23, 3, 21, 25]
Run 4:
Best OCplx: 2.0928886543813188
Best Sequence: [23, 24, 27, 65, 58, 8, 54, 14, 61, 53, 39, 40, 17, 35, 6, 9, 45, 50, 56, 62, 31, 55, 30, 46, 51, 64, 16, 47, 28, 63, 38, 4, 37, 59, 7, 22, 21, 43, 18, 48, 52, 44, 29, 3, 2, 15, 60, 5, 1, 26, 36, 13, 11, 32, 12, 10, 33, 57, 41, 42, 49, 34, 25, 20, 19]
Run 5:
Best OCplx: 1.9187140333902357
Best Sequence: [24, 42, 27, 25, 62, 65, 28, 64, 58, 40, 13, 3, 61, 2, 8, 9, 11, 31, 63, 52, 60, 6, 22, 10, 47, 23, 34, 14, 43, 15, 53, 30, 56, 54, 37, 57, 50, 20, 18, 12, 46, 32, 44, 1, 48, 19, 36, 4, 29, 45, 41, 35, 16, 38, 17, 55, 59, 26, 51, 7, 49, 5, 39, 33, 21]
Run 6:
Best OCplx: 2.2940536885464153
Best Sequence: [8, 58, 38, 30, 53, 2, 29, 9, 34, 23, 46, 20, 27, 4, 24, 48, 25, 13, 54, 10, 61, 62, 63, 39, 35, 11, 55, 7, 37, 22, 57, 59, 36, 60, 44, 21, 28, 56, 42, 3, 52, 14, 17, 15, 1, 50, 12, 6, 5, 40, 45, 31, 18, 33, 26, 32, 64, 19, 43, 16, 47, 65, 49, 51, 41]
Run 7:
Best OCplx: 2.3262720556273475
Best Sequence: [15, 33, 38, 65, 17, 1, 24, 49, 25, 58, 13, 7, 37, 30, 55, 56, 19, 11, 61, 27, 22, 16, 12, 3, 18, 54, 48, 45, 64, 47, 57, 21, 2, 31, 51, 14, 29, 32, 6, 4, 52, 59, 35, 60, 44, 41, 46, 5, 28, 23, 62, 53, 43, 26, 42, 9, 39, 40, 36, 63, 10, 34, 20, 50, 8]
Run 8:
Best OCplx: 2.0180689503835096
Best Sequence: [3, 63, 58, 13, 2, 17, 11, 35, 12, 56, 27, 28, 42, 55, 26, 22, 8, 10, 49, 40, 32, 31, 4, 15, 23, 47, 65, 50, 34, 43, 45, 30, 18, 51, 62, 59, 60, 36, 38, 48, 24, 14, 61, 64, 57, 46, 54, 39, 20, 6, 52, 44, 16, 33, 53, 9, 25, 7, 19, 29, 5, 1, 21, 37, 41]
Run 9:
Best OCplx: 2.1721787384327724
Best Sequence: [16, 15, 11, 21, 58, 14, 44, 31, 60, 39, 63, 10, 1, 24, 46, 32, 22, 50, 3, 19, 57, 43, 42, 5, 27, 56, 13, 25, 65, 40, 12, 61, 29, 64, 54, 35, 59, 47, 2, 48, 36, 8, 38, 23, 55, 37, 26, 45, 33, 62, 30, 9, 51, 49, 34, 41, 6, 7, 20, 28, 53, 4, 52, 17, 18]
Run 10:
Best OCplx: 2.1888982535249686
Best Sequence: [10, 13, 26, 63, 62, 24, 58, 22, 14, 57, 12, 65, 1, 45, 21, 39, 16, 19, 4, 31, 42, 5, 29, 33, 44, 27, 2, 8, 55, 7, 17, 48, 64, 25, 32, 60, 53, 41, 30, 36, 40, 37, 23, 50, 51, 38, 43, 54, 46, 6, 34, 35, 3, 28, 18, 9, 59, 49, 15, 61, 11, 56, 52, 20, 47]
Run 11:
Best OCplx: 2.3755283715386737
Best Sequence: [58, 52, 30, 32, 26, 34, 14, 60, 51, 48, 1, 3, 56, 31, 38, 17, 24, 27, 65, 8, 13, 19, 37, 45, 41, 16, 40, 43, 15, 42, 2, 33, 29, 50, 54, 57, 62, 49, 53, 22, 12, 10, 20, 28, 63, 59, 46, 35, 55, 11, 36, 25, 7, 47, 61, 21, 18, 5, 6, 44, 64, 39, 4, 9, 23]
Run 12:
Best OCplx: 2.197097506918665
Best Sequence: [64, 65, 9, 15, 58, 24, 21, 50, 63, 31, 53, 35, 14, 41, 32, 45, 59, 34, 55, 44, 47, 1, 11, 49, 48, 22, 4, 27, 52, 33, 3, 16, 19, 8, 26, 38, 54, 12, 57, 18, 25, 46, 51, 29, 5, 20, 7, 13, 30, 43, 10, 23, 39, 37, 61, 42, 60, 36, 62, 56, 2, 40, 28, 6, 17]
Run 13:
Best OCplx: 2.266012277242298
Best Sequence: [4, 55, 58, 48, 64, 60, 36, 13, 63, 22, 8, 23, 1, 14, 30, 51, 56, 39, 21, 28, 45, 35, 47, 40, 27, 50, 9, 15, 17, 59, 54, 18, 46, 37, 33, 41, 29, 62, 24, 26, 10, 20, 16, 61, 19, 49, 7, 32, 53, 43, 52, 42, 11, 44, 25, 31, 5, 65, 57, 12, 6, 2, 3, 38, 34]
Run 14:
Best OCplx: 1.9460216761368931
Best Sequence: [9, 10, 12, 15, 8, 14, 65, 4, 54, 27, 58, 64, 48, 51, 38, 55, 59, 57, 32, 40, 46, 33, 26, 34, 45, 13, 6, 63, 24, 30, 11, 18, 28, 42, 16, 17, 22, 25, 60, 36, 19, 56, 53, 2, 52, 62, 50, 49, 3, 44, 61, 31, 47, 41, 21, 20, 37, 1, 5, 43, 23, 7, 29, 35, 39]
Run 15:
Best OCplx: 2.1351237891610118
Best Sequence: [65, 62, 43, 58, 17, 13, 34, 2, 6, 27, 49, 55, 4, 20, 42, 41, 63, 40, 28, 38, 64, 12, 15, 22, 30, 8, 39, 31, 16, 32, 23, 46, 24, 1, 48, 18, 11, 3, 9, 10, 45, 35, 36, 33, 14, 29, 60, 59, 61, 47, 54, 5, 56, 57, 52, 44, 21, 37, 7, 51, 25, 19, 50, 53, 26]
Run 16:
Best OCplx: 1.9832136384309007
Best Sequence: [13, 1, 65, 57, 58, 34, 16, 49, 50, 52, 56, 14, 48, 24, 64, 11, 47, 38, 30, 59, 8, 4, 27, 18, 60, 21, 35, 26, 9, 22, 33, 39, 23, 7, 5, 55, 12, 54, 41, 29, 37, 25, 45, 17, 15, 44, 20, 31, 32, 62, 40, 28, 63, 43, 6, 46, 10, 61, 53, 19, 36, 3, 42, 2, 51]
Run 17:
Best OCplx: 2.0501021177323304
Best Sequence: [1, 4, 58, 54, 12, 13, 51, 61, 11, 52, 8, 45, 18, 16, 19, 3, 40, 47, 24, 50, 42, 53, 27, 23, 2, 31, 30, 38, 7, 46, 62, 35, 39, 15, 22, 21, 32, 33, 29, 14, 55, 9, 43, 65, 48, 20, 41, 17, 5, 6, 26, 34, 44, 60, 59, 49, 25, 63, 10, 36, 28, 37, 56, 57, 64]
Run 18:
Best OCplx: 2.1700338975734175
Best Sequence: [59, 57, 17, 2, 13, 58, 15, 14, 64, 34, 43, 8, 24, 48, 35, 29, 4, 36, 62, 39, 53, 12, 28, 22, 27, 32, 26, 5, 63, 25, 23, 18, 56, 38, 65, 44, 1, 61, 3, 55, 50, 19, 11, 41, 30, 6, 42, 20, 60, 54, 31, 46, 47, 51, 45, 52, 10, 9, 7, 16, 37, 33, 49, 21, 40]
Run 19:
Best OCplx: 2.090521170683299
Best Sequence: [58, 9, 16, 33, 54, 19, 14, 47, 57, 15, 4, 40, 12, 39, 29, 64, 27, 26, 22, 45, 51, 8, 13, 52, 21, 20, 46, 6, 31, 43, 55, 17, 25, 59, 42, 61, 24, 2, 11, 48, 30, 18, 32, 65, 63, 50, 5, 62, 49, 10, 1, 44, 38, 53, 41, 37, 56, 7, 23, 60, 34, 3, 35, 28, 36]
Run 20:
Best OCplx: 2.206545983582563
Best Sequence: [13, 38, 46, 64, 27, 44, 19, 65, 58, 1, 28, 31, 23, 55, 17, 48, 62, 54, 34, 9, 37, 33, 11, 60, 57, 59, 22, 25, 10, 29, 56, 43, 12, 15, 30, 36, 6, 26, 24, 40, 14, 8, 5, 32, 49, 51, 18, 2, 63, 53, 52, 21, 61, 4, 47, 42, 39, 16, 50, 35, 3, 41, 45, 7, 20]
Run 21:
Best OCplx: 2.2424183594790796
Best Sequence: [19, 3, 48, 18, 15, 4, 65, 10, 7, 2, 58, 63, 60, 38, 57, 53, 22, 27, 54, 12, 55, 14, 44, 31, 5, 13, 64, 16, 26, 43, 21, 47, 39, 8, 1, 32, 36, 61, 28, 35, 56, 51, 34, 11, 50, 42, 59, 46, 30, 41, 29, 62, 20, 49, 33, 9, 24, 23, 52, 37, 45, 6, 25, 40, 17]
Run 22:
Best OCplx: 2.189375058939423
Best Sequence: [44, 1, 2, 13, 48, 11, 65, 59, 10, 27, 58, 3, 55, 7, 51, 16, 35, 25, 50, 9, 56, 40, 22, 29, 4, 53, 17, 45, 34, 47, 31, 12, 63, 30, 64, 32, 60, 42, 14, 5, 19, 36, 15, 43, 52, 41, 6, 37, 39, 54, 24, 26, 61, 49, 46, 18, 57, 62, 8, 38, 28, 21, 23, 20, 33]
Run 23:
Best OCplx: 2.174323579292129
Best Sequence: [24, 21, 13, 27, 19, 58, 62, 41, 26, 38, 35, 12, 1, 28, 14, 59, 57, 49, 8, 33, 46, 23, 17, 65, 53, 20, 7, 30, 22, 52, 42, 37, 55, 43, 25, 45, 31, 34, 11, 4, 32, 18, 50, 40, 61, 48, 54, 56, 36, 47, 44, 29, 15, 64, 9, 63, 3, 60, 16, 2, 5, 39, 51, 10, 6]
Run 24:
Best OCplx: 2.30445259622672
Best Sequence: [13, 30, 65, 25, 60, 4, 58, 37, 2, 10, 8, 54, 52, 61, 32, 40, 35, 20, 3, 18, 27, 33, 57, 63, 51, 42, 23, 24, 12, 55, 29, 22, 38, 50, 1, 49, 39, 14, 15, 64, 46, 59, 7, 19, 6, 26, 62, 41, 56, 17, 43, 53, 36, 45, 28, 47, 34, 21, 16, 31, 11, 9, 48, 5, 44]
Run 25:
Best OCplx: 2.2534526872181617
Best Sequence: [14, 15, 65, 50, 21, 58, 2, 8, 63, 18, 22, 6, 54, 64, 20, 10, 44, 9, 57, 31, 24, 29, 53, 52, 13, 17, 39, 37, 59, 30, 27, 26, 1, 40, 62, 7, 49, 42, 60, 11, 34, 46, 48, 41, 51, 33, 4, 16, 12, 32, 43, 61, 55, 45, 47, 19, 3, 25, 35, 36, 23, 28, 38, 56, 5]
Run 26:
Best OCplx: 2.073914673317442
Best Sequence: [48, 12, 10, 15, 17, 3, 65, 14, 23, 27, 64, 58, 57, 62, 40, 1, 59, 21, 9, 6, 22, 35, 13, 44, 55, 8, 50, 32, 26, 47, 45, 16, 60, 29, 31, 43, 56, 7, 42, 49, 37, 53, 33, 19, 54, 51, 52, 61, 18, 2, 20, 63, 25, 24, 11, 41, 38, 4, 28, 30, 34, 39, 36, 5, 46]
Run 27:
Best OCplx: 2.0925774919559954
Best Sequence: [13, 6, 24, 60, 58, 22, 53, 40, 62, 3, 33, 27, 8, 30, 9, 47, 12, 26, 48, 54, 43, 18, 59, 23, 57, 1, 56, 7, 16, 10, 52, 39, 44, 49, 14, 5, 42, 15, 25, 32, 19, 50, 17, 41, 45, 21, 51, 20, 2, 28, 4, 34, 35, 37, 61, 38, 64, 63, 31, 46, 36, 65, 55, 29, 11]
Run 28:
Best OCplx: 2.1511530707671778
Best Sequence: [59, 17, 65, 58, 27, 9, 63, 39, 55, 20, 43, 40, 22, 47, 7, 30, 19, 31, 11, 4, 61, 15, 10, 33, 49, 24, 28, 52, 29, 13, 6, 42, 51, 64, 60, 18, 34, 37, 62, 41, 32, 23, 45, 56, 46, 50, 35, 21, 1, 48, 2, 8, 53, 3, 54, 16, 38, 25, 14, 57, 26, 5, 36, 44, 12]
Run 29:
Best OCplx: 1.793992975569628
Best Sequence: [24, 65, 30, 27, 23, 58, 22, 64, 44, 13, 12, 29, 46, 16, 53, 59, 50, 3, 21, 31, 60, 35, 42, 4, 20, 33, 45, 10, 43, 56, 1, 37, 39, 15, 49, 54, 26, 40, 38, 8, 63, 52, 9, 62, 48, 6, 32, 17, 18, 55, 51, 47, 11, 34, 41, 2, 14, 61, 28, 5, 57, 25, 7, 36, 19]
Run 30:
Best OCplx: 2.221845501648037
Best Sequence: [47, 2, 48, 33, 65, 4, 58, 24, 51, 22, 19, 34, 13, 28, 45, 56, 30, 53, 62, 38, 8, 54, 21, 10, 29, 23, 42, 18, 63, 27, 44, 17, 14, 32, 59, 16, 39, 40, 60, 1, 36, 5, 12, 46, 37, 26, 3, 25, 35, 57, 7, 20, 61, 15, 9, 11, 55, 6, 41, 49, 31, 50, 52, 64, 43]

Mean: 2.1510
Min: 1.7940
Max: 2.5047
Std: 0.1444