Run 1:
Best OCplx: 2.5293559002104056
Best Sequence: [8, 10, 40, 61, 21, 28, 17, 44, 25, 60, 36, 46, 14, 15, 9, 49, 47, 13, 5, 31, 57, 1, 39, 58, 29, 59, 32, 43, 53, 30, 18, 11, 19, 45, 2, 55, 34, 7, 16, 48, 35, 6, 24, 26, 37, 4, 27, 54, 23, 22, 42, 56, 41, 38, 3, 20, 52, 33, 12, 51, 50]
Run 2:
Best OCplx: 2.9608172009757645
Best Sequence: [8, 59, 61, 10, 46, 21, 5, 27, 28, 44, 6, 58, 24, 36, 47, 34, 13, 7, 11, 56, 48, 29, 9, 17, 54, 30, 15, 31, 41, 39, 18, 35, 43, 2, 1, 26, 4, 22, 45, 49, 14, 40, 16, 23, 60, 19, 32, 55, 37, 53, 38, 20, 42, 52, 50, 33, 3, 12, 25, 57, 51]
Run 3:
Best OCplx: 3.1973989600916792
Best Sequence: [46, 28, 8, 17, 31, 5, 58, 21, 59, 34, 29, 61, 4, 1, 2, 11, 24, 18, 56, 9, 30, 44, 7, 49, 23, 57, 36, 41, 14, 48, 37, 27, 26, 6, 22, 35, 10, 19, 39, 16, 47, 43, 45, 55, 32, 15, 60, 54, 20, 53, 33, 50, 3, 38, 52, 42, 40, 51, 25, 13, 12]
Run 4:
Best OCplx: 3.6652529814824013
Best Sequence: [21, 19, 30, 44, 48, 37, 27, 10, 40, 46, 47, 43, 45, 49, 60, 36, 8, 28, 26, 53, 25, 17, 58, 61, 31, 6, 54, 29, 13, 32, 55, 3, 57, 7, 9, 22, 34, 18, 14, 39, 38, 59, 24, 42, 5, 11, 16, 1, 41, 4, 23, 35, 15, 33, 56, 2, 20, 51, 52, 12, 50]
Run 5:
Best OCplx: 3.114646845887669
Best Sequence: [27, 28, 36, 44, 8, 21, 31, 60, 29, 61, 48, 15, 49, 10, 24, 5, 13, 14, 45, 54, 4, 17, 43, 9, 7, 46, 11, 34, 19, 39, 18, 47, 59, 53, 35, 57, 55, 26, 32, 22, 16, 23, 37, 58, 40, 38, 30, 2, 33, 6, 56, 1, 20, 42, 52, 51, 41, 12, 3, 25, 50]
Run 6:
Best OCplx: 3.5976632393025754
Best Sequence: [13, 17, 46, 44, 8, 5, 21, 14, 7, 15, 58, 25, 1, 55, 23, 35, 49, 18, 27, 48, 39, 4, 61, 31, 40, 10, 28, 34, 57, 59, 53, 37, 11, 22, 47, 9, 29, 54, 19, 36, 60, 6, 24, 16, 26, 2, 56, 45, 41, 32, 43, 33, 42, 3, 30, 20, 38, 52, 51, 12, 50]
Run 7:
Best OCplx: 3.493618146201414
Best Sequence: [21, 6, 8, 60, 53, 25, 46, 40, 15, 13, 36, 44, 49, 5, 17, 48, 11, 27, 10, 28, 39, 9, 18, 59, 35, 37, 47, 61, 31, 45, 26, 58, 43, 14, 4, 7, 24, 54, 56, 22, 23, 19, 57, 34, 16, 32, 29, 2, 20, 33, 30, 1, 55, 3, 38, 41, 50, 52, 51, 42, 12]
Run 8:
Best OCplx: 5.232674703375579
Best Sequence: [9, 39, 25, 8, 49, 46, 44, 21, 27, 31, 56, 7, 26, 57, 36, 10, 59, 40, 32, 24, 35, 54, 53, 5, 47, 16, 11, 58, 45, 60, 17, 29, 2, 22, 13, 18, 37, 34, 6, 48, 61, 1, 19, 43, 23, 15, 55, 30, 20, 4, 41, 3, 51, 33, 14, 50, 42, 52, 28, 38, 12]
Run 9:
Best OCplx: 4.006746356768014
Best Sequence: [25, 8, 60, 44, 36, 9, 15, 21, 31, 40, 45, 46, 58, 61, 43, 7, 49, 39, 41, 19, 14, 59, 29, 35, 48, 30, 17, 10, 37, 11, 54, 47, 4, 18, 24, 28, 34, 5, 56, 57, 55, 38, 27, 53, 32, 13, 2, 16, 42, 51, 20, 26, 6, 52, 22, 23, 1, 33, 50, 3, 12]
Run 10:
Best OCplx: 3.42887823034209
Best Sequence: [10, 46, 8, 39, 25, 5, 44, 21, 28, 34, 17, 15, 2, 58, 13, 47, 43, 60, 27, 36, 59, 61, 40, 35, 29, 49, 9, 11, 4, 45, 14, 31, 22, 53, 55, 57, 26, 19, 56, 23, 54, 6, 18, 24, 16, 7, 48, 30, 41, 52, 20, 32, 38, 37, 1, 42, 33, 12, 51, 50, 3]
Run 11:
Best OCplx: 3.7314019447001483
Best Sequence: [31, 18, 13, 34, 9, 60, 5, 8, 46, 25, 17, 59, 36, 49, 21, 10, 39, 61, 28, 44, 27, 56, 40, 16, 30, 58, 47, 15, 11, 57, 48, 26, 14, 2, 35, 43, 4, 53, 54, 23, 29, 45, 37, 32, 41, 24, 22, 7, 1, 42, 55, 20, 6, 38, 19, 52, 50, 33, 12, 3, 51]
Run 12:
Best OCplx: 3.1829782022465727
Best Sequence: [8, 17, 49, 46, 25, 10, 31, 5, 15, 28, 13, 27, 58, 9, 47, 60, 59, 21, 39, 44, 11, 53, 29, 40, 34, 22, 36, 35, 26, 37, 23, 45, 19, 6, 61, 30, 7, 18, 2, 55, 43, 56, 57, 24, 1, 4, 52, 54, 41, 48, 32, 51, 14, 20, 16, 42, 12, 38, 3, 33, 50]
Run 13:
Best OCplx: 2.747832678041646
Best Sequence: [8, 59, 49, 21, 27, 40, 61, 18, 46, 60, 58, 34, 4, 31, 10, 47, 25, 28, 17, 9, 15, 24, 39, 41, 45, 22, 30, 5, 36, 7, 16, 13, 23, 53, 56, 14, 29, 44, 55, 48, 57, 43, 32, 2, 20, 19, 54, 11, 35, 37, 38, 1, 33, 6, 26, 52, 12, 3, 42, 51, 50]
Run 14:
Best OCplx: 3.554230125259253
Best Sequence: [15, 21, 31, 34, 17, 10, 8, 49, 25, 28, 46, 5, 44, 19, 9, 47, 27, 60, 58, 59, 6, 24, 39, 37, 22, 13, 14, 18, 23, 11, 4, 2, 35, 45, 32, 29, 61, 1, 36, 57, 26, 30, 54, 48, 7, 56, 16, 20, 55, 43, 52, 41, 51, 12, 3, 38, 42, 33, 53, 50, 40]
Run 15:
Best OCplx: 2.7813439911679767
Best Sequence: [10, 39, 25, 8, 17, 5, 31, 28, 21, 11, 30, 14, 27, 15, 59, 2, 57, 49, 40, 53, 61, 43, 44, 46, 58, 35, 48, 47, 29, 37, 1, 4, 6, 36, 45, 16, 7, 56, 18, 34, 13, 54, 60, 32, 26, 20, 19, 23, 9, 22, 55, 51, 24, 41, 38, 42, 52, 3, 33, 50, 12]
Run 16:
Best OCplx: 2.4204757269556247
Best Sequence: [8, 28, 39, 21, 31, 29, 46, 49, 36, 23, 58, 15, 7, 9, 60, 56, 17, 14, 59, 4, 6, 35, 16, 40, 10, 5, 24, 54, 57, 2, 37, 61, 43, 47, 19, 41, 27, 26, 18, 1, 44, 13, 48, 11, 34, 32, 20, 30, 55, 22, 45, 38, 25, 52, 3, 50, 42, 51, 33, 53, 12]
Run 17:
Best OCplx: 3.315993502130034
Best Sequence: [8, 31, 60, 10, 36, 44, 46, 58, 28, 13, 39, 21, 61, 25, 5, 17, 43, 49, 47, 15, 59, 40, 9, 6, 27, 26, 45, 29, 24, 57, 18, 34, 48, 53, 11, 32, 35, 37, 56, 7, 1, 14, 19, 2, 33, 55, 22, 20, 30, 16, 41, 23, 54, 3, 52, 42, 38, 51, 4, 12, 50]
Run 18:
Best OCplx: 1.942946525849977
Best Sequence: [10, 37, 8, 17, 5, 46, 27, 15, 21, 58, 25, 31, 49, 9, 36, 44, 28, 53, 41, 40, 45, 59, 11, 39, 2, 43, 7, 54, 61, 47, 29, 16, 1, 57, 6, 56, 60, 13, 4, 30, 32, 22, 19, 48, 23, 26, 34, 14, 18, 55, 24, 3, 20, 38, 35, 52, 50, 33, 51, 12, 42]
Run 19:
Best OCplx: 5.22225667937413
Best Sequence: [21, 37, 47, 9, 49, 25, 60, 15, 8, 36, 61, 39, 44, 31, 34, 10, 40, 43, 17, 27, 59, 5, 29, 13, 28, 7, 24, 54, 33, 14, 46, 35, 58, 55, 53, 4, 2, 56, 51, 23, 11, 48, 12, 20, 32, 1, 18, 50, 45, 16, 38, 42, 19, 3, 57, 6, 26, 41, 22, 52, 30]
Run 20:
Best OCplx: 3.854379025246974
Best Sequence: [40, 60, 5, 36, 28, 61, 21, 25, 49, 9, 8, 13, 31, 59, 27, 53, 29, 35, 34, 45, 46, 43, 10, 17, 54, 16, 48, 23, 44, 11, 4, 57, 47, 30, 56, 39, 15, 22, 1, 58, 2, 24, 55, 37, 41, 26, 14, 7, 6, 18, 42, 3, 33, 38, 19, 32, 52, 20, 51, 50, 12]
Run 21:
Best OCplx: 2.9293486059323603
Best Sequence: [40, 5, 60, 21, 36, 10, 8, 47, 9, 39, 49, 29, 15, 25, 61, 23, 46, 17, 27, 31, 53, 44, 43, 28, 58, 57, 55, 34, 20, 4, 59, 7, 1, 22, 54, 24, 30, 13, 35, 56, 18, 37, 11, 32, 6, 16, 45, 26, 3, 14, 41, 48, 38, 19, 2, 33, 51, 52, 42, 50, 12]
Run 22:
Best OCplx: 4.6934429122833965
Best Sequence: [49, 47, 13, 8, 25, 27, 40, 31, 21, 36, 43, 9, 15, 44, 59, 28, 58, 14, 39, 54, 46, 11, 17, 34, 41, 30, 61, 56, 29, 60, 19, 22, 48, 23, 57, 10, 45, 24, 32, 18, 35, 26, 4, 37, 6, 5, 53, 51, 3, 1, 20, 55, 42, 52, 7, 2, 33, 38, 16, 12, 50]
Run 23:
Best OCplx: 3.9588051021849826
Best Sequence: [28, 44, 37, 25, 8, 27, 46, 31, 13, 36, 17, 60, 56, 47, 39, 49, 10, 5, 21, 34, 15, 61, 48, 9, 30, 3, 43, 40, 4, 58, 18, 41, 2, 45, 7, 24, 53, 1, 22, 11, 16, 59, 29, 54, 32, 57, 35, 55, 23, 14, 50, 26, 19, 6, 20, 42, 38, 52, 33, 51, 12]
Run 24:
Best OCplx: 3.4878074761196336
Best Sequence: [46, 36, 39, 8, 28, 25, 5, 21, 29, 31, 59, 43, 58, 48, 13, 47, 27, 10, 9, 30, 20, 61, 4, 24, 49, 22, 41, 44, 55, 19, 16, 56, 14, 26, 53, 17, 7, 40, 34, 45, 33, 2, 6, 18, 57, 54, 15, 60, 23, 11, 35, 32, 38, 37, 3, 1, 52, 42, 50, 51, 12]
Run 25:
Best OCplx: 3.3137761383541253
Best Sequence: [27, 8, 21, 46, 25, 31, 59, 48, 24, 57, 10, 5, 53, 34, 11, 54, 13, 35, 9, 47, 40, 16, 44, 49, 56, 60, 7, 19, 39, 58, 26, 29, 36, 30, 4, 43, 45, 6, 37, 14, 61, 55, 18, 41, 1, 32, 42, 2, 23, 3, 38, 33, 52, 20, 51, 22, 15, 50, 28, 12, 17]
Run 26:
Best OCplx: 5.822461511354556
Best Sequence: [9, 21, 61, 46, 49, 56, 17, 39, 40, 10, 30, 31, 25, 58, 48, 54, 44, 59, 16, 53, 60, 26, 27, 28, 35, 11, 14, 32, 22, 45, 15, 8, 36, 4, 57, 19, 5, 24, 23, 29, 37, 7, 55, 13, 18, 1, 20, 47, 42, 3, 33, 43, 2, 38, 51, 52, 50, 6, 12, 34, 41]
Run 27:
Best OCplx: 4.920620350664732
Best Sequence: [21, 10, 13, 31, 25, 8, 15, 46, 36, 60, 44, 17, 26, 9, 45, 37, 39, 58, 53, 28, 61, 59, 5, 20, 19, 47, 51, 43, 11, 30, 4, 7, 1, 27, 34, 35, 23, 14, 32, 6, 49, 3, 40, 18, 54, 41, 29, 55, 56, 2, 38, 16, 57, 24, 42, 52, 48, 22, 50, 33, 12]
Run 28:
Best OCplx: 3.141488884731705
Best Sequence: [28, 40, 11, 21, 8, 25, 59, 15, 61, 17, 13, 5, 36, 56, 44, 49, 10, 47, 31, 9, 30, 46, 18, 16, 6, 57, 39, 34, 58, 27, 4, 54, 22, 60, 2, 14, 7, 35, 43, 23, 19, 48, 1, 37, 29, 53, 26, 32, 45, 55, 38, 20, 24, 33, 52, 41, 3, 42, 50, 51, 12]
Run 29:
Best OCplx: 4.5505520802306165
Best Sequence: [27, 21, 7, 36, 28, 8, 60, 10, 46, 25, 39, 44, 40, 17, 5, 9, 49, 15, 1, 58, 13, 59, 52, 22, 31, 47, 56, 43, 26, 35, 61, 54, 53, 48, 34, 45, 37, 14, 55, 6, 32, 29, 30, 23, 18, 12, 3, 24, 11, 16, 38, 41, 42, 19, 57, 2, 20, 4, 33, 50, 51]
Run 30:
Best OCplx: 2.7399993559449785
Best Sequence: [61, 36, 15, 10, 31, 5, 34, 46, 43, 25, 8, 49, 21, 28, 27, 14, 40, 60, 39, 59, 44, 29, 9, 35, 58, 37, 56, 13, 6, 54, 19, 53, 17, 11, 55, 4, 18, 23, 2, 47, 32, 24, 20, 7, 1, 48, 26, 51, 30, 16, 38, 22, 52, 45, 57, 42, 41, 3, 33, 50, 12]
UPDATE_GLOBAL_ITER: 20
GAMMA: 0.99
MAX_EP: 3000
thread_count: 3
RL: 0.0005
if_EWM: False

Mean: 3.5846
Min: 1.9429
Max: 5.8225
Std: 0.8894