Run 1:
Best OCplx: 2.2378453823739215
Best Sequence: [29, 57, 17, 64, 58, 12, 22, 31, 13, 24, 27, 32, 53, 49, 2, 28, 10, 41, 52, 15, 63, 54, 59, 48, 35, 37, 50, 34, 36, 19, 25, 26, 21, 42, 20, 3, 16, 1, 65, 44, 46, 14, 30, 60, 8, 23, 39, 33, 40, 7, 47, 43, 6, 55, 51, 45, 62, 11, 56, 61, 18, 38, 4, 5, 9]
Run 2:
Best OCplx: 2.298519645272411
Best Sequence: [58, 15, 35, 39, 10, 64, 7, 23, 60, 19, 14, 40, 63, 22, 34, 48, 30, 43, 13, 36, 54, 44, 8, 29, 20, 33, 49, 3, 42, 6, 27, 53, 47, 45, 11, 25, 28, 4, 21, 51, 41, 24, 65, 31, 32, 62, 9, 46, 61, 57, 37, 18, 12, 2, 16, 5, 52, 17, 1, 55, 59, 56, 38, 50, 26]
Run 3:
Best OCplx: 2.008757486741857
Best Sequence: [13, 14, 8, 63, 27, 19, 58, 5, 22, 32, 64, 33, 4, 26, 52, 21, 29, 61, 51, 62, 6, 10, 48, 56, 60, 18, 53, 2, 41, 23, 49, 57, 36, 30, 17, 65, 40, 7, 50, 31, 45, 43, 28, 9, 1, 15, 54, 12, 35, 16, 39, 3, 38, 47, 44, 59, 55, 25, 20, 34, 46, 37, 42, 11, 24]
Run 4:
Best OCplx: 2.202499398885331
Best Sequence: [24, 1, 54, 58, 14, 57, 13, 3, 25, 27, 53, 38, 39, 23, 37, 17, 41, 8, 32, 33, 56, 59, 10, 31, 2, 12, 40, 47, 4, 22, 16, 35, 7, 45, 49, 21, 19, 5, 15, 60, 9, 29, 30, 63, 11, 61, 42, 65, 51, 6, 44, 46, 62, 50, 55, 48, 36, 64, 43, 18, 28, 52, 26, 34, 20]
Run 5:
Best OCplx: 2.178909518331617
Best Sequence: [6, 14, 58, 10, 3, 27, 29, 16, 60, 2, 59, 19, 33, 39, 17, 5, 49, 56, 50, 41, 36, 12, 38, 22, 44, 47, 30, 62, 1, 40, 8, 13, 24, 7, 51, 15, 54, 48, 32, 20, 26, 35, 65, 31, 11, 43, 34, 45, 21, 63, 53, 37, 9, 55, 52, 28, 42, 18, 61, 25, 57, 64, 46, 23, 4]
Run 6:
Best OCplx: 2.1953746428212337
Best Sequence: [58, 63, 56, 42, 38, 33, 24, 59, 41, 51, 13, 7, 17, 35, 49, 50, 15, 40, 4, 54, 52, 22, 8, 44, 37, 53, 27, 3, 6, 65, 21, 61, 14, 12, 26, 29, 60, 47, 9, 1, 55, 39, 57, 31, 28, 48, 43, 20, 5, 34, 32, 11, 64, 30, 16, 18, 36, 62, 10, 2, 25, 19, 46, 45, 23]
Run 7:
Best OCplx: 2.248186871893812
Best Sequence: [14, 54, 8, 58, 16, 29, 27, 25, 5, 15, 62, 22, 4, 63, 59, 26, 61, 13, 10, 55, 35, 49, 42, 21, 39, 45, 41, 37, 46, 53, 47, 20, 40, 7, 51, 50, 9, 43, 3, 34, 19, 60, 48, 11, 2, 38, 65, 33, 64, 12, 6, 31, 57, 36, 18, 52, 56, 44, 24, 17, 32, 23, 28, 30, 1]
Run 8:
Best OCplx: 1.931825443594547
Best Sequence: [58, 17, 37, 50, 40, 54, 51, 61, 55, 45, 1, 4, 27, 13, 14, 59, 42, 22, 57, 28, 48, 62, 26, 31, 46, 32, 49, 3, 34, 38, 64, 63, 52, 60, 56, 65, 47, 36, 6, 11, 8, 43, 19, 15, 7, 23, 30, 10, 16, 25, 5, 2, 24, 53, 39, 12, 44, 29, 41, 9, 20, 21, 18, 35, 33]
Run 9:
Best OCplx: 2.335083923008191
Best Sequence: [7, 4, 58, 63, 64, 40, 9, 13, 24, 54, 65, 28, 15, 19, 26, 48, 61, 29, 23, 27, 37, 22, 51, 56, 10, 11, 52, 14, 53, 33, 34, 2, 3, 46, 41, 5, 38, 21, 47, 16, 20, 42, 50, 1, 35, 62, 49, 57, 43, 36, 31, 55, 59, 32, 6, 39, 12, 44, 60, 18, 30, 17, 25, 8, 45]
Run 10:
Best OCplx: 2.1229353844557752
Best Sequence: [58, 45, 19, 27, 14, 39, 50, 33, 54, 12, 55, 47, 37, 35, 56, 53, 41, 22, 3, 52, 62, 60, 1, 65, 17, 61, 25, 2, 26, 28, 31, 42, 49, 57, 16, 4, 13, 51, 34, 36, 43, 9, 20, 11, 21, 8, 40, 6, 18, 7, 44, 63, 24, 32, 30, 46, 15, 29, 10, 5, 23, 64, 38, 59, 48]
Run 11:
Best OCplx: 2.3522673134892496
Best Sequence: [36, 13, 2, 44, 65, 52, 56, 58, 27, 3, 34, 8, 35, 14, 43, 47, 62, 51, 31, 45, 22, 1, 23, 16, 49, 55, 54, 25, 61, 40, 11, 33, 18, 59, 32, 64, 21, 57, 53, 41, 50, 10, 5, 4, 9, 26, 17, 30, 28, 46, 7, 12, 29, 20, 60, 63, 39, 15, 48, 24, 6, 42, 19, 37, 38]
Run 12:
Best OCplx: 1.941624974039018
Best Sequence: [13, 62, 58, 22, 2, 27, 16, 8, 23, 47, 46, 19, 61, 34, 45, 35, 53, 59, 36, 65, 55, 50, 38, 39, 17, 42, 31, 49, 40, 24, 44, 54, 29, 7, 20, 33, 26, 41, 21, 1, 3, 51, 15, 28, 25, 9, 11, 43, 18, 4, 14, 10, 32, 5, 56, 30, 6, 63, 12, 48, 60, 57, 64, 52, 37]
Run 13:
Best OCplx: 2.149008229907822
Best Sequence: [51, 65, 10, 58, 42, 34, 3, 60, 1, 27, 43, 2, 25, 40, 26, 6, 15, 29, 64, 45, 14, 59, 22, 46, 21, 55, 24, 33, 7, 47, 62, 17, 39, 61, 13, 28, 32, 49, 4, 12, 16, 57, 36, 56, 41, 38, 37, 31, 48, 9, 53, 63, 18, 54, 44, 5, 52, 8, 19, 30, 50, 23, 11, 20, 35]
Run 14:
Best OCplx: 1.6669044340510009
Best Sequence: [27, 65, 15, 58, 13, 34, 36, 51, 59, 8, 22, 37, 25, 52, 32, 16, 26, 24, 39, 63, 33, 48, 7, 21, 54, 38, 6, 47, 55, 4, 45, 46, 57, 1, 60, 42, 30, 23, 20, 44, 9, 29, 41, 28, 64, 2, 17, 43, 14, 61, 19, 5, 62, 3, 40, 50, 31, 56, 10, 35, 12, 53, 18, 11, 49]
Run 15:
Best OCplx: 2.216101480625624
Best Sequence: [13, 30, 58, 9, 51, 29, 27, 16, 1, 8, 37, 60, 47, 22, 25, 12, 6, 48, 40, 59, 11, 24, 52, 32, 19, 63, 64, 4, 65, 55, 38, 45, 18, 10, 42, 33, 20, 53, 17, 39, 49, 44, 7, 2, 62, 34, 41, 28, 31, 57, 26, 15, 36, 54, 46, 35, 50, 61, 21, 43, 14, 56, 23, 5, 3]
Run 16:
Best OCplx: 2.371831747064132
Best Sequence: [60, 19, 24, 57, 14, 13, 17, 20, 12, 39, 8, 58, 46, 16, 28, 22, 40, 59, 61, 9, 15, 34, 10, 53, 6, 63, 29, 54, 7, 1, 5, 11, 56, 33, 27, 55, 31, 50, 18, 32, 38, 52, 23, 3, 21, 37, 30, 25, 47, 49, 43, 44, 64, 26, 42, 36, 35, 45, 51, 62, 2, 65, 4, 48, 41]
Run 17:
Best OCplx: 2.3637120885322673
Best Sequence: [58, 35, 62, 51, 17, 20, 44, 23, 28, 53, 9, 2, 22, 52, 21, 27, 65, 47, 50, 54, 40, 16, 31, 26, 13, 10, 61, 42, 25, 41, 57, 6, 19, 8, 33, 4, 29, 14, 56, 45, 39, 3, 55, 34, 48, 49, 12, 5, 11, 38, 7, 30, 32, 43, 36, 24, 60, 18, 15, 1, 59, 46, 37, 63, 64]
Run 18:
Best OCplx: 1.9907789042421595
Best Sequence: [2, 61, 58, 9, 45, 46, 17, 13, 14, 56, 6, 27, 26, 22, 57, 51, 12, 23, 47, 53, 34, 35, 48, 20, 3, 64, 25, 33, 28, 37, 8, 18, 40, 63, 1, 31, 36, 29, 49, 39, 42, 15, 24, 30, 54, 38, 10, 4, 44, 59, 43, 50, 52, 19, 60, 7, 62, 55, 11, 21, 16, 32, 5, 65, 41]
Run 19:
Best OCplx: 2.124157219816056
Best Sequence: [2, 58, 42, 27, 32, 1, 38, 61, 10, 17, 39, 14, 11, 3, 19, 29, 40, 12, 53, 51, 34, 65, 23, 56, 48, 21, 41, 24, 22, 4, 26, 13, 8, 7, 30, 36, 35, 60, 59, 45, 47, 28, 33, 57, 64, 55, 52, 31, 46, 20, 62, 37, 25, 44, 5, 6, 43, 50, 18, 63, 9, 54, 49, 15, 16]
Run 20:
Best OCplx: 2.225519964646439
Best Sequence: [58, 65, 38, 34, 61, 45, 50, 8, 24, 27, 33, 20, 52, 22, 49, 40, 23, 46, 30, 41, 35, 11, 7, 21, 56, 42, 17, 12, 28, 54, 62, 2, 32, 44, 18, 55, 47, 31, 14, 64, 53, 4, 10, 9, 57, 59, 3, 16, 37, 13, 51, 19, 25, 26, 60, 15, 43, 36, 6, 48, 39, 29, 1, 63, 5]
Run 21:
Best OCplx: 2.3608972003000743
Best Sequence: [58, 14, 26, 50, 62, 18, 30, 24, 49, 40, 16, 48, 15, 22, 21, 27, 5, 23, 54, 46, 42, 19, 61, 13, 33, 2, 12, 17, 10, 36, 1, 6, 56, 3, 43, 34, 47, 29, 44, 57, 53, 39, 60, 55, 38, 52, 31, 8, 64, 45, 41, 7, 9, 65, 59, 11, 28, 4, 32, 25, 63, 51, 37, 35, 20]
Run 22:
Best OCplx: 2.1509090373657678
Best Sequence: [16, 58, 32, 60, 3, 42, 27, 34, 28, 4, 31, 15, 48, 46, 43, 62, 17, 14, 61, 38, 6, 56, 5, 22, 1, 52, 21, 36, 57, 40, 2, 55, 7, 51, 63, 45, 26, 65, 35, 50, 47, 49, 19, 64, 10, 59, 13, 12, 24, 11, 54, 30, 25, 53, 39, 9, 44, 20, 8, 41, 18, 33, 29, 37, 23]
Run 23:
Best OCplx: 1.9812775742886817
Best Sequence: [23, 65, 16, 4, 58, 13, 61, 7, 32, 63, 19, 46, 30, 11, 36, 2, 60, 53, 10, 59, 9, 24, 14, 18, 6, 47, 52, 27, 38, 41, 50, 15, 22, 17, 8, 37, 1, 57, 64, 62, 44, 31, 51, 54, 49, 56, 35, 20, 43, 45, 28, 40, 42, 26, 25, 21, 29, 55, 48, 34, 39, 3, 12, 33, 5]
Run 24:
Best OCplx: 2.3365752195421297
Best Sequence: [29, 58, 27, 22, 8, 63, 43, 32, 50, 42, 26, 56, 14, 51, 45, 11, 19, 36, 12, 1, 30, 15, 16, 60, 41, 65, 24, 20, 53, 33, 35, 10, 46, 34, 61, 44, 40, 64, 2, 37, 31, 9, 47, 57, 25, 7, 3, 21, 6, 13, 5, 62, 59, 48, 18, 28, 39, 4, 52, 54, 17, 55, 38, 49, 23]
Run 25:
Best OCplx: 2.2682079095446794
Best Sequence: [14, 6, 58, 11, 22, 12, 48, 45, 41, 33, 64, 38, 65, 27, 46, 62, 34, 3, 32, 49, 63, 52, 36, 51, 9, 47, 60, 1, 39, 25, 28, 53, 21, 23, 26, 37, 59, 19, 43, 35, 13, 42, 40, 44, 30, 50, 10, 7, 20, 16, 15, 61, 17, 4, 5, 8, 31, 54, 55, 2, 24, 57, 56, 29, 18]
Run 26:
Best OCplx: 2.1217657408221293
Best Sequence: [58, 51, 44, 13, 64, 16, 24, 42, 57, 10, 22, 2, 25, 36, 1, 17, 37, 46, 35, 41, 8, 32, 18, 39, 45, 53, 38, 14, 7, 54, 19, 55, 33, 40, 65, 5, 63, 56, 47, 9, 30, 28, 29, 49, 48, 59, 21, 27, 4, 12, 60, 26, 61, 3, 23, 34, 6, 15, 20, 52, 31, 43, 50, 11, 62]
Run 27:
Best OCplx: 2.0665686746982894
Best Sequence: [24, 58, 63, 22, 15, 32, 43, 29, 62, 36, 65, 57, 23, 48, 40, 52, 27, 33, 17, 14, 3, 37, 59, 1, 47, 51, 45, 34, 53, 5, 46, 9, 11, 60, 56, 54, 12, 31, 26, 25, 13, 16, 19, 20, 41, 50, 18, 38, 64, 42, 44, 61, 8, 28, 30, 35, 7, 49, 10, 6, 21, 39, 2, 4, 55]
Run 28:
Best OCplx: 2.293562520914025
Best Sequence: [65, 58, 55, 20, 24, 15, 13, 52, 53, 42, 54, 4, 38, 39, 27, 30, 12, 37, 17, 29, 35, 31, 28, 40, 14, 62, 59, 45, 47, 51, 36, 32, 2, 63, 1, 25, 61, 33, 43, 48, 3, 10, 22, 57, 16, 41, 56, 6, 23, 64, 18, 26, 50, 49, 60, 34, 46, 7, 8, 11, 44, 9, 21, 5, 19]
Run 29:
Best OCplx: 2.3504074363695735
Best Sequence: [58, 28, 40, 27, 11, 15, 53, 54, 64, 36, 4, 34, 13, 12, 33, 30, 32, 2, 52, 9, 24, 44, 42, 48, 19, 60, 29, 35, 22, 3, 17, 56, 10, 59, 45, 41, 37, 20, 49, 61, 63, 39, 16, 23, 46, 6, 31, 62, 55, 38, 51, 65, 25, 57, 7, 47, 21, 50, 8, 1, 26, 14, 18, 43, 5]
Run 30:
Best OCplx: 2.1157687616734795
Best Sequence: [12, 27, 11, 58, 14, 36, 35, 64, 40, 65, 60, 1, 56, 44, 34, 25, 4, 37, 22, 53, 38, 21, 61, 13, 48, 10, 26, 28, 19, 8, 62, 47, 52, 54, 55, 39, 9, 33, 42, 45, 29, 49, 7, 2, 51, 41, 23, 3, 30, 63, 18, 6, 43, 15, 57, 32, 46, 50, 59, 31, 16, 5, 20, 17, 24]
UPDATE_GLOBAL_ITER: 200
GAMMA: 0.99
MAX_EP: 3000
thread_count: 3
RL: 5e-05
if_EWM: True

