Run 1:
Best OCplx: 0.35192086371105313
Best Sequence: [11, 16, 23, 8, 12, 9, 18, 20, 1, 10, 7, 4, 13, 21, 17, 5, 2, 6, 22, 3, 19, 15, 14]
Run 2:
Best OCplx: 0.40606253505121515
Best Sequence: [9, 11, 10, 23, 12, 8, 13, 22, 7, 6, 19, 20, 1, 21, 18, 4, 16, 14, 5, 2, 17, 3, 15]
Run 3:
Best OCplx: 0.2895950513180707
Best Sequence: [21, 9, 12, 11, 18, 19, 6, 22, 4, 17, 1, 20, 13, 10, 16, 5, 23, 8, 7, 2, 3, 14, 15]
Run 4:
Best OCplx: 0.5873742436889617
Best Sequence: [11, 18, 12, 6, 1, 7, 9, 4, 22, 8, 5, 19, 2, 16, 10, 13, 3, 20, 15, 21, 23, 14, 17]
Run 5:
Best OCplx: 0.2707083567008101
Best Sequence: [19, 21, 1, 9, 13, 18, 20, 12, 7, 16, 11, 17, 10, 5, 8, 6, 22, 23, 4, 2, 3, 15, 14]
Run 6:
Best OCplx: 0.35192086371105313
Best Sequence: [1, 18, 21, 13, 8, 22, 12, 6, 17, 9, 11, 5, 7, 10, 4, 2, 23, 16, 19, 20, 3, 15, 14]
Run 7:
Best OCplx: 0.5143458777315392
Best Sequence: [8, 9, 12, 11, 13, 7, 5, 4, 22, 19, 17, 1, 10, 20, 18, 21, 6, 2, 3, 14, 23, 16, 15]
Run 8:
Best OCplx: 0.35192086371105313
Best Sequence: [8, 16, 19, 13, 9, 21, 6, 11, 18, 7, 17, 1, 12, 4, 5, 20, 23, 2, 3, 15, 10, 22, 14]
Run 9:
Best OCplx: 0.45202006533855665
Best Sequence: [7, 21, 22, 11, 23, 9, 6, 16, 12, 13, 5, 1, 4, 17, 10, 18, 20, 2, 19, 8, 3, 15, 14]
Run 10:
Best OCplx: 0.34373672265823263
Best Sequence: [6, 11, 7, 13, 17, 20, 10, 21, 12, 1, 9, 16, 19, 4, 23, 5, 8, 22, 2, 18, 3, 15, 14]
Run 11:
Best OCplx: 0.2707083567008101
Best Sequence: [21, 11, 23, 16, 7, 10, 1, 18, 12, 9, 5, 19, 17, 4, 2, 8, 6, 13, 3, 14, 22, 20, 15]
Run 12:
Best OCplx: 0.5061617366787188
Best Sequence: [11, 6, 8, 12, 10, 18, 1, 16, 21, 13, 7, 15, 17, 14, 23, 19, 20, 9, 4, 5, 2, 3, 22]
Run 13:
Best OCplx: 0.43313337072129615
Best Sequence: [12, 14, 1, 16, 21, 9, 17, 4, 11, 18, 10, 20, 8, 6, 7, 19, 5, 23, 22, 13, 2, 3, 15]
Run 14:
Best OCplx: 0.4790909010086377
Best Sequence: [22, 18, 13, 20, 7, 12, 21, 11, 10, 9, 1, 17, 6, 23, 4, 16, 5, 14, 2, 8, 3, 19, 15]
Run 15:
Best OCplx: 0.46020420639137716
Best Sequence: [11, 1, 7, 21, 18, 9, 22, 10, 8, 20, 16, 19, 6, 12, 4, 23, 13, 17, 5, 14, 2, 3, 15]
Run 16:
Best OCplx: 0.39787839399839464
Best Sequence: [13, 11, 1, 22, 9, 19, 10, 6, 21, 7, 12, 8, 5, 4, 17, 20, 2, 18, 14, 3, 23, 16, 15]
Run 17:
Best OCplx: 0.4249492296684757
Best Sequence: [17, 7, 16, 21, 11, 22, 9, 10, 12, 23, 1, 19, 5, 4, 13, 14, 2, 6, 18, 8, 3, 15, 20]
Run 18:
Best OCplx: 0.3248500280409721
Best Sequence: [21, 18, 16, 9, 8, 11, 22, 12, 17, 6, 1, 13, 4, 10, 14, 5, 19, 23, 2, 20, 3, 7, 15]
Run 19:
Best OCplx: 0.3248500280409721
Best Sequence: [11, 23, 12, 8, 9, 19, 1, 18, 16, 10, 4, 17, 7, 5, 2, 21, 22, 6, 13, 3, 15, 20, 14]
Run 20:
Best OCplx: 0.5029371623712384
Best Sequence: [13, 21, 12, 17, 18, 8, 22, 10, 9, 6, 14, 1, 4, 11, 23, 19, 7, 16, 5, 2, 20, 3, 15]
Run 21:
Best OCplx: 0.48979345457307777
Best Sequence: [1, 11, 7, 21, 12, 6, 8, 10, 4, 17, 9, 19, 16, 5, 2, 14, 13, 3, 15, 22, 20, 18, 23]
Run 22:
Best OCplx: 0.35192086371105313
Best Sequence: [20, 21, 19, 13, 22, 16, 12, 11, 10, 1, 7, 17, 9, 5, 23, 18, 4, 8, 14, 2, 6, 3, 15]
Run 23:
Best OCplx: 0.2895950513180707
Best Sequence: [1, 12, 11, 9, 22, 13, 18, 21, 4, 10, 23, 5, 19, 7, 2, 6, 17, 16, 8, 3, 20, 15, 14]
Run 24:
Best OCplx: 0.35192086371105313
Best Sequence: [12, 8, 18, 7, 22, 17, 13, 9, 11, 19, 10, 21, 16, 23, 14, 6, 1, 5, 4, 20, 2, 3, 15]
Run 25:
Best OCplx: 0.3248500280409721
Best Sequence: [12, 16, 9, 11, 10, 19, 22, 18, 13, 1, 4, 23, 5, 17, 2, 20, 7, 21, 8, 6, 3, 14, 15]
Run 26:
Best OCplx: 0.43313337072129615
Best Sequence: [1, 9, 11, 16, 17, 8, 19, 21, 12, 15, 6, 22, 20, 10, 23, 5, 4, 13, 2, 7, 3, 18, 14]
Run 27:
Best OCplx: 0.35192086371105313
Best Sequence: [8, 12, 11, 9, 23, 21, 17, 7, 13, 22, 20, 19, 4, 16, 1, 18, 14, 6, 10, 5, 2, 3, 15]
Run 28:
Best OCplx: 0.2625242156479896
Best Sequence: [21, 6, 17, 11, 23, 13, 7, 10, 1, 16, 12, 8, 9, 5, 4, 2, 18, 22, 3, 15, 20, 14, 19]
Run 29:
Best OCplx: 0.4602042063913772
Best Sequence: [19, 9, 8, 18, 7, 11, 17, 13, 6, 16, 10, 12, 21, 4, 23, 1, 5, 15, 20, 22, 2, 3, 14]
Run 30:
Best OCplx: 0.4167650886156552
Best Sequence: [22, 12, 11, 10, 7, 4, 5, 17, 23, 9, 19, 1, 2, 18, 16, 13, 8, 14, 6, 3, 21, 15, 20]
