Run 1:
Best OCplx: 2.2990191679939382
Best Sequence: [17, 20, 16, 1, 2, 5, 7, 6, 4, 21, 3, 18, 19, 8, 9, 10, 14, 11, 13, 15, 12]
Run 2:
Best OCplx: 2.4098392345685804
Best Sequence: [7, 17, 18, 20, 19, 5, 16, 2, 4, 6, 3, 21, 1, 8, 9, 10, 11, 14, 15, 13, 12]
Run 3:
Best OCplx: 2.2990191679939382
Best Sequence: [20, 7, 17, 6, 16, 2, 3, 19, 21, 18, 1, 4, 5, 8, 9, 10, 11, 14, 15, 13, 12]
Run 4:
Best OCplx: 2.464288525549237
Best Sequence: [19, 16, 20, 8, 1, 3, 17, 7, 5, 4, 6, 2, 21, 18, 9, 10, 11, 14, 13, 15, 12]
Run 5:
Best OCplx: 2.204348522715259
Best Sequence: [16, 17, 6, 7, 2, 20, 19, 8, 21, 4, 18, 5, 3, 1, 9, 10, 11, 14, 15, 12, 13]
Run 6:
Best OCplx: 2.3566260779798647
Best Sequence: [17, 2, 7, 21, 20, 16, 18, 6, 4, 3, 19, 5, 1, 8, 9, 10, 11, 14, 13, 15, 12]
Run 7:
Best OCplx: 2.204348522715259
Best Sequence: [20, 19, 21, 18, 16, 7, 17, 6, 4, 1, 5, 2, 3, 8, 9, 10, 14, 11, 12, 13, 15]
Run 8:
Best OCplx: 2.3566260779798647
Best Sequence: [17, 7, 21, 2, 4, 6, 20, 3, 16, 1, 18, 19, 8, 5, 9, 10, 11, 14, 13, 15, 12]
Run 9:
Best OCplx: 2.2990191679939382
Best Sequence: [17, 4, 16, 2, 20, 6, 8, 19, 5, 7, 18, 21, 3, 1, 9, 10, 11, 14, 15, 12, 13]
Run 10:
Best OCplx: 2.5441691774124404
Best Sequence: [20, 6, 7, 17, 4, 19, 16, 2, 18, 21, 9, 3, 8, 5, 1, 10, 11, 14, 12, 15, 13]
Run 11:
Best OCplx: 2.315168589289901
Best Sequence: [16, 7, 2, 18, 20, 21, 6, 17, 3, 4, 19, 5, 1, 8, 9, 10, 14, 11, 13, 12, 15]
Run 12:
Best OCplx: 2.558959170827916
Best Sequence: [3, 17, 20, 19, 4, 6, 16, 5, 8, 2, 21, 18, 1, 7, 9, 10, 14, 11, 13, 15, 12]
Run 13:
Best OCplx: 2.2990191679939382
Best Sequence: [17, 21, 20, 16, 7, 8, 6, 9, 2, 18, 1, 4, 5, 19, 3, 10, 15, 11, 14, 13, 12]
Run 14:
Best OCplx: 2.3566260779798647
Best Sequence: [2, 20, 21, 3, 18, 6, 7, 17, 16, 8, 19, 4, 5, 1, 9, 10, 11, 12, 13, 15, 14]
Run 15:
Best OCplx: 2.319562342687112
Best Sequence: [6, 20, 1, 16, 17, 7, 21, 2, 19, 18, 3, 5, 8, 4, 9, 10, 11, 14, 13, 15, 12]
Run 16:
Best OCplx: 2.204348522715259
Best Sequence: [20, 16, 18, 2, 6, 7, 17, 5, 4, 1, 3, 21, 19, 8, 9, 10, 11, 14, 15, 13, 12]
Run 17:
Best OCplx: 2.558959170827916
Best Sequence: [3, 21, 17, 20, 6, 16, 1, 2, 4, 19, 5, 7, 18, 8, 9, 10, 11, 14, 15, 12, 13]
Run 18:
Best OCplx: 2.353468458974594
Best Sequence: [20, 16, 6, 3, 7, 2, 17, 21, 4, 19, 1, 18, 8, 5, 9, 10, 11, 14, 15, 13, 12]
Run 19:
Best OCplx: 2.4259886558645434
Best Sequence: [20, 6, 16, 18, 5, 7, 17, 2, 4, 19, 3, 21, 1, 8, 9, 10, 14, 11, 15, 12, 13]
Run 20:
Best OCplx: 2.4098392345685804
Best Sequence: [17, 18, 6, 20, 5, 16, 1, 7, 2, 21, 4, 19, 3, 8, 9, 10, 11, 14, 13, 15, 12]
Run 21:
Best OCplx: 2.4098392345685804
Best Sequence: [17, 16, 18, 2, 20, 4, 5, 19, 3, 21, 1, 6, 8, 7, 9, 10, 14, 11, 15, 13, 12]
Run 22:
Best OCplx: 2.464288525549237
Best Sequence: [16, 18, 20, 17, 1, 7, 19, 6, 4, 3, 2, 5, 21, 8, 9, 10, 11, 14, 15, 13, 12]
Run 23:
Best OCplx: 2.2619554327011855
Best Sequence: [6, 7, 2, 16, 17, 4, 21, 20, 19, 3, 1, 18, 5, 8, 9, 10, 11, 14, 12, 13, 15]
Run 24:
Best OCplx: 2.2990191679939382
Best Sequence: [17, 16, 21, 20, 19, 1, 18, 6, 7, 2, 5, 4, 3, 8, 9, 10, 14, 11, 12, 15, 13]
Run 25:
Best OCplx: 2.353468458974594
Best Sequence: [16, 20, 3, 17, 19, 18, 2, 7, 4, 6, 21, 5, 8, 9, 1, 10, 14, 11, 15, 12, 13]
Run 26:
Best OCplx: 2.204348522715259
Best Sequence: [16, 2, 6, 20, 19, 3, 17, 7, 5, 18, 4, 21, 1, 8, 9, 10, 13, 14, 11, 12, 15]
Run 27:
Best OCplx: 2.2990191679939382
Best Sequence: [17, 16, 20, 8, 5, 2, 21, 3, 9, 1, 7, 4, 18, 19, 6, 10, 14, 11, 13, 15, 12]
Run 28:
Best OCplx: 2.3566260779798647
Best Sequence: [21, 7, 20, 18, 19, 17, 4, 2, 16, 8, 5, 6, 1, 9, 3, 10, 11, 14, 13, 15, 12]
Run 29:
Best OCplx: 2.204348522715259
Best Sequence: [16, 2, 6, 17, 21, 20, 19, 1, 5, 7, 3, 18, 8, 9, 4, 10, 12, 11, 14, 15, 13]
Run 30:
Best OCplx: 2.353468458974594
Best Sequence: [20, 16, 17, 4, 7, 3, 8, 21, 2, 5, 19, 18, 9, 1, 6, 10, 11, 14, 15, 12, 13]
Learning Rate: 1e-05
Epsilon: 0.1
Gamma: 0.99
Reward Version: v2.1
if_EWM: True
