Run 1:
Best OCplx: 4.187582194845204
Best Sequence: [8, 44, 49, 21, 47, 16, 54, 15, 14, 46, 25, 2, 59, 7, 28, 36, 57, 9, 17, 26, 22, 24, 23, 27, 30, 39, 10, 48, 43, 56, 40, 11, 13, 55, 58, 3, 31, 6, 60, 19, 41, 1, 34, 61, 5, 37, 18, 45, 20, 35, 4, 29, 53, 32, 38, 52, 33, 50, 12, 51, 42]
Run 2:
Best OCplx: 6.6961503042832895
Best Sequence: [21, 25, 23, 14, 15, 43, 46, 6, 44, 58, 40, 1, 54, 32, 10, 26, 61, 4, 37, 47, 53, 59, 52, 35, 13, 8, 31, 7, 24, 56, 17, 57, 18, 39, 22, 60, 34, 11, 29, 36, 19, 45, 30, 5, 9, 55, 20, 16, 41, 2, 3, 27, 48, 42, 28, 49, 51, 12, 33, 50, 38]
Run 3:
Best OCplx: 6.268164399739155
Best Sequence: [21, 30, 48, 44, 61, 4, 54, 25, 57, 39, 24, 11, 5, 9, 16, 8, 56, 15, 23, 60, 43, 45, 26, 28, 31, 17, 41, 1, 2, 19, 36, 27, 37, 40, 49, 34, 47, 14, 46, 32, 18, 20, 58, 22, 29, 7, 55, 13, 35, 59, 3, 6, 42, 51, 12, 50, 38, 10, 33, 52, 53]
Run 4:
Best OCplx: 4.7908225547457715
Best Sequence: [21, 48, 5, 32, 46, 9, 13, 24, 10, 23, 28, 35, 47, 11, 30, 25, 8, 31, 49, 60, 4, 29, 36, 43, 41, 56, 37, 26, 59, 45, 3, 34, 6, 27, 61, 15, 44, 17, 58, 57, 7, 54, 55, 33, 1, 19, 39, 22, 18, 42, 14, 40, 2, 16, 20, 38, 53, 50, 52, 51, 12]
Run 5:
Best OCplx: 5.938947162250795
Best Sequence: [31, 60, 21, 46, 37, 29, 17, 13, 49, 45, 8, 57, 24, 22, 9, 2, 18, 7, 16, 40, 6, 53, 59, 27, 26, 47, 28, 10, 4, 15, 54, 36, 5, 25, 44, 32, 34, 43, 19, 39, 1, 58, 30, 38, 35, 14, 33, 11, 20, 41, 56, 52, 55, 48, 42, 51, 61, 23, 12, 3, 50]
Run 6:
Best OCplx: 4.430479834719337
Best Sequence: [60, 46, 20, 8, 47, 15, 21, 13, 10, 57, 18, 22, 28, 43, 44, 36, 6, 54, 16, 58, 40, 48, 29, 7, 24, 39, 31, 27, 1, 23, 26, 14, 9, 5, 53, 4, 59, 45, 34, 25, 35, 49, 37, 41, 30, 19, 56, 55, 11, 32, 2, 50, 3, 61, 33, 42, 17, 38, 52, 51, 12]
Run 7:
Best OCplx: 6.041478944495658
Best Sequence: [21, 40, 37, 17, 24, 5, 35, 8, 46, 45, 30, 60, 31, 11, 7, 48, 53, 23, 16, 49, 19, 57, 29, 61, 13, 58, 25, 39, 9, 54, 14, 27, 59, 4, 10, 36, 52, 41, 18, 32, 56, 15, 28, 26, 22, 44, 38, 47, 43, 2, 6, 55, 33, 12, 20, 50, 3, 51, 34, 42, 1]
Run 8:
Best OCplx: 9.125376818495301
Best Sequence: [21, 17, 24, 25, 14, 58, 30, 8, 2, 60, 9, 1, 47, 39, 31, 53, 6, 59, 27, 54, 13, 40, 5, 48, 35, 22, 26, 18, 41, 3, 15, 49, 4, 34, 19, 11, 28, 45, 29, 44, 10, 36, 23, 57, 16, 7, 61, 43, 46, 56, 38, 20, 42, 33, 55, 52, 51, 37, 32, 12, 50]
Run 9:
Best OCplx: 6.649006198414544
Best Sequence: [34, 41, 8, 28, 56, 21, 4, 18, 46, 54, 47, 36, 40, 60, 43, 27, 16, 23, 58, 9, 53, 10, 39, 30, 17, 1, 61, 11, 2, 44, 35, 31, 57, 6, 14, 19, 7, 20, 26, 5, 25, 48, 24, 3, 29, 45, 37, 13, 49, 59, 22, 15, 55, 51, 12, 32, 42, 33, 50, 52, 38]
Run 10:
Best OCplx: 6.800486891711638
Best Sequence: [21, 35, 17, 31, 57, 14, 46, 34, 13, 41, 2, 43, 45, 10, 22, 37, 59, 9, 48, 60, 4, 7, 28, 61, 23, 44, 16, 8, 39, 29, 27, 24, 49, 1, 15, 6, 40, 19, 30, 5, 56, 11, 36, 25, 54, 18, 26, 58, 52, 55, 33, 38, 32, 12, 53, 42, 3, 50, 20, 47, 51]
Run 11:
Best OCplx: 5.878072001642671
Best Sequence: [8, 40, 59, 10, 21, 15, 57, 17, 37, 13, 16, 14, 18, 22, 7, 9, 35, 61, 56, 26, 43, 45, 49, 36, 2, 25, 5, 19, 46, 31, 6, 39, 41, 34, 48, 60, 24, 27, 11, 58, 4, 47, 30, 53, 32, 3, 23, 1, 20, 28, 12, 29, 55, 51, 42, 38, 54, 33, 44, 52, 50]
Run 12:
Best OCplx: 4.954850917043353
Best Sequence: [21, 13, 36, 8, 48, 22, 47, 60, 30, 10, 28, 4, 46, 17, 5, 58, 43, 39, 27, 14, 1, 49, 19, 15, 25, 2, 9, 61, 35, 41, 59, 26, 6, 34, 24, 18, 56, 44, 57, 53, 32, 20, 45, 40, 7, 16, 31, 23, 11, 29, 54, 52, 37, 33, 55, 42, 12, 3, 51, 50, 38]
Run 13:
Best OCplx: 8.28050327137681
Best Sequence: [8, 61, 43, 40, 31, 41, 54, 39, 21, 25, 4, 60, 9, 47, 23, 18, 48, 27, 57, 17, 10, 14, 49, 11, 6, 26, 28, 2, 29, 15, 5, 16, 56, 59, 13, 24, 22, 45, 37, 53, 36, 1, 19, 20, 3, 34, 44, 35, 7, 58, 30, 38, 46, 32, 55, 42, 33, 50, 51, 52, 12]
Run 14:
Best OCplx: 6.572427392326491
Best Sequence: [31, 61, 35, 9, 5, 39, 21, 15, 23, 8, 7, 34, 6, 49, 59, 29, 58, 4, 17, 27, 57, 43, 36, 14, 40, 60, 10, 46, 48, 25, 41, 45, 22, 54, 11, 37, 30, 13, 16, 47, 2, 3, 52, 19, 44, 24, 56, 26, 18, 53, 28, 1, 51, 55, 32, 20, 42, 33, 50, 38, 12]
Run 15:
Best OCplx: 5.963601240350385
Best Sequence: [61, 21, 29, 53, 59, 40, 26, 48, 60, 25, 4, 45, 49, 27, 31, 19, 22, 13, 7, 58, 35, 46, 16, 43, 36, 15, 57, 44, 11, 2, 24, 23, 9, 17, 47, 8, 1, 18, 54, 10, 41, 37, 5, 56, 55, 14, 39, 32, 20, 38, 52, 34, 51, 12, 28, 3, 6, 30, 50, 33, 42]
Run 16:
Best OCplx: 7.088584954551247
Best Sequence: [8, 57, 21, 27, 45, 10, 56, 58, 48, 29, 54, 19, 35, 23, 22, 14, 41, 46, 31, 17, 44, 16, 43, 25, 53, 2, 40, 49, 59, 55, 5, 7, 47, 61, 28, 4, 6, 1, 9, 24, 38, 13, 39, 60, 34, 30, 15, 18, 11, 3, 33, 32, 42, 52, 37, 26, 36, 51, 20, 12, 50]
Run 17:
Best OCplx: 7.037042358597301
Best Sequence: [34, 57, 31, 60, 56, 21, 11, 47, 3, 28, 8, 58, 5, 43, 35, 22, 25, 14, 36, 40, 19, 4, 7, 37, 10, 45, 61, 54, 29, 41, 44, 18, 48, 17, 24, 46, 30, 16, 53, 26, 6, 1, 55, 49, 59, 23, 13, 9, 15, 27, 39, 32, 42, 38, 33, 50, 20, 51, 2, 12, 52]
Run 18:
Best OCplx: 6.412539185391622
Best Sequence: [27, 21, 60, 47, 8, 10, 31, 22, 13, 57, 41, 61, 25, 28, 39, 30, 43, 26, 6, 29, 54, 35, 9, 1, 46, 4, 37, 56, 15, 14, 18, 36, 17, 19, 48, 7, 5, 45, 49, 23, 16, 34, 53, 59, 52, 24, 33, 44, 40, 55, 32, 38, 11, 2, 51, 42, 20, 12, 58, 50, 3]
Run 19:
Best OCplx: 5.002023946585994
Best Sequence: [21, 15, 44, 13, 49, 56, 61, 18, 45, 47, 58, 41, 8, 25, 60, 43, 57, 30, 53, 36, 46, 54, 27, 22, 39, 26, 28, 48, 5, 9, 59, 19, 4, 35, 40, 17, 34, 37, 10, 2, 14, 16, 31, 24, 7, 32, 55, 11, 12, 51, 38, 23, 6, 50, 29, 1, 20, 52, 42, 33, 3]
Run 20:
Best OCplx: 5.862225398262567
Best Sequence: [48, 15, 49, 9, 46, 17, 60, 5, 36, 21, 26, 7, 30, 14, 59, 43, 10, 2, 8, 6, 35, 56, 61, 32, 54, 25, 57, 53, 47, 55, 31, 13, 20, 58, 11, 16, 39, 45, 40, 41, 4, 44, 12, 22, 37, 34, 18, 3, 24, 28, 52, 23, 27, 42, 29, 19, 38, 51, 1, 33, 50]
Run 21:
Best OCplx: 4.630586182449031
Best Sequence: [19, 53, 44, 39, 59, 21, 5, 25, 46, 49, 30, 8, 37, 47, 31, 13, 36, 56, 54, 60, 26, 23, 22, 17, 7, 6, 58, 29, 14, 41, 45, 4, 32, 3, 2, 15, 43, 48, 40, 24, 27, 9, 61, 10, 57, 28, 11, 35, 34, 16, 18, 55, 38, 1, 20, 50, 42, 33, 52, 51, 12]
Run 22:
Best OCplx: 7.346459343050923
Best Sequence: [21, 19, 34, 46, 58, 31, 35, 47, 49, 44, 41, 4, 9, 11, 56, 8, 59, 28, 6, 26, 48, 14, 43, 57, 3, 1, 45, 39, 16, 53, 25, 37, 17, 27, 22, 30, 5, 13, 15, 2, 36, 10, 24, 33, 40, 7, 32, 61, 38, 54, 20, 51, 52, 18, 60, 29, 55, 50, 12, 23, 42]
Run 23:
Best OCplx: 5.303041200960165
Best Sequence: [58, 46, 44, 21, 34, 17, 32, 56, 8, 15, 29, 57, 47, 28, 45, 14, 35, 24, 26, 18, 37, 23, 30, 59, 60, 39, 31, 5, 49, 40, 41, 54, 10, 11, 36, 43, 48, 4, 27, 25, 6, 53, 13, 7, 16, 2, 9, 19, 61, 20, 3, 22, 1, 42, 51, 38, 55, 33, 50, 12, 52]
Run 24:
Best OCplx: 7.19912762111991
Best Sequence: [37, 21, 28, 9, 30, 41, 46, 7, 31, 57, 54, 26, 25, 17, 44, 23, 10, 45, 56, 8, 34, 1, 11, 49, 18, 24, 36, 15, 13, 58, 40, 61, 19, 22, 47, 59, 35, 16, 12, 5, 48, 43, 27, 60, 29, 6, 53, 32, 3, 14, 55, 33, 20, 42, 4, 50, 39, 2, 52, 38, 51]
Run 25:
Best OCplx: 5.557812479300422
Best Sequence: [9, 31, 60, 46, 6, 35, 13, 28, 5, 21, 61, 52, 8, 54, 18, 53, 58, 7, 24, 11, 40, 17, 39, 59, 45, 30, 27, 25, 16, 4, 41, 19, 1, 48, 57, 47, 32, 29, 34, 37, 15, 10, 44, 56, 49, 36, 23, 33, 43, 55, 22, 38, 20, 2, 14, 26, 3, 42, 51, 12, 50]
Run 26:
Best OCplx: 5.47233794507189
Best Sequence: [47, 21, 48, 5, 34, 8, 30, 40, 44, 18, 9, 22, 46, 16, 15, 55, 10, 17, 35, 54, 2, 19, 53, 7, 6, 23, 58, 31, 24, 60, 14, 56, 4, 37, 29, 36, 27, 61, 32, 39, 43, 28, 45, 38, 57, 11, 59, 42, 41, 13, 26, 20, 52, 33, 50, 12, 3, 25, 49, 1, 51]
Run 27:
Best OCplx: 5.829926433395332
Best Sequence: [21, 46, 32, 8, 26, 48, 29, 7, 37, 27, 15, 41, 30, 6, 47, 58, 16, 43, 52, 28, 53, 34, 44, 49, 9, 54, 5, 40, 36, 24, 56, 45, 39, 61, 18, 23, 14, 19, 10, 55, 22, 35, 25, 13, 11, 4, 17, 31, 60, 1, 20, 42, 57, 2, 51, 12, 38, 3, 50, 33, 59]
Run 28:
Best OCplx: 5.59666495985817
Best Sequence: [40, 21, 8, 10, 6, 17, 1, 37, 30, 4, 58, 18, 28, 16, 11, 48, 45, 35, 27, 34, 22, 36, 57, 9, 60, 14, 23, 41, 49, 44, 19, 13, 5, 46, 56, 59, 15, 43, 2, 32, 7, 26, 25, 53, 54, 47, 31, 3, 29, 61, 24, 39, 20, 55, 51, 50, 52, 33, 38, 42, 12]
Run 29:
Best OCplx: 4.961352854767279
Best Sequence: [39, 36, 18, 8, 21, 59, 6, 26, 43, 44, 49, 4, 54, 60, 46, 58, 2, 57, 30, 31, 47, 17, 35, 29, 25, 19, 24, 41, 11, 40, 1, 10, 9, 56, 37, 45, 15, 7, 5, 61, 48, 27, 3, 13, 28, 14, 20, 55, 34, 53, 22, 32, 38, 16, 52, 23, 51, 12, 50, 33, 42]
Run 30:
Best OCplx: 7.335370271609433
Best Sequence: [49, 40, 41, 21, 5, 59, 31, 27, 48, 14, 36, 19, 47, 23, 4, 39, 53, 8, 9, 61, 17, 10, 30, 6, 29, 34, 28, 60, 45, 24, 15, 56, 54, 13, 18, 7, 52, 16, 25, 2, 43, 46, 55, 33, 42, 37, 1, 11, 35, 22, 44, 58, 26, 32, 3, 57, 50, 20, 38, 12, 51]
Learning Rate: 1e-05
Epsilon: 0.15
Gamma: 0.99
Target Update: 50
Memory Capacity: 20000
Batch Size: 128
if_EWM: True

Mean: 6.1071
Min: 4.1876
Max: 9.1254
Std: 1.1177