Run 1:
Best OCplx: 5.777941517401962
Best Sequence: [20, 31, 11, 43, 14, 16, 15, 44, 10, 18, 8, 22, 9, 39, 12, 41, 1, 25, 13, 36, 33, 17, 37, 38, 28, 42, 5, 7, 6, 32, 19, 34, 4, 40, 29, 21, 2, 26, 30, 27, 35, 45, 24, 3, 23]
Run 2:
Best OCplx: 5.8555640994617955
Best Sequence: [9, 1, 15, 20, 7, 13, 18, 12, 14, 28, 8, 19, 22, 10, 11, 36, 16, 38, 33, 39, 17, 44, 25, 6, 37, 42, 31, 5, 41, 43, 32, 40, 27, 34, 29, 4, 21, 2, 26, 30, 35, 45, 3, 23, 24]
Run 3:
Best OCplx: 5.6792096618754435
Best Sequence: [18, 10, 31, 13, 37, 20, 14, 17, 5, 8, 15, 36, 16, 42, 25, 1, 43, 38, 22, 7, 32, 39, 19, 9, 33, 11, 12, 44, 28, 6, 34, 21, 41, 4, 40, 29, 2, 35, 26, 30, 27, 45, 3, 23, 24]
Run 4:
Best OCplx: 5.542639609241859
Best Sequence: [42, 13, 36, 25, 20, 1, 18, 5, 28, 38, 39, 17, 8, 31, 37, 22, 43, 19, 29, 12, 11, 33, 15, 16, 9, 10, 14, 32, 44, 7, 34, 41, 40, 6, 4, 2, 21, 27, 35, 26, 30, 3, 45, 24, 23]
Run 5:
Best OCplx: 5.676492166336695
Best Sequence: [15, 18, 16, 20, 8, 14, 17, 25, 10, 36, 42, 19, 37, 43, 13, 31, 12, 33, 1, 44, 11, 34, 9, 28, 39, 22, 38, 5, 7, 41, 6, 32, 29, 40, 21, 4, 2, 27, 26, 30, 3, 35, 23, 45, 24]
Run 6:
Best OCplx: 6.041713160943443
Best Sequence: [31, 36, 20, 15, 13, 37, 1, 9, 18, 17, 11, 33, 14, 22, 10, 8, 5, 19, 39, 38, 12, 16, 44, 28, 7, 4, 25, 32, 43, 42, 29, 34, 41, 6, 40, 21, 2, 30, 26, 27, 35, 3, 45, 23, 24]
Run 7:
Best OCplx: 5.426423016120385
Best Sequence: [5, 20, 13, 10, 15, 16, 22, 7, 18, 1, 11, 12, 38, 36, 17, 43, 37, 9, 42, 31, 8, 25, 33, 39, 19, 44, 32, 14, 28, 4, 6, 41, 34, 21, 29, 2, 40, 26, 27, 35, 30, 45, 24, 23, 3]
Run 8:
Best OCplx: 5.462519598703247
Best Sequence: [13, 8, 20, 28, 14, 19, 36, 17, 12, 42, 18, 37, 31, 15, 43, 39, 9, 10, 1, 33, 29, 11, 38, 16, 6, 5, 7, 25, 44, 32, 41, 22, 34, 21, 40, 4, 2, 26, 27, 35, 30, 3, 45, 23, 24]
Run 9:
Best OCplx: 5.669698768687756
Best Sequence: [43, 31, 15, 20, 13, 18, 28, 8, 25, 7, 5, 14, 36, 17, 32, 12, 22, 1, 10, 16, 38, 42, 37, 11, 33, 19, 41, 29, 9, 39, 27, 6, 44, 40, 4, 21, 34, 2, 26, 35, 30, 23, 45, 3, 24]
Run 10:
Best OCplx: 5.939201291352417
Best Sequence: [20, 36, 25, 18, 15, 8, 33, 44, 12, 5, 10, 9, 31, 14, 11, 16, 28, 1, 37, 13, 34, 38, 17, 43, 42, 22, 39, 29, 7, 19, 6, 32, 41, 21, 26, 40, 4, 2, 30, 45, 27, 35, 3, 23, 24]
Run 11:
Best OCplx: 5.761540897167295
Best Sequence: [18, 20, 5, 10, 12, 13, 8, 31, 36, 4, 1, 25, 43, 22, 39, 16, 38, 37, 19, 44, 15, 14, 42, 28, 11, 17, 33, 9, 41, 29, 7, 40, 32, 6, 21, 2, 34, 27, 35, 26, 30, 45, 3, 24, 23]
Run 12:
Best OCplx: 6.092563507474763
Best Sequence: [36, 12, 18, 20, 39, 13, 42, 8, 22, 38, 15, 1, 33, 19, 9, 10, 28, 31, 17, 16, 43, 37, 44, 5, 14, 7, 11, 6, 32, 29, 25, 41, 4, 34, 40, 21, 2, 27, 30, 26, 35, 3, 45, 23, 24]
Run 13:
Best OCplx: 6.212232486084215
Best Sequence: [31, 43, 10, 37, 14, 36, 9, 20, 13, 12, 18, 16, 33, 17, 22, 8, 11, 39, 25, 7, 15, 1, 41, 38, 44, 5, 42, 28, 19, 34, 6, 40, 32, 4, 29, 21, 26, 2, 27, 30, 35, 45, 3, 24, 23]
Run 14:
Best OCplx: 5.688397251186876
Best Sequence: [1, 18, 28, 10, 31, 20, 16, 5, 11, 33, 37, 13, 17, 32, 14, 36, 9, 8, 42, 15, 38, 39, 12, 22, 19, 43, 7, 25, 34, 29, 21, 44, 6, 41, 4, 40, 2, 26, 27, 35, 30, 3, 45, 24, 23]
Run 15:
Best OCplx: 5.261503386543267
Best Sequence: [12, 15, 10, 20, 16, 1, 13, 36, 42, 8, 14, 38, 31, 18, 22, 5, 37, 17, 43, 25, 39, 11, 33, 34, 28, 19, 44, 9, 32, 41, 40, 7, 4, 21, 6, 2, 27, 35, 26, 29, 30, 3, 45, 24, 23]
Run 16:
Best OCplx: 5.6792096618754435
Best Sequence: [18, 31, 5, 42, 38, 11, 20, 36, 7, 15, 12, 39, 10, 1, 17, 14, 13, 37, 32, 25, 22, 9, 33, 43, 16, 19, 8, 6, 44, 41, 34, 28, 40, 21, 29, 4, 2, 35, 26, 30, 3, 27, 23, 45, 24]
Run 17:
Best OCplx: 5.982403191847722
Best Sequence: [16, 1, 10, 19, 18, 36, 43, 5, 20, 37, 15, 13, 33, 39, 25, 42, 31, 8, 17, 11, 38, 22, 28, 41, 9, 12, 34, 14, 7, 6, 21, 40, 32, 4, 44, 29, 2, 27, 30, 26, 35, 45, 3, 24, 23]
Run 18:
Best OCplx: 5.850076658411624
Best Sequence: [13, 37, 19, 42, 11, 20, 18, 12, 16, 1, 39, 17, 31, 22, 25, 10, 15, 38, 14, 5, 36, 8, 9, 28, 43, 33, 7, 44, 34, 32, 41, 6, 21, 40, 4, 29, 2, 26, 27, 35, 30, 24, 3, 23, 45]
Run 19:
Best OCplx: 6.218636434974058
Best Sequence: [42, 13, 20, 11, 10, 36, 31, 5, 18, 43, 15, 39, 41, 14, 9, 28, 16, 40, 33, 8, 1, 17, 7, 25, 38, 37, 12, 22, 19, 44, 34, 32, 21, 6, 4, 2, 27, 29, 30, 26, 35, 45, 24, 3, 23]
Run 20:
Best OCplx: 5.741045006193184
Best Sequence: [9, 36, 18, 42, 15, 5, 20, 25, 43, 31, 14, 39, 22, 13, 10, 28, 32, 17, 8, 44, 1, 16, 7, 11, 37, 12, 41, 21, 19, 33, 38, 4, 40, 6, 29, 34, 2, 26, 27, 35, 30, 45, 3, 24, 23]
Run 21:
Best OCplx: 6.281044194960149
Best Sequence: [18, 12, 26, 13, 43, 20, 1, 31, 28, 10, 17, 19, 15, 16, 14, 38, 25, 5, 42, 7, 36, 22, 44, 8, 9, 37, 39, 11, 33, 32, 6, 41, 34, 29, 21, 4, 40, 2, 27, 30, 35, 45, 24, 3, 23]
Run 22:
Best OCplx: 5.612999614800688
Best Sequence: [20, 18, 5, 28, 17, 36, 10, 25, 15, 12, 38, 42, 1, 31, 37, 8, 22, 43, 13, 16, 11, 33, 39, 7, 44, 14, 34, 27, 9, 41, 19, 32, 29, 6, 4, 40, 21, 2, 35, 26, 30, 3, 45, 23, 24]
Run 23:
Best OCplx: 5.713780220799568
Best Sequence: [8, 15, 10, 1, 11, 18, 20, 42, 12, 39, 13, 5, 9, 33, 22, 14, 36, 17, 43, 31, 41, 16, 19, 28, 38, 25, 7, 6, 32, 34, 44, 40, 37, 4, 29, 21, 2, 30, 35, 26, 27, 45, 24, 3, 23]
Run 24:
Best OCplx: 5.456572231744184
Best Sequence: [20, 15, 13, 22, 1, 18, 43, 14, 25, 38, 41, 10, 31, 42, 12, 8, 11, 37, 44, 7, 9, 36, 17, 16, 5, 39, 19, 33, 32, 6, 28, 4, 34, 40, 21, 29, 2, 26, 35, 27, 30, 45, 3, 23, 24]
Run 25:
Best OCplx: 5.58943855689242
Best Sequence: [15, 20, 18, 14, 16, 19, 1, 7, 12, 36, 9, 28, 42, 11, 10, 5, 8, 33, 43, 31, 37, 39, 21, 25, 13, 17, 38, 22, 41, 44, 32, 34, 40, 29, 6, 4, 2, 26, 27, 30, 35, 45, 3, 23, 24]
Run 26:
Best OCplx: 5.98526311884847
Best Sequence: [18, 10, 1, 20, 36, 11, 31, 39, 8, 7, 17, 42, 38, 33, 15, 13, 37, 5, 43, 22, 44, 14, 12, 16, 19, 9, 28, 25, 32, 34, 41, 4, 21, 40, 2, 6, 29, 27, 26, 30, 35, 45, 3, 23, 24]
Run 27:
Best OCplx: 6.504504233545292
Best Sequence: [11, 1, 31, 18, 32, 29, 8, 5, 42, 15, 9, 13, 20, 25, 19, 44, 28, 7, 10, 12, 17, 36, 22, 14, 33, 38, 37, 16, 43, 39, 41, 34, 4, 21, 6, 2, 27, 40, 30, 26, 3, 35, 45, 23, 24]
Run 28:
Best OCplx: 5.466632118364228
Best Sequence: [9, 12, 1, 10, 20, 15, 11, 18, 37, 25, 17, 5, 8, 39, 13, 43, 29, 36, 42, 14, 31, 16, 33, 28, 41, 38, 7, 44, 19, 32, 34, 22, 4, 2, 6, 35, 21, 27, 40, 26, 30, 3, 45, 24, 23]
Run 29:
Best OCplx: 5.981211719967711
Best Sequence: [20, 1, 18, 37, 9, 19, 33, 31, 25, 10, 38, 7, 13, 14, 11, 36, 43, 15, 12, 8, 5, 17, 41, 16, 22, 39, 32, 42, 44, 28, 21, 34, 29, 6, 4, 2, 26, 40, 30, 27, 3, 35, 45, 23, 24]
Run 30:
Best OCplx: 5.519078551333591
Best Sequence: [20, 13, 18, 17, 39, 15, 7, 12, 19, 1, 10, 11, 38, 31, 36, 22, 9, 25, 42, 33, 16, 8, 5, 44, 43, 14, 28, 37, 32, 41, 40, 6, 34, 4, 21, 2, 29, 35, 27, 30, 26, 24, 3, 23, 45]
