Learning Rate: 4e-05
Epsilon: 0.99
Gamma: 0.93
Memory Capacity: 20000
Batch Size: 64
if_EWM: True
seed: 35
Run 1:
Best OCplx: 2.5441691774124404
Best Sequence: [17, 21, 7, 16, 2, 6, 20, 3, 18, 4, 5, 1, 19, 9, 8, 10, 13, 15, 11, 12, 14]
Run 2:
Best OCplx: 2.5441691774124404
Best Sequence: [7, 20, 21, 19, 17, 16, 1, 6, 18, 2, 4, 5, 3, 9, 8, 10, 12, 13, 11, 15, 14]
Run 3:
Best OCplx: 2.5603185987084034
Best Sequence: [19, 20, 16, 7, 6, 18, 2, 17, 4, 1, 3, 21, 5, 9, 8, 10, 12, 13, 14, 15, 11]
Run 4:
Best OCplx: 2.204348522715259
Best Sequence: [16, 20, 2, 1, 18, 17, 4, 7, 21, 5, 19, 6, 3, 8, 9, 10, 11, 15, 14, 13, 12]
Run 5:
Best OCplx: 2.779812352352133
Best Sequence: [20, 6, 19, 16, 1, 18, 2, 7, 17, 4, 5, 21, 3, 9, 8, 12, 10, 13, 14, 15, 11]
Run 6:
Best OCplx: 2.2619554327011855
Best Sequence: [2, 6, 16, 7, 21, 20, 18, 3, 19, 1, 17, 5, 4, 8, 9, 10, 15, 11, 14, 12, 13]
Run 7:
Best OCplx: 2.9463124173239725
Best Sequence: [21, 20, 2, 7, 19, 3, 16, 17, 5, 4, 1, 6, 8, 9, 15, 12, 10, 11, 14, 13, 18]
Run 8:
Best OCplx: 2.5583916871196744
Best Sequence: [20, 18, 16, 19, 2, 6, 21, 7, 1, 17, 3, 4, 5, 8, 9, 15, 10, 14, 12, 13, 11]
Run 9:
Best OCplx: 2.779812352352133
Best Sequence: [16, 6, 2, 20, 19, 21, 18, 7, 3, 17, 1, 5, 4, 9, 8, 13, 10, 15, 14, 11, 12]
Run 10:
Best OCplx: 2.6107690191532655
Best Sequence: [7, 16, 17, 6, 2, 19, 20, 1, 18, 21, 4, 3, 5, 8, 9, 14, 10, 12, 11, 15, 13]
Run 11:
Best OCplx: 2.5441691774124404
Best Sequence: [20, 21, 19, 18, 17, 5, 6, 4, 7, 16, 1, 2, 3, 9, 8, 10, 11, 15, 14, 12, 13]
Run 12:
Best OCplx: 2.2990191679939382
Best Sequence: [20, 19, 18, 17, 16, 7, 21, 6, 4, 2, 1, 5, 3, 8, 9, 10, 12, 11, 14, 13, 15]
Run 13:
Best OCplx: 2.779812352352133
Best Sequence: [20, 19, 6, 16, 7, 18, 17, 1, 2, 3, 21, 5, 4, 9, 8, 13, 10, 15, 14, 12, 11]
Run 14:
Best OCplx: 2.4259886558645434
Best Sequence: [7, 16, 20, 18, 2, 19, 21, 6, 1, 4, 3, 17, 5, 8, 9, 10, 15, 14, 11, 12, 13]
Run 15:
Best OCplx: 2.7863524852548993
Best Sequence: [20, 1, 19, 4, 16, 6, 18, 2, 3, 17, 7, 21, 5, 9, 8, 10, 15, 13, 14, 11, 12]
Run 16:
Best OCplx: 2.685928658698521
Best Sequence: [6, 19, 20, 3, 16, 1, 7, 4, 17, 2, 18, 5, 21, 8, 9, 10, 13, 12, 15, 14, 11]
Run 17:
Best OCplx: 2.9075687918478064
Best Sequence: [7, 3, 20, 19, 4, 5, 16, 6, 1, 21, 17, 18, 2, 8, 9, 10, 13, 11, 14, 12, 15]
Run 18:
Best OCplx: 2.204348522715259
Best Sequence: [16, 21, 17, 4, 6, 20, 2, 18, 5, 19, 3, 1, 7, 8, 9, 10, 11, 12, 14, 15, 13]
Run 19:
Best OCplx: 2.7967487252731633
Best Sequence: [4, 19, 7, 18, 20, 16, 21, 6, 17, 1, 5, 3, 2, 8, 9, 10, 15, 14, 13, 12, 11]
Run 20:
Best OCplx: 2.98744944371101
Best Sequence: [6, 18, 19, 17, 4, 16, 7, 21, 2, 5, 3, 20, 1, 9, 8, 10, 12, 11, 14, 13, 15]
Run 21:
Best OCplx: 2.4718398979517184
Best Sequence: [6, 20, 2, 1, 17, 3, 5, 16, 18, 19, 4, 7, 21, 8, 9, 10, 15, 11, 13, 14, 12]
Run 22:
Best OCplx: 2.62933298821231
Best Sequence: [17, 21, 20, 7, 19, 16, 1, 2, 5, 18, 6, 4, 3, 8, 9, 13, 10, 15, 12, 11, 14]
Run 23:
Best OCplx: 2.7819587318576886
Best Sequence: [6, 18, 20, 19, 5, 16, 17, 2, 4, 1, 7, 21, 3, 9, 8, 10, 13, 14, 15, 12, 11]
Run 24:
Best OCplx: 2.5603185987084034
Best Sequence: [19, 16, 6, 20, 1, 7, 2, 18, 21, 3, 17, 5, 4, 9, 8, 10, 14, 11, 15, 13, 12]
Run 25:
Best OCplx: 2.4259886558645434
Best Sequence: [16, 2, 3, 17, 7, 19, 6, 20, 4, 5, 1, 21, 18, 8, 9, 10, 13, 12, 14, 15, 11]
Run 26:
Best OCplx: 2.6314793677178656
Best Sequence: [5, 17, 16, 20, 2, 6, 21, 4, 1, 18, 7, 3, 19, 8, 9, 10, 11, 14, 15, 13, 12]
Run 27:
Best OCplx: 2.2990191679939382
Best Sequence: [20, 21, 17, 7, 19, 5, 6, 18, 4, 16, 2, 3, 1, 8, 9, 10, 13, 12, 15, 11, 14]
Run 28:
Best OCplx: 2.4098392345685804
Best Sequence: [21, 7, 17, 19, 16, 6, 4, 20, 5, 18, 2, 3, 1, 8, 9, 10, 11, 14, 12, 15, 13]
Run 29:
Best OCplx: 2.5368087224391864
Best Sequence: [21, 16, 7, 19, 18, 17, 4, 5, 2, 20, 3, 6, 8, 9, 10, 12, 15, 11, 13, 14, 1]
Run 30:
Best OCplx: 2.7169899073702206
Best Sequence: [2, 20, 3, 17, 5, 18, 1, 16, 19, 6, 21, 4, 7, 9, 8, 10, 11, 12, 14, 15, 13]
Mean: 2.5890
Min: 2.2043
Max: 2.9874
Std: 0.2104
======================================
