Learning Rate: 0.004
Epsilon: 0.99
Gamma: 0.93
Memory Capacity: 20000
Batch Size: 64
if_EWM: True
seed: 41
Run 1:
Best OCplx: 2.315168589289901
Best Sequence: [18, 7, 6, 16, 2, 21, 17, 4, 20, 5, 19, 8, 1, 3, 9, 10, 11, 13, 12, 15, 14]
Run 2:
Best OCplx: 2.4259886558645434
Best Sequence: [7, 16, 2, 6, 18, 17, 21, 4, 19, 20, 3, 1, 5, 8, 9, 10, 11, 14, 15, 13, 12]
Run 3:
Best OCplx: 2.204348522715259
Best Sequence: [6, 16, 2, 21, 17, 4, 20, 5, 18, 19, 8, 1, 7, 3, 9, 10, 15, 11, 14, 12, 13]
Run 4:
Best OCplx: 2.4494985321337612
Best Sequence: [7, 21, 6, 16, 2, 17, 4, 20, 1, 18, 19, 3, 5, 9, 8, 10, 15, 12, 14, 11, 13]
Run 5:
Best OCplx: 2.4494985321337612
Best Sequence: [20, 18, 21, 19, 6, 7, 16, 1, 2, 3, 17, 5, 4, 9, 8, 10, 14, 15, 11, 13, 12]
Run 6:
Best OCplx: 2.3727754992758276
Best Sequence: [6, 2, 18, 7, 16, 21, 17, 4, 20, 8, 1, 5, 19, 3, 9, 10, 14, 13, 15, 12, 11]
Run 7:
Best OCplx: 2.315168589289901
Best Sequence: [6, 7, 16, 2, 8, 17, 4, 20, 3, 1, 19, 18, 5, 21, 9, 10, 15, 13, 12, 11, 14]
Run 8:
Best OCplx: 2.4259886558645434
Best Sequence: [7, 16, 17, 6, 2, 4, 21, 5, 8, 20, 3, 19, 18, 1, 9, 10, 13, 15, 11, 14, 12]
Run 9:
Best OCplx: 2.204348522715259
Best Sequence: [6, 21, 7, 16, 2, 20, 18, 19, 1, 3, 17, 5, 8, 4, 9, 10, 13, 15, 14, 12, 11]
Run 10:
Best OCplx: 2.5603185987084034
Best Sequence: [7, 21, 6, 16, 2, 3, 17, 4, 20, 1, 18, 19, 5, 9, 8, 10, 15, 13, 12, 14, 11]
Run 11:
Best OCplx: 2.2990191679939382
Best Sequence: [20, 21, 17, 7, 19, 5, 6, 18, 4, 16, 2, 3, 1, 8, 9, 10, 13, 12, 15, 11, 14]
Run 12:
Best OCplx: 2.204348522715259
Best Sequence: [7, 6, 21, 20, 19, 18, 16, 8, 1, 2, 3, 17, 5, 4, 9, 10, 14, 11, 13, 12, 15]
Run 13:
Best OCplx: 2.315168589289901
Best Sequence: [7, 6, 21, 18, 16, 17, 2, 20, 19, 1, 3, 5, 8, 4, 9, 10, 15, 14, 13, 11, 12]
Run 14:
Best OCplx: 2.2990191679939382
Best Sequence: [7, 6, 20, 18, 21, 19, 8, 9, 16, 2, 1, 3, 17, 4, 5, 10, 12, 11, 13, 14, 15]
Run 15:
Best OCplx: 2.4098392345685804
Best Sequence: [8, 7, 21, 16, 2, 9, 6, 20, 18, 3, 1, 10, 17, 5, 4, 19, 11, 15, 14, 12, 13]
Run 16:
Best OCplx: 2.8975445787661043
Best Sequence: [21, 9, 10, 7, 6, 16, 2, 17, 20, 18, 19, 1, 4, 5, 3, 8, 11, 14, 13, 12, 15]
Run 17:
Best OCplx: 2.7169899073702206
Best Sequence: [2, 20, 3, 17, 5, 18, 1, 16, 19, 6, 21, 4, 7, 9, 8, 10, 11, 12, 14, 15, 13]
Run 18:
Best OCplx: 2.204348522715259
Best Sequence: [7, 21, 16, 2, 6, 20, 3, 19, 8, 9, 18, 1, 10, 14, 15, 13, 11, 12, 17, 4, 5]
Run 19:
Best OCplx: 2.5603185987084034
Best Sequence: [6, 21, 16, 2, 7, 17, 4, 3, 20, 5, 18, 19, 1, 9, 8, 10, 12, 14, 11, 15, 13]
Run 20:
Best OCplx: 2.4494985321337612
Best Sequence: [6, 21, 7, 16, 2, 17, 4, 20, 5, 19, 3, 1, 18, 9, 8, 10, 15, 13, 14, 11, 12]
Run 21:
Best OCplx: 2.5441691774124404
Best Sequence: [7, 17, 20, 4, 6, 19, 18, 21, 5, 16, 2, 1, 3, 9, 8, 10, 13, 14, 12, 11, 15]
Run 22:
Best OCplx: 2.6476287890138286
Best Sequence: [7, 16, 6, 21, 17, 4, 2, 3, 19, 18, 5, 20, 8, 1, 9, 10, 11, 15, 13, 14, 12]
Run 23:
Best OCplx: 2.315168589289901
Best Sequence: [18, 6, 16, 2, 7, 21, 17, 4, 20, 5, 19, 8, 3, 1, 9, 10, 15, 14, 13, 12, 11]
Run 24:
Best OCplx: 2.353468458974594
Best Sequence: [6, 16, 21, 7, 17, 20, 19, 3, 18, 5, 4, 2, 1, 8, 9, 10, 15, 14, 13, 12, 11]
Run 25:
Best OCplx: 2.204348522715259
Best Sequence: [21, 6, 16, 20, 1, 18, 17, 4, 7, 19, 8, 5, 2, 3, 9, 10, 14, 11, 15, 12, 13]
Run 26:
Best OCplx: 2.4494985321337612
Best Sequence: [21, 6, 7, 16, 2, 17, 4, 20, 18, 3, 5, 19, 1, 9, 8, 10, 11, 14, 13, 15, 12]
Run 27:
Best OCplx: 2.2990191679939382
Best Sequence: [20, 7, 6, 18, 8, 21, 19, 16, 1, 17, 4, 5, 2, 3, 9, 10, 14, 15, 11, 13, 12]
Run 28:
Best OCplx: 2.5071054421196877
Best Sequence: [7, 2, 6, 16, 21, 17, 4, 20, 5, 19, 3, 18, 1, 9, 8, 10, 13, 15, 14, 12, 11]
Run 29:
Best OCplx: 2.315168589289901
Best Sequence: [7, 6, 16, 2, 8, 17, 4, 21, 20, 5, 19, 1, 3, 18, 9, 10, 15, 14, 11, 12, 13]
Run 30:
Best OCplx: 2.4494985321337612
Best Sequence: [7, 20, 6, 18, 19, 16, 1, 2, 3, 21, 17, 4, 5, 9, 8, 10, 12, 11, 14, 15, 13]
