Run 1:
Best OCplx: 13.227091866810184
Best Sequence: [37, 38, 22, 19, 10, 8, 11, 41, 13, 25, 20, 21, 28, 9, 36, 43, 4, 2, 30, 42, 44, 26, 5, 31, 32, 12, 1, 14, 18, 17, 34, 29, 16, 7, 6, 27, 33, 24, 45, 39, 40, 15, 3, 35, 23]
Run 2:
Best OCplx: 11.583316539794609
Best Sequence: [14, 31, 18, 8, 33, 38, 7, 34, 20, 30, 12, 35, 42, 41, 9, 10, 37, 17, 3, 6, 13, 16, 1, 5, 43, 40, 36, 4, 39, 19, 22, 11, 26, 2, 15, 25, 28, 24, 44, 45, 27, 29, 21, 32, 23]
Run 3:
Best OCplx: 12.29093367722037
Best Sequence: [13, 11, 17, 4, 1, 8, 20, 19, 18, 10, 3, 12, 21, 31, 34, 35, 38, 44, 25, 39, 28, 6, 29, 42, 30, 15, 26, 43, 40, 2, 45, 14, 36, 16, 37, 32, 5, 9, 27, 24, 33, 41, 7, 23, 22]
Run 4:
Best OCplx: 12.998058483291688
Best Sequence: [29, 33, 38, 25, 11, 6, 13, 31, 4, 12, 18, 9, 5, 2, 19, 26, 30, 39, 37, 34, 36, 14, 8, 42, 7, 1, 15, 28, 21, 17, 3, 41, 32, 22, 10, 16, 20, 45, 43, 40, 44, 27, 23, 35, 24]
Run 5:
Best OCplx: 13.46954232487102
Best Sequence: [30, 42, 36, 37, 20, 33, 14, 25, 38, 27, 9, 32, 5, 12, 18, 22, 4, 6, 39, 35, 10, 21, 15, 40, 31, 17, 8, 29, 11, 45, 13, 7, 43, 41, 28, 44, 16, 34, 24, 1, 2, 19, 23, 3, 26]
Run 6:
Best OCplx: 12.951676497408492
Best Sequence: [38, 25, 5, 20, 17, 9, 33, 26, 34, 29, 21, 37, 3, 44, 43, 8, 42, 16, 11, 18, 12, 14, 30, 13, 4, 10, 2, 39, 41, 22, 28, 1, 15, 7, 45, 19, 32, 27, 6, 40, 24, 31, 36, 35, 23]
Run 7:
Best OCplx: 13.392719523152348
Best Sequence: [30, 41, 18, 33, 10, 28, 36, 4, 26, 25, 20, 13, 1, 2, 29, 6, 9, 42, 45, 7, 34, 12, 32, 31, 27, 39, 3, 14, 21, 5, 43, 11, 19, 38, 22, 44, 17, 16, 35, 15, 37, 40, 23, 24, 8]
Run 8:
Best OCplx: 14.157365998576841
Best Sequence: [11, 16, 31, 3, 10, 19, 13, 33, 7, 14, 1, 42, 15, 20, 12, 40, 36, 17, 4, 9, 2, 6, 26, 30, 41, 28, 29, 43, 27, 5, 35, 25, 38, 21, 24, 44, 18, 34, 45, 8, 22, 39, 37, 23, 32]
Run 9:
Best OCplx: 13.261195349556585
Best Sequence: [4, 20, 43, 16, 1, 2, 33, 7, 42, 35, 34, 45, 5, 15, 11, 6, 30, 31, 21, 13, 14, 22, 25, 10, 28, 17, 8, 12, 39, 18, 3, 29, 27, 37, 32, 19, 36, 9, 44, 38, 24, 41, 40, 26, 23]
Run 10:
Best OCplx: 12.101917890553569
Best Sequence: [39, 10, 1, 20, 30, 14, 5, 40, 12, 3, 4, 38, 33, 32, 9, 25, 15, 11, 27, 18, 16, 34, 43, 21, 37, 28, 6, 45, 13, 44, 26, 36, 7, 2, 29, 8, 17, 35, 42, 41, 23, 31, 22, 19, 24]
Run 11:
Best OCplx: 12.046826173209498
Best Sequence: [14, 30, 41, 36, 10, 35, 20, 18, 34, 15, 44, 37, 39, 33, 28, 22, 43, 9, 5, 4, 25, 40, 12, 26, 21, 1, 32, 16, 31, 7, 19, 6, 29, 38, 24, 3, 11, 2, 8, 42, 27, 17, 13, 23, 45]
Run 12:
Best OCplx: 12.432943865679587
Best Sequence: [43, 10, 16, 36, 20, 12, 18, 15, 33, 37, 26, 4, 6, 2, 42, 5, 31, 3, 7, 27, 13, 41, 14, 19, 22, 39, 25, 29, 32, 38, 45, 21, 8, 35, 1, 40, 24, 11, 17, 44, 28, 34, 30, 9, 23]
Run 13:
Best OCplx: 11.619253168615533
Best Sequence: [18, 26, 38, 32, 16, 31, 11, 25, 43, 22, 20, 29, 14, 30, 6, 44, 8, 10, 19, 37, 7, 28, 4, 15, 45, 13, 1, 3, 5, 42, 21, 33, 12, 36, 2, 41, 39, 27, 35, 40, 34, 9, 17, 23, 24]
Run 14:
Best OCplx: 13.151518090560447
Best Sequence: [19, 20, 39, 44, 41, 7, 2, 34, 33, 36, 28, 25, 31, 26, 10, 21, 14, 30, 16, 18, 1, 32, 37, 5, 8, 27, 42, 45, 11, 13, 6, 17, 22, 3, 38, 15, 12, 29, 4, 23, 43, 9, 40, 24, 35]
Run 15:
Best OCplx: 12.2039091002675
Best Sequence: [16, 35, 26, 15, 18, 6, 30, 43, 28, 39, 13, 3, 7, 11, 42, 9, 19, 20, 41, 22, 5, 33, 14, 17, 1, 4, 27, 10, 21, 38, 44, 12, 34, 36, 40, 31, 25, 37, 29, 24, 45, 8, 2, 23, 32]
Run 16:
Best OCplx: 12.220729554550275
Best Sequence: [5, 16, 4, 38, 43, 20, 19, 12, 33, 25, 36, 31, 8, 34, 29, 21, 32, 7, 42, 41, 15, 18, 30, 28, 11, 10, 35, 9, 26, 44, 14, 13, 17, 2, 23, 6, 22, 1, 37, 40, 45, 24, 27, 39, 3]
Run 17:
Best OCplx: 12.990737118606429
Best Sequence: [3, 42, 31, 44, 18, 4, 20, 35, 28, 16, 40, 43, 2, 34, 30, 37, 21, 8, 27, 22, 25, 1, 14, 19, 9, 36, 11, 33, 41, 39, 15, 13, 45, 29, 5, 26, 17, 10, 12, 32, 23, 7, 6, 38, 24]
Run 18:
Best OCplx: 11.905138401011532
Best Sequence: [4, 42, 41, 25, 39, 18, 37, 35, 33, 8, 9, 20, 30, 28, 5, 14, 16, 36, 43, 13, 22, 34, 31, 17, 38, 32, 6, 29, 44, 11, 1, 40, 2, 26, 10, 3, 24, 27, 7, 19, 21, 15, 12, 45, 23]
Run 19:
Best OCplx: 13.36511930591589
Best Sequence: [20, 11, 13, 18, 43, 10, 30, 9, 14, 4, 32, 44, 15, 25, 26, 36, 33, 45, 39, 38, 17, 3, 24, 8, 19, 6, 35, 41, 12, 28, 31, 40, 2, 5, 42, 29, 21, 7, 23, 27, 37, 16, 34, 1, 22]
Run 20:
Best OCplx: 13.940274718134894
Best Sequence: [9, 20, 31, 43, 14, 32, 37, 19, 28, 17, 2, 41, 5, 11, 3, 10, 27, 33, 15, 25, 6, 30, 8, 29, 42, 26, 45, 1, 18, 38, 40, 35, 39, 34, 24, 4, 13, 36, 7, 16, 21, 44, 22, 23, 12]
Run 21:
Best OCplx: 13.436330415283628
Best Sequence: [16, 9, 14, 10, 30, 20, 41, 31, 37, 15, 18, 45, 8, 22, 3, 27, 42, 7, 13, 5, 36, 2, 32, 28, 21, 33, 4, 38, 34, 1, 11, 43, 39, 35, 40, 17, 23, 12, 26, 6, 24, 19, 44, 29, 25]
Run 22:
Best OCplx: 11.567455819777038
Best Sequence: [20, 6, 9, 17, 29, 31, 2, 4, 32, 13, 42, 1, 18, 22, 37, 41, 36, 16, 7, 38, 12, 30, 25, 19, 21, 35, 26, 10, 39, 33, 5, 34, 11, 14, 44, 40, 15, 8, 3, 27, 28, 43, 45, 23, 24]
Run 23:
Best OCplx: 12.388456344300538
Best Sequence: [22, 29, 42, 28, 18, 16, 5, 20, 26, 30, 43, 44, 10, 6, 11, 41, 4, 19, 45, 17, 14, 25, 37, 21, 31, 35, 32, 27, 12, 40, 2, 9, 33, 3, 34, 1, 7, 8, 15, 24, 38, 39, 13, 36, 23]
Run 24:
Best OCplx: 12.143571153552342
Best Sequence: [43, 9, 16, 8, 5, 7, 18, 12, 21, 20, 25, 4, 41, 6, 40, 35, 22, 15, 3, 34, 19, 30, 33, 37, 29, 11, 1, 44, 31, 32, 17, 14, 45, 27, 39, 26, 38, 36, 42, 10, 13, 2, 24, 28, 23]
Run 25:
Best OCplx: 12.826335892280003
Best Sequence: [35, 1, 30, 6, 19, 9, 15, 18, 32, 39, 41, 5, 37, 12, 13, 44, 25, 20, 31, 22, 40, 4, 33, 28, 14, 17, 11, 34, 10, 7, 26, 16, 42, 3, 29, 38, 27, 24, 43, 36, 21, 23, 2, 45, 8]
Run 26:
Best OCplx: 13.031044637458129
Best Sequence: [9, 22, 10, 16, 11, 45, 18, 32, 14, 6, 13, 29, 1, 42, 36, 15, 25, 43, 2, 5, 34, 30, 3, 20, 28, 17, 40, 21, 37, 12, 39, 31, 27, 33, 4, 19, 7, 35, 38, 26, 41, 23, 44, 24, 8]
Run 27:
Best OCplx: 12.455066085982853
Best Sequence: [45, 7, 20, 43, 11, 26, 40, 12, 19, 8, 18, 5, 2, 27, 13, 31, 35, 10, 30, 41, 29, 44, 22, 28, 3, 1, 33, 37, 16, 34, 4, 9, 6, 21, 39, 14, 36, 15, 42, 25, 24, 32, 38, 23, 17]
Run 28:
Best OCplx: 12.87086928095063
Best Sequence: [31, 3, 6, 15, 1, 14, 27, 39, 20, 2, 36, 16, 5, 19, 34, 17, 4, 25, 35, 18, 41, 40, 13, 37, 33, 22, 43, 26, 11, 44, 38, 10, 30, 28, 7, 32, 42, 9, 29, 21, 12, 8, 24, 45, 23]
Run 29:
Best OCplx: 13.132635502013038
Best Sequence: [3, 43, 19, 36, 10, 16, 39, 17, 7, 42, 9, 18, 20, 34, 21, 22, 35, 40, 26, 33, 13, 30, 15, 29, 8, 44, 2, 6, 41, 31, 38, 5, 1, 11, 14, 24, 37, 12, 27, 28, 32, 4, 45, 25, 23]
Run 30:
Best OCplx: 12.07937573434384
Best Sequence: [20, 2, 6, 11, 18, 28, 42, 12, 30, 5, 19, 10, 41, 7, 37, 33, 22, 1, 8, 43, 31, 9, 21, 3, 15, 27, 35, 25, 29, 34, 44, 17, 16, 14, 4, 45, 36, 13, 39, 24, 38, 23, 40, 26, 32]
UPDATE_GLOBAL_ITER: 200
GAMMA: 0.99
MAX_EP: 3000
thread_count: 10
RL: 5e-05
if_EWM: False

Mean: 12.7080
Min: 11.5675
Max: 14.1574
Std: 0.6776