Run 1:
Best OCplx: 2.534328406295181
Best Sequence: [5, 3, 15, 8, 12, 9, 23, 16, 17, 1, 4, 19, 22, 6, 11, 21, 7, 2, 10, 14, 24, 25, 20, 18, 13]
Run 2:
Best OCplx: 2.8320528495839326
Best Sequence: [8, 15, 12, 5, 23, 6, 14, 11, 9, 4, 3, 16, 7, 17, 10, 1, 22, 19, 24, 2, 20, 21, 13, 18, 25]
Run 3:
Best OCplx: 2.842607702362889
Best Sequence: [23, 15, 12, 4, 3, 5, 8, 9, 16, 14, 1, 10, 17, 11, 22, 6, 7, 2, 20, 24, 21, 13, 25, 19, 18]
Run 4:
Best OCplx: 2.2780953711367764
Best Sequence: [15, 9, 3, 5, 23, 12, 8, 14, 4, 16, 19, 10, 17, 24, 6, 7, 22, 1, 11, 21, 20, 13, 18, 2, 25]
Run 5:
Best OCplx: 2.9430263684813553
Best Sequence: [16, 21, 3, 22, 2, 15, 9, 6, 7, 5, 14, 23, 12, 4, 17, 8, 10, 1, 11, 25, 19, 20, 13, 24, 18]
Run 6:
Best OCplx: 2.746478249589617
Best Sequence: [14, 9, 23, 3, 4, 5, 16, 17, 15, 1, 6, 12, 20, 19, 7, 21, 8, 11, 2, 13, 25, 24, 10, 22, 18]
Run 7:
Best OCplx: 2.901292577041244
Best Sequence: [14, 23, 12, 9, 3, 5, 4, 8, 15, 16, 1, 6, 10, 7, 11, 17, 22, 24, 19, 20, 18, 21, 25, 2, 13]
Run 8:
Best OCplx: 2.2862628169361976
Best Sequence: [4, 3, 9, 15, 5, 12, 8, 23, 16, 19, 6, 17, 20, 13, 11, 22, 10, 21, 24, 7, 1, 18, 2, 14, 25]
Run 9:
Best OCplx: 2.6299227460901107
Best Sequence: [4, 3, 12, 11, 9, 23, 15, 8, 5, 14, 16, 17, 6, 1, 10, 13, 19, 22, 24, 20, 7, 21, 2, 18, 25]
Run 10:
Best OCplx: 2.6711178548985997
Best Sequence: [15, 4, 16, 20, 3, 19, 13, 6, 2, 12, 17, 23, 14, 9, 24, 22, 10, 5, 1, 21, 25, 11, 18, 8, 7]
Run 11:
Best OCplx: 2.8303377011879465
Best Sequence: [15, 14, 9, 11, 23, 3, 4, 5, 6, 12, 8, 16, 1, 17, 24, 10, 7, 22, 19, 20, 21, 18, 2, 25, 13]
Run 12:
Best OCplx: 2.7709816206228277
Best Sequence: [12, 3, 6, 15, 9, 5, 23, 4, 16, 10, 8, 22, 14, 17, 11, 7, 1, 24, 19, 21, 18, 20, 13, 2, 25]
Run 13:
Best OCplx: 2.518422454648466
Best Sequence: [3, 9, 12, 15, 5, 8, 14, 4, 23, 11, 16, 22, 17, 6, 10, 7, 1, 24, 19, 20, 21, 2, 18, 13, 25]
Run 14:
Best OCplx: 2.7408427052930513
Best Sequence: [23, 14, 3, 4, 9, 5, 12, 15, 8, 16, 1, 22, 11, 10, 6, 7, 24, 20, 2, 21, 13, 19, 17, 18, 25]
Run 15:
Best OCplx: 3.639308494699545
Best Sequence: [23, 12, 9, 15, 5, 4, 6, 11, 8, 16, 17, 1, 22, 7, 10, 14, 21, 2, 3, 19, 20, 25, 18, 24, 13]
Run 16:
Best OCplx: 2.726709301751576
Best Sequence: [14, 3, 15, 4, 6, 9, 5, 11, 12, 23, 8, 16, 22, 1, 7, 17, 10, 19, 21, 20, 2, 18, 13, 24, 25]
Run 17:
Best OCplx: 2.2434696288670444
Best Sequence: [12, 5, 15, 3, 9, 8, 4, 23, 6, 14, 16, 1, 7, 22, 11, 10, 17, 20, 13, 19, 21, 2, 25, 24, 18]
Run 18:
Best OCplx: 3.281047593627986
Best Sequence: [8, 12, 16, 14, 5, 10, 22, 19, 1, 24, 17, 9, 3, 11, 7, 15, 2, 21, 6, 23, 25, 4, 20, 13, 18]
Run 19:
Best OCplx: 2.683945725481609
Best Sequence: [16, 3, 5, 20, 23, 2, 17, 4, 22, 14, 12, 10, 8, 21, 1, 19, 11, 15, 9, 7, 24, 25, 6, 13, 18]
Run 20:
Best OCplx: 2.6607318011446397
Best Sequence: [15, 9, 3, 8, 12, 14, 4, 5, 23, 6, 16, 1, 2, 7, 17, 11, 19, 22, 20, 10, 21, 13, 25, 18, 24]
Run 21:
Best OCplx: 2.228137788211029
Best Sequence: [12, 9, 15, 5, 3, 6, 8, 14, 23, 4, 16, 17, 7, 1, 11, 10, 22, 24, 20, 19, 21, 18, 2, 25, 13]
Run 22:
Best OCplx: 3.968422901674702
Best Sequence: [16, 7, 1, 25, 3, 14, 11, 23, 12, 15, 21, 10, 9, 20, 24, 22, 5, 2, 17, 19, 18, 6, 8, 4, 13]
Run 23:
Best OCplx: 3.0203777995521537
Best Sequence: [9, 3, 8, 4, 15, 6, 11, 12, 14, 5, 23, 16, 1, 17, 10, 22, 7, 24, 20, 13, 19, 2, 21, 18, 25]
Run 24:
Best OCplx: 2.4250749933249565
Best Sequence: [3, 16, 8, 9, 2, 17, 5, 19, 1, 22, 15, 14, 6, 12, 10, 20, 25, 11, 4, 21, 23, 7, 13, 24, 18]
Run 25:
Best OCplx: 2.653457763991658
Best Sequence: [4, 3, 16, 15, 8, 19, 24, 20, 23, 14, 9, 21, 12, 1, 11, 5, 6, 10, 7, 2, 17, 13, 22, 25, 18]
Run 26:
Best OCplx: 2.8820262563034027
Best Sequence: [12, 14, 15, 4, 8, 9, 6, 23, 3, 16, 19, 10, 17, 24, 22, 1, 2, 7, 11, 20, 18, 5, 25, 13, 21]
Run 27:
Best OCplx: 3.0756819532601276
Best Sequence: [12, 3, 9, 8, 6, 16, 5, 17, 19, 10, 20, 14, 25, 4, 1, 22, 7, 21, 11, 23, 24, 2, 18, 13, 15]
Run 28:
Best OCplx: 2.107881883276338
Best Sequence: [4, 12, 5, 14, 15, 23, 3, 9, 8, 16, 10, 17, 6, 22, 19, 1, 24, 7, 11, 21, 2, 20, 18, 13, 25]
Run 29:
Best OCplx: 3.031002586810406
Best Sequence: [16, 23, 4, 14, 3, 1, 15, 5, 8, 9, 12, 11, 7, 6, 10, 22, 17, 20, 21, 2, 19, 25, 24, 18, 13]
Run 30:
Best OCplx: 2.434658136445929
Best Sequence: [23, 3, 15, 16, 4, 19, 17, 8, 2, 22, 9, 7, 14, 6, 12, 21, 1, 5, 10, 11, 20, 24, 25, 18, 13]
