Run 1:
Best OCplx: 2.9123903489045633
Best Sequence: [18, 17, 3, 11, 2, 6, 13, 9, 12, 16, 15, 10, 19, 14, 1, 5, 8, 4, 7]
Run 2:
Best OCplx: 2.5878930447164974
Best Sequence: [18, 17, 3, 2, 1, 9, 15, 16, 11, 14, 10, 19, 13, 5, 4, 6, 7, 8, 12]
Run 3:
Best OCplx: 2.666795467014636
Best Sequence: [18, 10, 17, 3, 2, 9, 12, 19, 16, 1, 15, 13, 14, 8, 6, 7, 5, 4, 11]
Run 4:
Best OCplx: 2.994448850366882
Best Sequence: [2, 11, 10, 18, 3, 17, 9, 13, 15, 16, 14, 19, 5, 12, 6, 4, 1, 7, 8]
Run 5:
Best OCplx: 2.57221065402612
Best Sequence: [11, 12, 3, 18, 17, 2, 10, 19, 9, 16, 6, 14, 13, 1, 15, 8, 7, 4, 5]
Run 6:
Best OCplx: 2.7874625836128777
Best Sequence: [18, 17, 2, 19, 11, 12, 10, 3, 6, 13, 9, 16, 14, 15, 8, 4, 7, 1, 5]
Run 7:
Best OCplx: 2.800489413058651
Best Sequence: [3, 15, 11, 6, 18, 17, 2, 10, 9, 16, 19, 1, 12, 13, 14, 7, 4, 5, 8]
Run 8:
Best OCplx: 2.809874743128125
Best Sequence: [3, 15, 18, 1, 17, 2, 11, 10, 19, 16, 9, 14, 13, 12, 4, 6, 5, 7, 8]
Run 9:
Best OCplx: 2.6923704791994245
Best Sequence: [18, 3, 17, 2, 1, 16, 9, 11, 19, 10, 6, 15, 12, 13, 14, 8, 7, 4, 5]
Run 10:
Best OCplx: 2.785987899989735
Best Sequence: [3, 18, 17, 2, 10, 9, 19, 14, 16, 6, 11, 1, 13, 15, 5, 12, 8, 4, 7]
Run 11:
Best OCplx: 2.564787152663135
Best Sequence: [18, 17, 2, 3, 15, 9, 16, 11, 6, 13, 19, 12, 14, 1, 7, 10, 4, 8, 5]
Run 12:
Best OCplx: 3.1005705564324986
Best Sequence: [17, 18, 2, 9, 3, 19, 12, 1, 10, 16, 14, 13, 15, 8, 6, 11, 5, 7, 4]
Run 13:
Best OCplx: 2.5722106540261205
Best Sequence: [3, 18, 17, 11, 2, 12, 9, 13, 15, 6, 16, 14, 4, 10, 5, 19, 7, 1, 8]
Run 14:
Best OCplx: 3.0475850527661112
Best Sequence: [17, 12, 2, 3, 18, 19, 9, 16, 13, 15, 14, 10, 11, 8, 7, 6, 1, 5, 4]
Run 15:
Best OCplx: 2.8103194227653248
Best Sequence: [3, 18, 17, 2, 9, 19, 6, 12, 13, 10, 11, 16, 8, 14, 15, 7, 4, 5, 1]
Run 16:
Best OCplx: 2.7842997309433364
Best Sequence: [10, 12, 18, 17, 3, 11, 15, 2, 9, 6, 16, 13, 19, 1, 14, 5, 7, 8, 4]
Run 17:
Best OCplx: 2.953000239777595
Best Sequence: [11, 17, 2, 12, 19, 3, 9, 18, 1, 13, 16, 15, 10, 14, 6, 5, 4, 7, 8]
Run 18:
Best OCplx: 2.6463451362058783
Best Sequence: [18, 3, 17, 2, 16, 9, 15, 13, 10, 1, 14, 11, 4, 19, 5, 12, 6, 8, 7]
Run 19:
Best OCplx: 2.832013242983282
Best Sequence: [11, 18, 17, 3, 1, 2, 10, 9, 15, 19, 14, 12, 13, 16, 7, 4, 6, 5, 8]
Run 20:
Best OCplx: 2.82662991476524
Best Sequence: [11, 18, 17, 2, 3, 16, 1, 14, 9, 13, 6, 19, 12, 15, 10, 7, 5, 4, 8]
Run 21:
Best OCplx: 2.447282888734435
Best Sequence: [11, 10, 3, 18, 17, 2, 9, 1, 15, 19, 16, 13, 12, 14, 7, 4, 5, 8, 6]
Run 22:
Best OCplx: 2.6667954670146363
Best Sequence: [12, 18, 17, 2, 3, 10, 9, 11, 13, 6, 19, 15, 16, 14, 8, 1, 4, 5, 7]
Run 23:
Best OCplx: 3.149652535330163
Best Sequence: [18, 10, 17, 2, 12, 3, 14, 13, 9, 15, 19, 16, 11, 6, 1, 7, 8, 4, 5]
Run 24:
Best OCplx: 2.910915665281421
Best Sequence: [3, 18, 17, 2, 9, 12, 19, 15, 6, 1, 10, 13, 14, 16, 4, 5, 11, 8, 7]
Run 25:
Best OCplx: 2.8406623750684936
Best Sequence: [18, 17, 11, 3, 2, 9, 12, 6, 13, 15, 16, 5, 14, 10, 8, 4, 7, 1, 19]
Run 26:
Best OCplx: 2.551760323217362
Best Sequence: [18, 17, 3, 2, 19, 12, 16, 9, 1, 14, 13, 15, 11, 7, 4, 5, 10, 6, 8]
Run 27:
Best OCplx: 2.551760323217362
Best Sequence: [18, 3, 17, 2, 16, 9, 13, 6, 14, 15, 19, 5, 11, 1, 12, 4, 7, 10, 8]
Run 28:
Best OCplx: 2.691403087001219
Best Sequence: [18, 17, 3, 2, 11, 19, 9, 15, 10, 14, 16, 13, 6, 5, 1, 7, 12, 8, 4]
Run 29:
Best OCplx: 2.8256625225670344
Best Sequence: [18, 17, 2, 3, 14, 11, 9, 1, 19, 6, 10, 13, 12, 15, 16, 4, 7, 8, 5]
Run 30:
Best OCplx: 2.7128208100081834
Best Sequence: [3, 18, 12, 17, 1, 2, 19, 9, 11, 13, 16, 14, 15, 10, 4, 8, 7, 6, 5]
Actor Learning Rate: 1e-05
Critic Learning Rate: 0.0001
Hidden Dimension: 256
Gamma: 0.99
Lambda: 0.9
Epsilon: 0.2
if_EWM: False

