Learning Rate: 4e-05
Epsilon: 0.99
Gamma: 0.93
Memory Capacity: 20000
Batch Size: 64
if_EWM: True
Run 1:
Best OCplx: 2.658611034710587
Best Sequence: [5, 9, 15, 12, 3, 8, 23, 4, 14, 6, 1, 16, 22, 11, 19, 17, 10, 24, 7, 20, 21, 2, 25, 13, 18]
Run 2:
Best OCplx: 2.8492550582293017
Best Sequence: [3, 9, 15, 5, 8, 12, 23, 4, 14, 6, 11, 16, 10, 1, 17, 19, 7, 21, 20, 2, 13, 25, 24, 18, 22]
Run 3:
Best OCplx: 2.5895981131243495
Best Sequence: [9, 5, 8, 12, 15, 3, 4, 23, 14, 11, 16, 22, 2, 7, 19, 6, 20, 13, 17, 1, 10, 24, 21, 25, 18]
Run 4:
Best OCplx: 2.8906328044568204
Best Sequence: [5, 12, 9, 15, 3, 23, 4, 14, 6, 8, 11, 16, 1, 7, 17, 10, 22, 24, 19, 2, 20, 21, 13, 25, 18]
Run 5:
Best OCplx: 2.5094786648359557
Best Sequence: [12, 3, 8, 15, 5, 9, 4, 14, 23, 6, 11, 16, 10, 7, 1, 17, 19, 24, 21, 20, 2, 18, 25, 22, 13]
Run 6:
Best OCplx: 2.58911085634548
Best Sequence: [12, 9, 15, 3, 8, 5, 23, 4, 14, 6, 21, 16, 19, 22, 20, 10, 24, 17, 1, 18, 2, 25, 7, 11, 13]
Run 7:
Best OCplx: 2.6871673218868235
Best Sequence: [9, 5, 15, 12, 3, 8, 4, 14, 6, 23, 11, 16, 22, 1, 17, 10, 7, 21, 2, 19, 24, 20, 18, 13, 25]
Run 3:
Best OCplx: 2.211507102886638
Best Sequence: [9, 5, 15, 3, 12, 8, 23, 4, 14, 6, 16, 19, 20, 7, 10, 17, 21, 24, 18, 13, 2, 22, 1, 11, 25]
Run 9:
Best OCplx: 2.334194190377109
Best Sequence: [5, 9, 12, 3, 8, 15, 14, 23, 4, 6, 11, 16, 22, 1, 10, 17, 7, 19, 20, 21, 24, 18, 13, 2, 25]
Run 10:
Best OCplx: 2.442903035328426
Best Sequence: [15, 12, 5, 9, 3, 8, 23, 4, 14, 6, 11, 16, 10, 7, 17, 1, 19, 24, 22, 20, 21, 2, 13, 18, 25]
Run 11:
Best OCplx: 2.3250567180874087
Best Sequence: [9, 12, 5, 8, 3, 23, 15, 4, 14, 16, 6, 10, 19, 1, 20, 2, 21, 11, 17, 25, 18, 13, 22, 7, 24]
Run 12:
Best OCplx: 2.711894223572062
Best Sequence: [8, 14, 15, 4, 3, 6, 5, 12, 23, 9, 16, 19, 17, 22, 20, 2, 10, 25, 7, 13, 21, 1, 18, 11, 24]
Run 13:
Best OCplx: 2.3215354147541896
Best Sequence: [15, 12, 9, 5, 8, 3, 23, 4, 14, 6, 11, 16, 17, 10, 7, 1, 19, 22, 24, 20, 21, 18, 2, 25, 13]
Run 14:
Best OCplx: 2.7604037401842767
Best Sequence: [15, 12, 5, 3, 8, 9, 23, 4, 14, 6, 11, 16, 17, 22, 10, 1, 7, 24, 2, 19, 20, 21, 18, 13, 25]
Run 15:
Best OCplx: 2.0174833113425787
Best Sequence: [5, 9, 15, 12, 8, 23, 4, 14, 3, 16, 1, 22, 17, 10, 19, 21, 24, 18, 20, 13, 2, 11, 6, 25, 7]
Run 16:
Best OCplx: 2.5857815071054584
Best Sequence: [9, 5, 15, 12, 3, 8, 23, 14, 4, 6, 11, 16, 17, 22, 7, 10, 1, 24, 19, 21, 20, 18, 13, 2, 25]
Run 17:
Best OCplx: 2.3892494634994508
Best Sequence: [5, 12, 3, 15, 9, 8, 4, 23, 14, 6, 11, 16, 22, 10, 1, 7, 19, 24, 21, 20, 18, 2, 17, 13, 25]
Run 28:
Best OCplx: 2.648611171774548
Best Sequence: [9, 12, 5, 3, 15, 8, 23, 4, 14, 1, 6, 11, 16, 10, 17, 19, 24, 20, 21, 18, 2, 25, 22, 7, 13]
Run 29:
Best OCplx: 2.401710857702615
Best Sequence: [15, 12, 5, 9, 3, 8, 4, 14, 6, 23, 16, 22, 24, 10, 17, 19, 20, 21, 13, 1, 18, 2, 7, 25, 11]
Run 20:
Best OCplx: 2.819964564303725
Best Sequence: [12, 5, 8, 15, 3, 4, 9, 14, 23, 11, 6, 16, 22, 21, 19, 10, 20, 17, 1, 2, 25, 7, 24, 13, 18]
Run 21:
Best OCplx: 2.5946102744127497
Best Sequence: [12, 15, 5, 9, 3, 8, 23, 4, 14, 6, 16, 7, 21, 19, 22, 2, 1, 17, 10, 24, 25, 20, 13, 11, 18]
Run 22:
Best OCplx: 2.253157499288222
Best Sequence: [9, 14, 12, 23, 3, 4, 8, 5, 15, 6, 16, 19, 10, 17, 2, 24, 22, 7, 20, 21, 1, 18, 13, 11, 25]
Run 23:
Best OCplx: 2.5194785277719944
Best Sequence: [12, 15, 3, 8, 9, 5, 11, 23, 4, 14, 6, 16, 17, 1, 10, 22, 19, 21, 24, 20, 13, 18, 2, 25, 7]
Run 24:
Best OCplx: 2.9508429238953813
Best Sequence: [8, 9, 5, 15, 12, 3, 23, 4, 14, 6, 11, 16, 10, 1, 17, 22, 7, 24, 19, 21, 2, 25, 20, 18, 13]
Run 25:
Best OCplx: 2.595241079704359
Best Sequence: [5, 8, 9, 15, 12, 3, 4, 14, 23, 6, 16, 10, 1, 22, 24, 17, 11, 7, 2, 19, 21, 20, 25, 18, 13]
Run 26:
Best OCplx: 2.4490914139936373
Best Sequence: [12, 9, 5, 3, 15, 8, 23, 4, 6, 14, 11, 16, 17, 10, 1, 22, 7, 24, 19, 20, 21, 18, 13, 2, 25]
Run 27:
Best OCplx: 2.5946102744127497
Best Sequence: [15, 9, 12, 3, 5, 8, 4, 23, 14, 6, 16, 7, 21, 1, 17, 22, 19, 11, 10, 2, 25, 24, 20, 13, 18]
Run 28:
Best OCplx: 2.3827884346601733
Best Sequence: [9, 5, 15, 12, 3, 8, 23, 4, 14, 6, 11, 16, 1, 10, 7, 17, 19, 22, 24, 20, 21, 13, 2, 18, 25]
Run 29:
Best OCplx: 2.518067458360197
Best Sequence: [12, 15, 8, 9, 3, 5, 23, 4, 14, 6, 11, 16, 1, 7, 22, 10, 24, 19, 17, 20, 21, 2, 18, 13, 25]
Run 30:
Best OCplx: 2.5857815071054584
Best Sequence: [12, 9, 3, 8, 5, 15, 23, 4, 14, 6, 11, 16, 17, 22, 10, 7, 1, 24, 19, 21, 20, 18, 2, 13, 25]
Mean: 2.5396
Min: 2.0175
Max: 2.9508
Std: 0.2078
==========================================
