
Learning Rate: 0.0004
Epsilon: 0.99
Gamma: 0.93
Memory Capacity: 20000
Batch Size: 64
if_EWM: True
seed: 41
Run 1:
Best OCplx: 5.9827791773331205
Best Sequence: [36, 1, 10, 20, 31, 15, 13, 17, 38, 37, 39, 8, 19, 22, 25, 32, 12, 11, 14, 9, 42, 33, 28, 43, 44, 7, 16, 6, 18, 5, 29, 41, 21, 34, 40, 4, 2, 27, 35, 26, 30, 45, 3, 24, 23]
Run 2:
Best OCplx: 6.110824568725616
Best Sequence: [36, 1, 10, 31, 15, 13, 20, 17, 8, 39, 42, 38, 37, 11, 14, 9, 25, 22, 12, 19, 43, 32, 28, 16, 6, 5, 41, 21, 18, 44, 7, 33, 40, 29, 34, 4, 2, 27, 26, 35, 30, 3, 45, 24, 23]
Run 3:
Best OCplx: 5.707146320800143
Best Sequence: [36, 1, 10, 13, 15, 31, 20, 17, 42, 8, 37, 38, 39, 14, 11, 9, 43, 25, 12, 19, 32, 22, 33, 7, 16, 6, 21, 18, 44, 41, 28, 5, 40, 29, 34, 4, 2, 27, 26, 35, 30, 3, 23, 24, 45]
Run 4:
Best OCplx: 6.552461846385627
Best Sequence: [36, 1, 15, 31, 13, 10, 20, 17, 39, 8, 42, 38, 37, 22, 9, 12, 43, 14, 11, 25, 19, 32, 41, 5, 28, 16, 6, 33, 18, 44, 7, 21, 29, 40, 34, 4, 2, 27, 35, 30, 45, 3, 24, 26, 23]
Run 5:
Best OCplx: 6.026512958049523
Best Sequence: [1, 36, 31, 20, 10, 15, 13, 17, 39, 42, 8, 38, 37, 22, 9, 11, 12, 19, 25, 14, 43, 7, 16, 6, 41, 18, 33, 21, 44, 28, 40, 29, 34, 32, 5, 4, 2, 27, 30, 3, 26, 35, 45, 24, 23]
Run 6:
Best OCplx: 6.18159749230328
Best Sequence: [43, 31, 36, 1, 28, 18, 17, 42, 10, 8, 15, 13, 38, 9, 20, 37, 22, 41, 33, 5, 14, 12, 11, 25, 7, 39, 44, 32, 19, 16, 29, 6, 21, 40, 34, 4, 2, 27, 26, 35, 30, 24, 3, 23, 45]
Run 7:
Best OCplx: 5.58794084732367
Best Sequence: [1, 36, 31, 10, 13, 15, 20, 17, 39, 42, 37, 8, 38, 25, 11, 22, 43, 14, 19, 9, 12, 16, 41, 33, 7, 6, 18, 44, 28, 5, 29, 21, 34, 40, 32, 4, 2, 27, 35, 26, 30, 3, 24, 45, 23]
Run 8:
Best OCplx: 5.794199930244417
Best Sequence: [1, 36, 15, 13, 10, 31, 20, 17, 8, 37, 38, 39, 42, 32, 14, 22, 25, 9, 12, 11, 19, 43, 33, 16, 6, 21, 18, 44, 7, 34, 28, 5, 29, 41, 40, 4, 2, 27, 26, 35, 30, 24, 23, 45, 3]
Run 9:
Best OCplx: 6.031216035809155
Best Sequence: [36, 1, 31, 13, 15, 10, 20, 17, 42, 8, 39, 9, 37, 38, 14, 11, 18, 28, 7, 44, 19, 12, 33, 16, 25, 22, 43, 32, 5, 29, 41, 6, 21, 40, 34, 4, 2, 26, 30, 3, 24, 45, 27, 35, 23]
Run 10:
Best OCplx: 6.4071944221175245
Best Sequence: [20, 1, 36, 43, 13, 31, 25, 10, 14, 15, 18, 17, 26, 8, 42, 39, 38, 37, 22, 28, 19, 44, 33, 5, 11, 12, 7, 32, 16, 9, 29, 41, 6, 40, 21, 34, 2, 27, 4, 30, 3, 45, 24, 35, 23]
Run 11:
Best OCplx: 5.806616492716748
Best Sequence: [36, 1, 13, 18, 10, 15, 42, 31, 43, 20, 17, 38, 8, 39, 9, 37, 14, 28, 33, 11, 19, 7, 12, 27, 44, 25, 22, 41, 16, 5, 29, 34, 32, 21, 40, 6, 4, 2, 35, 26, 30, 3, 24, 45, 23]
Run 12:
Best OCplx: 6.355042681380902
Best Sequence: [1, 36, 10, 15, 31, 13, 20, 17, 38, 8, 37, 9, 39, 11, 43, 42, 14, 25, 22, 12, 19, 33, 32, 16, 6, 21, 28, 18, 44, 7, 5, 41, 34, 29, 40, 4, 2, 35, 30, 3, 24, 45, 26, 27, 23]
Run 13:
Best OCplx: 5.58794084732367
Best Sequence: [1, 36, 20, 13, 10, 15, 31, 17, 37, 39, 8, 42, 38, 14, 22, 25, 43, 11, 9, 32, 12, 19, 28, 16, 7, 6, 18, 33, 44, 5, 21, 41, 29, 40, 34, 4, 2, 27, 26, 35, 30, 23, 45, 24, 3]
Run 14:
Best OCplx: 5.881905218567567
Best Sequence: [1, 36, 31, 13, 15, 10, 20, 17, 8, 39, 42, 38, 37, 25, 43, 12, 14, 18, 16, 28, 33, 9, 5, 7, 22, 11, 44, 19, 32, 41, 29, 34, 40, 6, 21, 4, 2, 35, 27, 26, 30, 3, 45, 24, 23]
Run 15:
Best OCplx: 6.101984650809594
Best Sequence: [36, 1, 31, 5, 15, 10, 13, 20, 17, 38, 8, 37, 39, 42, 22, 12, 9, 25, 14, 11, 43, 32, 19, 28, 7, 44, 16, 6, 21, 18, 41, 29, 40, 33, 34, 4, 2, 27, 35, 26, 30, 45, 3, 24, 23]
Run 16:
Best OCplx: 6.34039559776254
Best Sequence: [36, 1, 13, 15, 10, 31, 20, 17, 37, 42, 39, 38, 8, 9, 11, 12, 19, 14, 22, 25, 43, 32, 7, 5, 41, 33, 6, 44, 40, 16, 18, 28, 29, 21, 34, 4, 2, 27, 26, 35, 30, 3, 24, 23, 45]
Run 17:
Best OCplx: 6.258064362470688
Best Sequence: [1, 25, 36, 31, 37, 10, 13, 15, 20, 17, 42, 7, 19, 38, 39, 8, 22, 14, 44, 28, 9, 11, 12, 43, 16, 6, 33, 41, 18, 5, 21, 32, 34, 40, 4, 29, 2, 26, 27, 35, 30, 3, 45, 24, 23]
Run 18:
Best OCplx: 6.459601071239013
Best Sequence: [1, 36, 10, 13, 15, 31, 20, 17, 38, 39, 42, 8, 37, 43, 11, 9, 12, 14, 32, 25, 19, 22, 44, 16, 7, 6, 21, 41, 28, 29, 33, 34, 18, 5, 40, 4, 2, 27, 26, 35, 30, 3, 24, 45, 23]
Run 19:
Best OCplx: 5.509727155795417
Best Sequence: [36, 1, 15, 31, 10, 13, 20, 17, 39, 38, 42, 37, 8, 9, 19, 14, 12, 32, 25, 11, 22, 43, 7, 16, 6, 21, 18, 33, 44, 5, 28, 29, 41, 40, 34, 4, 2, 27, 35, 26, 30, 45, 3, 23, 24]
Run 20:
Best OCplx: 5.58794084732367
Best Sequence: [1, 36, 15, 10, 31, 20, 13, 17, 39, 38, 37, 42, 8, 32, 43, 19, 22, 16, 14, 33, 11, 25, 9, 12, 7, 6, 18, 28, 21, 44, 5, 41, 29, 40, 34, 4, 2, 27, 26, 35, 30, 23, 45, 3, 24]
Run 21:
Best OCplx: 6.2450204786301295
Best Sequence: [40, 1, 36, 15, 31, 13, 38, 18, 17, 42, 20, 39, 8, 37, 5, 28, 12, 22, 10, 33, 16, 19, 7, 43, 25, 44, 14, 32, 9, 11, 41, 6, 21, 29, 34, 4, 2, 27, 35, 26, 30, 3, 24, 23, 45]
Run 22:
Best OCplx: 6.036489450865187
Best Sequence: [1, 36, 31, 42, 13, 15, 10, 20, 39, 37, 38, 19, 8, 28, 43, 32, 11, 29, 33, 12, 41, 7, 14, 6, 18, 44, 40, 34, 17, 22, 5, 25, 9, 21, 16, 4, 2, 35, 27, 26, 30, 3, 24, 45, 23]
Run 23:
Best OCplx: 6.110824568725616
Best Sequence: [36, 1, 13, 15, 10, 31, 20, 17, 39, 8, 38, 37, 42, 22, 9, 14, 11, 12, 32, 43, 25, 16, 41, 19, 6, 5, 21, 44, 18, 28, 7, 33, 29, 40, 34, 4, 2, 27, 26, 35, 30, 24, 3, 45, 23]
Run 24:
Best OCplx: 6.34039559776254
Best Sequence: [36, 1, 31, 10, 15, 13, 20, 17, 8, 39, 42, 38, 37, 11, 12, 9, 22, 14, 32, 19, 43, 25, 5, 44, 28, 7, 41, 16, 6, 18, 33, 29, 40, 34, 21, 4, 26, 2, 27, 35, 30, 24, 23, 45, 3]
Run 25:
Best OCplx: 6.298489538179924
Best Sequence: [36, 1, 13, 31, 10, 20, 15, 38, 39, 17, 37, 42, 8, 12, 32, 22, 19, 7, 11, 9, 6, 14, 18, 21, 28, 44, 33, 29, 41, 40, 43, 25, 16, 5, 34, 4, 2, 27, 30, 3, 26, 24, 45, 35, 23]
Run 26:
Best OCplx: 5.477575291763219
Best Sequence: [36, 1, 13, 10, 20, 31, 15, 17, 8, 42, 38, 39, 37, 9, 14, 22, 11, 25, 19, 12, 43, 16, 6, 41, 18, 40, 28, 7, 44, 5, 33, 29, 34, 32, 21, 4, 2, 27, 26, 35, 30, 3, 23, 24, 45]
Run 27:
Best OCplx: 5.945557267753089
Best Sequence: [36, 1, 10, 15, 31, 13, 20, 17, 42, 8, 37, 12, 39, 9, 43, 38, 25, 14, 19, 32, 11, 41, 22, 16, 40, 7, 6, 28, 29, 18, 33, 5, 44, 21, 34, 4, 2, 27, 35, 26, 30, 3, 23, 45, 24]
Run 28:
Best OCplx: 5.707146320800142
Best Sequence: [1, 36, 10, 15, 31, 13, 20, 17, 39, 8, 38, 42, 37, 43, 9, 11, 22, 14, 19, 25, 32, 12, 44, 41, 16, 7, 6, 18, 21, 28, 29, 5, 33, 34, 40, 4, 2, 27, 26, 35, 30, 24, 3, 45, 23]
Run 29:
Best OCplx: 5.9827791773331205
Best Sequence: [36, 1, 15, 31, 13, 10, 20, 17, 38, 37, 42, 8, 14, 32, 12, 11, 19, 39, 9, 22, 25, 43, 28, 5, 16, 7, 6, 44, 18, 33, 29, 21, 41, 34, 4, 40, 2, 27, 26, 35, 30, 23, 3, 45, 24]
Run 30:
Best OCplx: 5.707146320800143
Best Sequence: [36, 1, 13, 10, 20, 31, 15, 17, 8, 39, 38, 37, 42, 12, 25, 19, 22, 14, 11, 9, 32, 43, 7, 44, 16, 6, 21, 18, 28, 33, 5, 41, 40, 29, 34, 4, 2, 27, 26, 35, 30, 3, 24, 23, 45]
Mean: 6.0041
Min: 5.4776
Max: 6.5525
Std: 0.3002