Run 1:
Best OCplx: 0.6428243465332251
Best Sequence: [19, 11, 7, 12, 9, 10, 13, 21, 5, 1, 22, 16, 8, 17, 6, 23, 4, 15, 3, 14, 2, 18, 20]
Run 2:
Best OCplx: 1.3538878923868847
Best Sequence: [5, 17, 23, 18, 20, 19, 6, 7, 8, 12, 13, 9, 16, 4, 2, 22, 14, 15, 3, 1, 11, 10, 21]
Run 3:
Best OCplx: 0.8356716504931926
Best Sequence: [11, 16, 5, 21, 1, 14, 18, 20, 8, 9, 22, 12, 6, 17, 10, 4, 2, 7, 19, 23, 3, 15, 13]
Run 4:
Best OCplx: 0.8678128678198538
Best Sequence: [5, 6, 14, 21, 22, 20, 9, 7, 13, 17, 8, 1, 23, 19, 16, 12, 4, 11, 2, 3, 15, 10, 18]
Run 5:
Best OCplx: 0.6428243465332251
Best Sequence: [8, 21, 6, 16, 19, 9, 18, 11, 14, 10, 13, 17, 5, 1, 12, 7, 3, 23, 4, 20, 2, 15, 22]
Run 6:
Best OCplx: 1.1032329921919506
Best Sequence: [17, 1, 7, 9, 5, 20, 12, 6, 4, 10, 11, 14, 23, 8, 2, 3, 16, 21, 19, 15, 13, 22, 18]
Run 7:
Best OCplx: 0.5464006945532414
Best Sequence: [17, 9, 22, 19, 21, 23, 13, 11, 16, 20, 1, 18, 12, 4, 10, 14, 7, 6, 8, 5, 2, 3, 15]
Run 8:
Best OCplx: 0.6428243465332251
Best Sequence: [13, 19, 7, 22, 9, 8, 20, 1, 16, 12, 21, 17, 11, 4, 14, 10, 15, 5, 6, 2, 3, 18, 23]
Run 9:
Best OCplx: 0.7713892158398701
Best Sequence: [12, 5, 18, 9, 1, 7, 8, 21, 16, 4, 17, 11, 23, 10, 22, 6, 3, 19, 15, 14, 13, 2, 20]
Run 10:
Best OCplx: 0.7071067811865476
Best Sequence: [9, 8, 7, 16, 17, 11, 18, 23, 20, 21, 6, 13, 10, 15, 12, 19, 5, 14, 1, 4, 2, 3, 22]
Run 11:
Best OCplx: 0.5464006945532413
Best Sequence: [21, 12, 9, 16, 7, 22, 17, 11, 8, 20, 1, 6, 13, 14, 4, 18, 5, 2, 10, 19, 3, 23, 15]
Run 12:
Best OCplx: 0.4821182598999188
Best Sequence: [13, 7, 1, 8, 17, 11, 6, 16, 10, 22, 12, 23, 18, 5, 4, 14, 20, 21, 9, 19, 2, 3, 15]
Run 13:
Best OCplx: 0.9320953024731762
Best Sequence: [9, 23, 11, 12, 8, 6, 1, 4, 7, 5, 18, 16, 13, 21, 14, 15, 20, 19, 2, 22, 17, 3, 10]
Run 14:
Best OCplx: 0.7392479985132089
Best Sequence: [7, 21, 23, 11, 10, 19, 20, 17, 22, 16, 8, 15, 1, 13, 5, 6, 12, 14, 9, 4, 2, 3, 18]
Run 15:
Best OCplx: 0.9320953024731763
Best Sequence: [5, 11, 21, 1, 8, 16, 7, 9, 6, 14, 23, 12, 4, 18, 13, 2, 19, 15, 3, 20, 10, 22, 17]
Run 16:
Best OCplx: 0.8678128678198538
Best Sequence: [22, 21, 5, 16, 8, 1, 17, 19, 18, 13, 20, 6, 12, 14, 4, 15, 23, 9, 11, 2, 3, 7, 10]
Run 17:
Best OCplx: 0.8782444709053217
Best Sequence: [12, 17, 9, 10, 23, 6, 19, 16, 1, 14, 20, 4, 8, 5, 7, 18, 11, 22, 2, 21, 3, 13, 15]
Run 18:
Best OCplx: 0.9963777371264988
Best Sequence: [17, 18, 9, 5, 16, 21, 6, 7, 22, 8, 11, 14, 10, 13, 1, 19, 3, 15, 23, 20, 12, 4, 2]
Run 19:
Best OCplx: 1.038950557538628
Best Sequence: [8, 17, 9, 19, 1, 13, 22, 16, 23, 18, 15, 6, 10, 12, 11, 5, 2, 20, 3, 14, 21, 4, 7]
Run 20:
Best OCplx: 0.6106831292065638
Best Sequence: [17, 9, 11, 8, 10, 12, 5, 14, 23, 7, 1, 19, 4, 13, 6, 22, 16, 18, 21, 15, 2, 20, 3]
Run 21:
Best OCplx: 0.5785419118799026
Best Sequence: [21, 18, 17, 11, 16, 10, 13, 20, 12, 9, 8, 23, 7, 1, 4, 19, 22, 5, 14, 15, 6, 2, 3]
Run 22:
Best OCplx: 0.8139620362519993
Best Sequence: [1, 9, 19, 17, 10, 5, 20, 22, 7, 16, 8, 15, 23, 13, 6, 14, 12, 18, 21, 4, 2, 3, 11]
Run 23:
Best OCplx: 0.8461032535786605
Best Sequence: [22, 9, 21, 7, 6, 10, 12, 18, 1, 20, 19, 4, 8, 16, 15, 5, 11, 14, 17, 2, 13, 3, 23]
Run 24:
Best OCplx: 1.4463547796997567
Best Sequence: [17, 22, 9, 7, 16, 14, 4, 5, 6, 1, 11, 8, 15, 20, 18, 2, 3, 12, 13, 19, 23, 10, 21]
Run 25:
Best OCplx: 0.4821182598999188
Best Sequence: [19, 16, 1, 20, 7, 13, 21, 12, 11, 8, 6, 22, 9, 10, 4, 5, 23, 18, 17, 2, 14, 3, 15]
Run 26:
Best OCplx: 0.899954085146515
Best Sequence: [12, 1, 16, 19, 11, 8, 14, 9, 7, 4, 15, 21, 5, 18, 6, 2, 23, 17, 3, 22, 20, 13, 10]
Run 27:
Best OCplx: 0.8356716504931927
Best Sequence: [9, 8, 18, 1, 21, 16, 7, 12, 5, 13, 17, 22, 6, 20, 14, 11, 3, 4, 2, 10, 15, 23, 19]
Run 28:
Best OCplx: 1.2213662584131275
Best Sequence: [22, 9, 6, 13, 1, 18, 14, 23, 21, 5, 7, 2, 8, 12, 20, 11, 17, 10, 4, 3, 16, 15, 19]
Run 29:
Best OCplx: 1.1032329921919506
Best Sequence: [23, 7, 1, 8, 16, 19, 9, 15, 22, 21, 6, 10, 14, 12, 13, 5, 4, 11, 3, 2, 17, 20, 18]
Run 30:
Best OCplx: 0.9532073976580517
Best Sequence: [9, 17, 12, 4, 20, 11, 8, 5, 18, 14, 21, 7, 23, 13, 1, 19, 10, 2, 16, 3, 22, 15, 6]
