Learning Rate: 4e-05
Epsilon: 0.99
Gamma: 0.93
Memory Capacity: 20000
Batch Size: 64
if_EWM: False
Run 1:
Best OCplx: 2.340831213338432
Best Sequence: [2, 3, 7, 20, 21, 18, 19, 16, 17, 4, 1, 5, 6, 8, 9, 10, 13, 12, 11, 14, 15]
Run 2:
Best OCplx: 2.706892644814421
Best Sequence: [21, 17, 6, 20, 19, 4, 16, 18, 3, 5, 7, 1, 2, 9, 8, 10, 11, 12, 15, 13, 14]
Run 3:
Best OCplx: 2.27272499551655
Best Sequence: [17, 16, 20, 6, 1, 21, 19, 7, 4, 5, 18, 2, 3, 8, 9, 10, 14, 15, 13, 12, 11]
Run 4:
Best OCplx: 2.3874536384716105
Best Sequence: [6, 17, 4, 7, 16, 2, 19, 20, 18, 1, 5, 21, 3, 8, 9, 10, 13, 14, 12, 15, 11]
Run 7:
Best OCplx: 2.6058773903592
Best Sequence: [20, 21, 19, 3, 7, 16, 1, 6, 2, 17, 18, 5, 9, 8, 10, 11, 15, 12, 13, 14, 4]
Run 8:
Best OCplx: 2.1717097410613286
Best Sequence: [16, 21, 20, 18, 2, 6, 3, 17, 19, 1, 4, 7, 5, 8, 9, 10, 14, 11, 15, 12, 13]
Run 9:
Best OCplx: 2.6506356450102575
Best Sequence: [21, 4, 17, 6, 20, 3, 16, 18, 7, 19, 2, 5, 1, 8, 9, 10, 13, 12, 11, 14, 15]
Run 10:
Best OCplx: 2.6058773903592
Best Sequence: [6, 21, 20, 18, 19, 16, 17, 4, 1, 5, 3, 9, 8, 2, 7, 10, 11, 14, 12, 13, 15]
Run 11:
Best OCplx: 2.808872663434948
Best Sequence: [16, 2, 21, 19, 1, 7, 18, 6, 17, 4, 20, 3, 5, 8, 9, 10, 12, 14, 11, 13, 15]
Run 12:
Best OCplx: 2.4574240267756142
Best Sequence: [16, 17, 21, 20, 7, 18, 2, 1, 19, 5, 6, 3, 9, 8, 10, 14, 13, 12, 15, 11, 4]
Run 13:
Best OCplx: 2.6731679241858965
Best Sequence: [21, 19, 17, 7, 20, 6, 16, 2, 3, 5, 1, 4, 18, 9, 8, 10, 13, 12, 11, 15, 14]
Run 14:
Best OCplx: 2.2864383840163898
Best Sequence: [6, 16, 19, 21, 2, 17, 4, 7, 20, 5, 1, 18, 3, 8, 9, 10, 14, 13, 12, 11, 15]
Run 15:
Best OCplx: 2.6506356450102575
Best Sequence: [7, 17, 6, 16, 3, 2, 19, 20, 4, 18, 5, 21, 1, 8, 9, 10, 13, 14, 11, 12, 15]
Run 16:
Best OCplx: 2.1717097410613286
Best Sequence: [16, 7, 6, 20, 1, 19, 17, 5, 4, 2, 18, 3, 21, 8, 9, 10, 12, 11, 13, 15, 14]
Run 17:
Best OCplx: 2.27272499551655
Best Sequence: [17, 21, 16, 20, 2, 1, 4, 18, 3, 6, 7, 19, 5, 8, 9, 10, 15, 13, 14, 11, 12]
Run 18:
Best OCplx: 2.492071172659418
Best Sequence: [7, 6, 21, 16, 17, 4, 20, 1, 2, 5, 18, 19, 3, 8, 9, 15, 10, 12, 13, 14, 11]
Run 19:
Best OCplx: 2.5118168560976564
Best Sequence: [21, 2, 7, 20, 18, 16, 6, 19, 17, 5, 3, 1, 4, 9, 8, 10, 13, 15, 14, 12, 11]
Run 20:
Best OCplx: 2.1717097410613286
Best Sequence: [21, 20, 16, 17, 4, 6, 19, 7, 1, 5, 2, 3, 8, 9, 10, 13, 14, 15, 11, 18, 12]
Run 21:
Best OCplx: 2.5721526697306754
Best Sequence: [16, 18, 7, 21, 20, 6, 2, 1, 17, 3, 4, 19, 5, 9, 8, 10, 13, 15, 14, 12, 11]
Run 22:
Best OCplx: 2.5702884992485537
Best Sequence: [21, 7, 2, 6, 18, 3, 19, 16, 20, 17, 4, 5, 8, 9, 10, 14, 13, 11, 15, 12, 1]
Run 23:
Best OCplx: 2.2864383840163898
Best Sequence: [21, 7, 16, 6, 17, 2, 18, 20, 3, 5, 4, 1, 19, 8, 9, 10, 11, 14, 13, 12, 15]
Run 24:
Best OCplx: 2.4011670269714505
Best Sequence: [20, 18, 21, 19, 16, 1, 2, 3, 7, 4, 17, 6, 5, 8, 9, 10, 13, 14, 15, 12, 11]
Run 25:
Best OCplx: 2.1717097410613286
Best Sequence: [21, 6, 16, 20, 19, 18, 17, 5, 2, 3, 4, 7, 1, 8, 9, 10, 11, 13, 14, 12, 15]
Run 26:
Best OCplx: 2.6731679241858965
Best Sequence: [7, 18, 20, 6, 21, 19, 17, 16, 2, 1, 5, 4, 3, 9, 8, 10, 15, 14, 12, 13, 11]
Run 27:
Best OCplx: 2.8564540814466954
Best Sequence: [7, 16, 2, 6, 17, 21, 18, 20, 1, 4, 19, 5, 3, 8, 9, 14, 12, 10, 15, 13, 11]
Run 28:
Best OCplx: 2.1717097410613286
Best Sequence: [7, 16, 20, 1, 19, 6, 17, 2, 4, 21, 5, 18, 8, 9, 10, 12, 14, 15, 13, 11, 3]
Run 29:
Best OCplx: 2.5721526697306754
Best Sequence: [6, 19, 20, 21, 16, 17, 2, 4, 5, 1, 3, 18, 7, 9, 8, 10, 12, 11, 14, 13, 15]
Run 30:
Best OCplx: 2.3201631046449145
Best Sequence: [20, 7, 18, 6, 16, 1, 17, 21, 4, 5, 3, 19, 8, 9, 10, 13, 11, 14, 15, 12, 2]
Mean: 2.4584
Min: 2.1717
Max: 2.8565
Std: 0.2049