Run 1:
Best OCplx: 4.811993501421022
Best Sequence: [18, 11, 12, 17, 1, 10, 3, 2, 16, 13, 8, 9, 4, 14, 19, 5, 15, 7, 6]
Run 2:
Best OCplx: 4.788464658314595
Best Sequence: [10, 17, 3, 18, 2, 1, 15, 9, 13, 7, 19, 11, 4, 5, 16, 12, 6, 14, 8]
Run 3:
Best OCplx: 3.6775942051940698
Best Sequence: [11, 2, 3, 9, 12, 10, 15, 19, 18, 13, 14, 4, 6, 1, 16, 17, 7, 8, 5]
Run 4:
Best OCplx: 4.649895341743075
Best Sequence: [15, 2, 3, 13, 9, 16, 8, 1, 18, 19, 11, 6, 4, 12, 14, 10, 5, 17, 7]
Run 5:
Best OCplx: 4.739965776167461
Best Sequence: [3, 11, 18, 2, 6, 9, 15, 12, 10, 17, 13, 4, 14, 8, 19, 5, 1, 16, 7]
Run 6:
Best OCplx: 5.232194297238299
Best Sequence: [1, 3, 9, 2, 16, 10, 13, 12, 19, 11, 8, 15, 14, 4, 18, 6, 17, 5, 7]
Run 7:
Best OCplx: 3.213961428647084
Best Sequence: [3, 18, 2, 9, 12, 16, 17, 13, 14, 1, 19, 10, 15, 7, 11, 5, 6, 4, 8]
Run 8:
Best OCplx: 4.52889790396925
Best Sequence: [11, 3, 2, 18, 14, 17, 9, 8, 13, 6, 19, 5, 16, 12, 1, 15, 4, 10, 7]
Run 9:
Best OCplx: 3.3873166244321684
Best Sequence: [18, 3, 17, 2, 19, 12, 13, 14, 16, 1, 15, 9, 10, 5, 6, 4, 11, 7, 8]
Run 10:
Best OCplx: 4.553514037729022
Best Sequence: [2, 3, 9, 16, 13, 7, 19, 8, 10, 11, 15, 6, 5, 18, 17, 14, 12, 4, 1]
Run 11:
Best OCplx: 5.100919913411689
Best Sequence: [13, 17, 2, 9, 10, 3, 19, 14, 16, 15, 18, 7, 8, 11, 1, 12, 6, 5, 4]
Run 12:
Best OCplx: 4.627149862945316
Best Sequence: [3, 2, 16, 15, 6, 19, 9, 14, 5, 13, 17, 10, 7, 4, 1, 18, 8, 11, 12]
Run 13:
Best OCplx: 4.86588673299406
Best Sequence: [3, 2, 17, 13, 14, 19, 6, 16, 12, 15, 9, 4, 5, 10, 11, 8, 18, 7, 1]
Run 14:
Best OCplx: 4.550794620168462
Best Sequence: [3, 18, 6, 17, 9, 2, 16, 1, 4, 11, 15, 14, 7, 13, 5, 12, 19, 10, 8]
Run 15:
Best OCplx: 5.149448417830921
Best Sequence: [18, 14, 11, 3, 2, 15, 13, 10, 1, 9, 5, 6, 19, 16, 17, 7, 8, 4, 12]
Run 16:
Best OCplx: 4.327561949676504
Best Sequence: [2, 11, 9, 3, 18, 6, 13, 4, 12, 10, 17, 14, 15, 1, 16, 19, 5, 8, 7]
Run 17:
Best OCplx: 4.862445615013785
Best Sequence: [3, 12, 18, 17, 2, 6, 9, 11, 13, 19, 4, 5, 1, 16, 7, 10, 14, 8, 15]
Run 18:
Best OCplx: 4.556049990418786
Best Sequence: [12, 3, 15, 2, 14, 16, 9, 13, 8, 6, 17, 18, 1, 4, 7, 5, 19, 11, 10]
Run 19:
Best OCplx: 4.15002468337119
Best Sequence: [3, 2, 15, 9, 16, 8, 18, 6, 13, 19, 14, 5, 12, 17, 11, 4, 7, 10, 1]
Run 20:
Best OCplx: 3.050054172897537
Best Sequence: [3, 15, 17, 2, 19, 18, 16, 9, 13, 11, 14, 10, 4, 5, 1, 12, 6, 8, 7]
Run 21:
Best OCplx: 4.897347275425872
Best Sequence: [2, 12, 3, 10, 9, 6, 13, 1, 16, 19, 5, 4, 11, 14, 18, 7, 15, 17, 8]
Run 22:
Best OCplx: 4.111709985546767
Best Sequence: [10, 18, 3, 5, 17, 2, 13, 19, 11, 9, 16, 14, 15, 4, 6, 12, 1, 7, 8]
Run 23:
Best OCplx: 4.321550520148924
Best Sequence: [12, 11, 18, 2, 9, 3, 13, 6, 1, 17, 16, 5, 10, 8, 19, 14, 4, 15, 7]
Run 24:
Best OCplx: 4.654282636202292
Best Sequence: [17, 12, 9, 3, 18, 2, 10, 6, 16, 7, 14, 13, 15, 4, 11, 5, 1, 19, 8]
Run 25:
Best OCplx: 4.04932853541333
Best Sequence: [2, 18, 3, 19, 9, 6, 17, 7, 16, 13, 14, 15, 12, 8, 1, 10, 11, 4, 5]
Run 26:
Best OCplx: 5.246837696842801
Best Sequence: [17, 12, 2, 3, 14, 16, 5, 13, 9, 4, 18, 10, 11, 15, 1, 19, 8, 6, 7]
Run 27:
Best OCplx: 4.3289199124248325
Best Sequence: [3, 2, 12, 18, 9, 14, 1, 16, 19, 7, 6, 4, 15, 11, 13, 5, 8, 10, 17]
Run 28:
Best OCplx: 4.472147241722386
Best Sequence: [15, 2, 3, 9, 12, 14, 1, 13, 16, 10, 5, 4, 7, 18, 19, 8, 17, 11, 6]
Run 29:
Best OCplx: 4.27785053210191
Best Sequence: [18, 2, 3, 10, 12, 16, 17, 9, 13, 19, 5, 14, 8, 1, 6, 11, 4, 7, 15]
Run 30:
Best OCplx: 3.9984243240277926
Best Sequence: [2, 9, 18, 3, 14, 13, 19, 16, 7, 6, 17, 10, 5, 11, 12, 8, 15, 1, 4]
UPDATE_GLOBAL_ITER: 200
GAMMA: 0.99
MAX_EP: 3000
thread_count: 3
RL: 5e-05
if_EWM: True

