Run 1:
Best OCplx: 4.80841325657844
Best Sequence: [18, 11, 12, 17, 1, 10, 3, 2, 16, 13, 8, 9, 4, 14, 19, 5, 15, 7, 6]
Run 2:
Best OCplx: 4.7472835522265555
Best Sequence: [10, 17, 3, 18, 2, 1, 15, 9, 13, 7, 19, 11, 4, 5, 16, 12, 6, 14, 8]
Run 3:
Best OCplx: 3.721180798254134
Best Sequence: [11, 2, 3, 9, 12, 10, 15, 19, 18, 13, 14, 4, 6, 1, 16, 17, 7, 8, 5]
Run 4:
Best OCplx: 4.637796440664864
Best Sequence: [15, 2, 3, 13, 9, 16, 8, 1, 18, 19, 11, 6, 4, 12, 14, 10, 5, 17, 7]
Run 5:
Best OCplx: 4.774213739219361
Best Sequence: [3, 11, 18, 2, 6, 9, 15, 12, 10, 17, 13, 4, 14, 8, 19, 5, 1, 16, 7]
Run 6:
Best OCplx: 5.172868403770179
Best Sequence: [1, 3, 9, 2, 16, 10, 13, 12, 19, 11, 8, 15, 14, 4, 18, 6, 17, 5, 7]
Run 7:
Best OCplx: 3.2524387589394497
Best Sequence: [3, 18, 2, 9, 12, 16, 17, 13, 14, 1, 19, 10, 15, 7, 11, 5, 6, 4, 8]
Run 8:
Best OCplx: 4.61017183350663
Best Sequence: [11, 3, 2, 18, 14, 17, 9, 8, 13, 6, 19, 5, 16, 12, 1, 15, 4, 10, 7]
Run 9:
Best OCplx: 3.384640693257897
Best Sequence: [18, 3, 17, 2, 19, 12, 13, 14, 16, 1, 15, 9, 10, 5, 6, 4, 11, 7, 8]
Run 10:
Best OCplx: 4.581859015826475
Best Sequence: [2, 3, 9, 16, 13, 7, 19, 8, 10, 11, 15, 6, 5, 18, 17, 14, 12, 4, 1]
Run 11:
Best OCplx: 5.0055866105535385
Best Sequence: [13, 17, 2, 9, 10, 3, 19, 14, 16, 15, 18, 7, 8, 11, 1, 12, 6, 5, 4]
Run 12:
Best OCplx: 4.605737954628401
Best Sequence: [3, 2, 16, 15, 6, 19, 9, 14, 5, 13, 17, 10, 7, 4, 1, 18, 8, 11, 12]
Run 13:
Best OCplx: 4.859629079998006
Best Sequence: [3, 2, 17, 13, 14, 19, 6, 16, 12, 15, 9, 4, 5, 10, 11, 8, 18, 7, 1]
Run 14:
Best OCplx: 4.501308889584237
Best Sequence: [3, 18, 6, 17, 9, 2, 16, 1, 4, 11, 15, 14, 7, 13, 5, 12, 19, 10, 8]
Run 15:
Best OCplx: 5.106625343289086
Best Sequence: [18, 14, 11, 3, 2, 15, 13, 10, 1, 9, 5, 6, 19, 16, 17, 7, 8, 4, 12]
Run 16:
Best OCplx: 4.365807268609137
Best Sequence: [2, 11, 9, 3, 18, 6, 13, 4, 12, 10, 17, 14, 15, 1, 16, 19, 5, 8, 7]
Run 17:
Best OCplx: 4.878060327721647
Best Sequence: [3, 12, 18, 17, 2, 6, 9, 11, 13, 19, 4, 5, 1, 16, 7, 10, 14, 8, 15]
Run 18:
Best OCplx: 4.559540521812164
Best Sequence: [12, 3, 15, 2, 14, 16, 9, 13, 8, 6, 17, 18, 1, 4, 7, 5, 19, 11, 10]
Run 19:
Best OCplx: 4.168513706232492
Best Sequence: [3, 2, 15, 9, 16, 8, 18, 6, 13, 19, 14, 5, 12, 17, 11, 4, 7, 10, 1]
Run 20:
Best OCplx: 3.0180312239145772
Best Sequence: [3, 15, 17, 2, 19, 18, 16, 9, 13, 11, 14, 10, 4, 5, 1, 12, 6, 8, 7]
Run 21:
Best OCplx: 4.948810374378806
Best Sequence: [2, 12, 3, 10, 9, 6, 13, 1, 16, 19, 5, 4, 11, 14, 18, 7, 15, 17, 8]
Run 22:
Best OCplx: 4.144832120646696
Best Sequence: [10, 18, 3, 5, 17, 2, 13, 19, 11, 9, 16, 14, 15, 4, 6, 12, 1, 7, 8]
Run 23:
Best OCplx: 4.36166140677861
Best Sequence: [12, 11, 18, 2, 9, 3, 13, 6, 1, 17, 16, 5, 10, 8, 19, 14, 4, 15, 7]
Run 24:
Best OCplx: 4.583377516388312
Best Sequence: [17, 12, 9, 3, 18, 2, 10, 6, 16, 7, 14, 13, 15, 4, 11, 5, 1, 19, 8]
Run 25:
Best OCplx: 4.094347851480535
Best Sequence: [2, 18, 3, 19, 9, 6, 17, 7, 16, 13, 14, 15, 12, 8, 1, 10, 11, 4, 5]
Run 26:
Best OCplx: 5.269954300565534
Best Sequence: [17, 12, 2, 3, 14, 16, 5, 13, 9, 4, 18, 10, 11, 15, 1, 19, 8, 6, 7]
Run 27:
Best OCplx: 4.387219648633525
Best Sequence: [3, 2, 12, 18, 9, 14, 1, 16, 19, 7, 6, 4, 15, 11, 13, 5, 8, 10, 17]
Run 28:
Best OCplx: 4.468217015969074
Best Sequence: [15, 2, 3, 9, 12, 14, 1, 13, 16, 10, 5, 4, 7, 18, 19, 8, 17, 11, 6]
Run 29:
Best OCplx: 4.343751622287036
Best Sequence: [18, 2, 3, 10, 12, 16, 17, 9, 13, 19, 5, 14, 8, 1, 6, 11, 4, 7, 15]
Run 30:
Best OCplx: 4.049370213923665
Best Sequence: [2, 9, 18, 3, 14, 13, 19, 16, 7, 6, 17, 10, 5, 11, 12, 8, 15, 1, 4]
