Run 1:
Best OCplx: 4.269056736520857
Best Sequence: [21, 19, 56, 8, 9, 49, 4, 13, 18, 17, 36, 30, 61, 35, 29, 14, 45, 46, 28, 10, 32, 43, 23, 11, 5, 60, 40, 58, 55, 16, 1, 31, 34, 24, 2, 44, 41, 39, 26, 27, 20, 6, 7, 47, 48, 53, 22, 57, 15, 37, 25, 54, 59, 38, 3, 52, 51, 33, 42, 12, 50]
Run 2:
Best OCplx: 4.026794525846434
Best Sequence: [8, 10, 15, 58, 17, 9, 61, 46, 59, 21, 48, 47, 19, 6, 16, 53, 36, 40, 25, 32, 26, 37, 54, 28, 29, 39, 43, 11, 31, 57, 45, 20, 5, 60, 7, 27, 55, 35, 44, 4, 41, 13, 42, 14, 18, 1, 3, 49, 56, 23, 24, 34, 30, 52, 51, 33, 2, 22, 38, 50, 12]
Run 3:
Best OCplx: 4.43941016123498
Best Sequence: [21, 17, 11, 59, 29, 46, 18, 6, 26, 36, 28, 27, 53, 13, 30, 25, 49, 60, 9, 8, 40, 10, 7, 57, 56, 44, 48, 61, 58, 31, 14, 55, 43, 35, 45, 33, 32, 5, 4, 1, 20, 2, 16, 37, 47, 39, 3, 54, 23, 34, 22, 19, 15, 24, 41, 52, 50, 51, 42, 38, 12]
Run 4:
Best OCplx: 4.299842648882478
Best Sequence: [47, 46, 28, 31, 21, 17, 54, 8, 34, 61, 44, 5, 9, 49, 35, 11, 19, 58, 43, 25, 32, 15, 2, 24, 4, 36, 37, 40, 30, 56, 29, 13, 27, 39, 60, 10, 20, 26, 57, 52, 41, 55, 51, 18, 33, 7, 50, 42, 53, 3, 12, 48, 38, 22, 16, 1, 14, 6, 45, 59, 23]
Run 5:
Best OCplx: 6.558162076767141
Best Sequence: [17, 15, 8, 40, 21, 36, 31, 55, 38, 61, 60, 28, 34, 19, 4, 18, 35, 58, 45, 5, 48, 29, 10, 53, 13, 56, 9, 33, 7, 27, 32, 14, 3, 59, 46, 37, 39, 47, 25, 52, 16, 54, 2, 22, 41, 43, 11, 6, 1, 49, 51, 12, 24, 20, 26, 44, 50, 57, 23, 30, 42]
Run 6:
Best OCplx: 4.265421898616228
Best Sequence: [21, 48, 44, 24, 46, 34, 8, 60, 10, 25, 31, 29, 53, 49, 15, 27, 43, 61, 2, 47, 13, 37, 18, 39, 35, 36, 58, 40, 4, 55, 9, 6, 30, 59, 14, 33, 17, 32, 38, 20, 52, 41, 26, 28, 45, 5, 22, 51, 3, 56, 19, 57, 11, 1, 42, 16, 54, 12, 7, 23, 50]
Run 7:
Best OCplx: 4.275058041555428
Best Sequence: [46, 15, 21, 35, 56, 8, 28, 44, 24, 5, 58, 16, 11, 23, 30, 53, 19, 31, 55, 39, 32, 57, 6, 43, 26, 17, 60, 45, 25, 14, 2, 13, 9, 61, 36, 1, 59, 38, 40, 48, 33, 27, 7, 10, 42, 41, 49, 20, 52, 37, 47, 51, 34, 4, 29, 22, 12, 3, 18, 54, 50]
Run 8:
Best OCplx: 4.161546474038865
Best Sequence: [10, 5, 46, 61, 49, 21, 60, 37, 8, 54, 31, 47, 25, 28, 39, 36, 27, 30, 24, 15, 58, 23, 1, 48, 14, 26, 40, 22, 16, 29, 43, 53, 32, 18, 35, 57, 17, 13, 34, 33, 9, 38, 20, 56, 4, 3, 2, 59, 55, 11, 51, 6, 44, 19, 45, 41, 7, 50, 42, 12, 52]
Run 9:
Best OCplx: 3.9625159420801808
Best Sequence: [28, 43, 37, 21, 31, 29, 47, 44, 46, 40, 25, 10, 60, 14, 49, 8, 16, 35, 36, 48, 55, 39, 4, 26, 2, 58, 54, 7, 32, 15, 61, 45, 24, 22, 56, 41, 3, 57, 34, 20, 11, 9, 27, 30, 6, 38, 42, 53, 17, 52, 12, 33, 50, 13, 19, 18, 1, 59, 5, 23, 51]
Run 10:
Best OCplx: 4.518933151791099
Best Sequence: [61, 36, 5, 47, 21, 22, 59, 35, 43, 57, 8, 7, 28, 48, 11, 44, 25, 46, 16, 9, 13, 58, 40, 17, 60, 29, 30, 10, 32, 45, 15, 14, 52, 1, 37, 34, 27, 49, 26, 55, 19, 31, 23, 3, 20, 38, 12, 33, 24, 39, 18, 51, 53, 54, 2, 56, 50, 41, 42, 6, 4]
Run 11:
Best OCplx: 4.605361412494157
Best Sequence: [21, 43, 37, 10, 46, 8, 17, 36, 58, 9, 39, 29, 19, 28, 53, 25, 54, 55, 61, 27, 18, 31, 30, 5, 20, 35, 32, 16, 47, 15, 14, 24, 48, 56, 38, 40, 60, 45, 23, 11, 44, 59, 33, 57, 1, 2, 7, 26, 3, 50, 6, 13, 41, 51, 49, 12, 4, 22, 52, 34, 42]
Run 12:
Best OCplx: 5.382405228086349
Best Sequence: [9, 8, 53, 30, 46, 47, 34, 21, 10, 56, 49, 11, 19, 16, 32, 6, 17, 39, 29, 60, 43, 14, 36, 25, 55, 13, 58, 40, 38, 27, 1, 31, 48, 45, 3, 15, 35, 59, 26, 2, 57, 24, 18, 44, 37, 41, 12, 4, 20, 28, 61, 54, 52, 22, 5, 33, 23, 7, 51, 50, 42]
Run 13:
Best OCplx: 4.476259778933291
Best Sequence: [28, 10, 58, 21, 44, 8, 36, 43, 41, 32, 13, 46, 59, 27, 39, 25, 24, 31, 45, 61, 60, 49, 5, 40, 47, 4, 9, 11, 26, 54, 37, 14, 17, 35, 55, 23, 12, 15, 52, 18, 33, 20, 7, 22, 3, 30, 6, 48, 42, 29, 56, 16, 19, 2, 57, 51, 38, 1, 34, 53, 50]
Run 14:
Best OCplx: 4.671309947023902
Best Sequence: [47, 13, 44, 46, 9, 28, 8, 40, 21, 53, 43, 29, 25, 24, 34, 6, 17, 32, 14, 7, 54, 48, 11, 36, 58, 57, 39, 16, 30, 18, 4, 26, 55, 60, 2, 45, 22, 31, 59, 37, 33, 19, 10, 35, 1, 42, 61, 41, 5, 20, 15, 38, 23, 3, 56, 49, 52, 27, 12, 51, 50]
Run 15:
Best OCplx: 4.374430219092962
Best Sequence: [39, 44, 31, 21, 13, 49, 15, 8, 43, 25, 10, 46, 9, 48, 61, 36, 55, 35, 18, 47, 32, 20, 17, 26, 3, 4, 57, 34, 59, 54, 38, 22, 42, 19, 28, 24, 6, 30, 60, 1, 2, 29, 7, 56, 37, 27, 52, 45, 33, 58, 14, 40, 53, 5, 23, 11, 50, 16, 12, 51, 41]
Run 16:
Best OCplx: 7.622848911737246
Best Sequence: [21, 27, 59, 55, 19, 61, 13, 44, 17, 8, 43, 30, 35, 34, 58, 40, 47, 6, 56, 46, 4, 36, 11, 2, 37, 25, 31, 38, 52, 14, 39, 51, 57, 33, 10, 9, 60, 20, 49, 45, 28, 1, 16, 29, 5, 32, 24, 41, 15, 50, 23, 48, 18, 22, 42, 53, 12, 7, 3, 54, 26]
Run 17:
Best OCplx: 4.3625091494133805
Best Sequence: [21, 44, 15, 58, 48, 60, 8, 36, 45, 46, 6, 13, 34, 27, 19, 61, 59, 31, 32, 29, 26, 55, 7, 4, 52, 28, 49, 17, 40, 18, 30, 5, 25, 16, 43, 10, 57, 41, 1, 9, 39, 56, 47, 53, 33, 20, 24, 35, 11, 37, 54, 2, 38, 50, 3, 42, 23, 51, 22, 14, 12]
Run 18:
Best OCplx: 3.5849237631439643
Best Sequence: [5, 46, 21, 30, 17, 15, 8, 27, 58, 25, 35, 18, 54, 57, 3, 43, 16, 39, 10, 36, 48, 53, 44, 61, 47, 49, 32, 37, 28, 4, 55, 1, 11, 24, 41, 9, 2, 40, 14, 34, 38, 22, 26, 56, 45, 29, 60, 23, 7, 20, 6, 13, 51, 31, 50, 52, 12, 33, 42, 59, 19]
Run 19:
Best OCplx: 3.9374262295467233
Best Sequence: [15, 13, 8, 43, 46, 17, 21, 59, 9, 60, 22, 2, 36, 24, 18, 7, 57, 25, 61, 31, 11, 1, 45, 48, 35, 47, 27, 34, 29, 32, 33, 10, 28, 20, 16, 55, 4, 39, 44, 14, 56, 37, 51, 38, 40, 23, 5, 52, 12, 42, 58, 50, 49, 53, 54, 26, 30, 6, 19, 41, 3]
Run 20:
Best OCplx: 5.097144042846985
Best Sequence: [28, 31, 61, 8, 17, 21, 27, 25, 46, 19, 30, 9, 13, 5, 48, 44, 6, 3, 10, 32, 18, 7, 35, 40, 2, 58, 55, 60, 59, 53, 57, 11, 38, 56, 45, 23, 47, 52, 34, 15, 43, 16, 29, 33, 39, 37, 20, 36, 26, 51, 14, 22, 42, 50, 24, 4, 1, 41, 54, 49, 12]
Run 21:
Best OCplx: 3.6767812140554685
Best Sequence: [36, 8, 5, 27, 39, 46, 9, 21, 55, 25, 48, 45, 61, 59, 34, 60, 38, 28, 43, 58, 44, 40, 32, 47, 54, 52, 22, 31, 57, 11, 49, 30, 33, 14, 7, 6, 56, 4, 3, 10, 35, 19, 24, 17, 13, 1, 53, 37, 16, 20, 15, 2, 29, 26, 41, 23, 42, 51, 50, 18, 12]
Run 22:
Best OCplx: 3.970853226249687
Best Sequence: [46, 37, 44, 5, 8, 21, 10, 58, 13, 25, 61, 47, 35, 22, 11, 45, 39, 30, 20, 28, 49, 19, 27, 4, 9, 59, 31, 60, 14, 34, 54, 33, 36, 29, 43, 48, 2, 16, 55, 7, 53, 40, 17, 32, 56, 52, 18, 15, 1, 23, 3, 57, 51, 6, 26, 12, 50, 24, 41, 42, 38]
Run 23:
Best OCplx: 3.558925261560039
Best Sequence: [59, 8, 31, 5, 39, 40, 21, 1, 13, 54, 9, 27, 44, 7, 49, 10, 47, 20, 36, 43, 46, 15, 48, 35, 11, 37, 26, 28, 60, 29, 57, 23, 16, 61, 55, 32, 25, 17, 58, 22, 56, 6, 3, 53, 30, 18, 24, 38, 52, 34, 14, 50, 45, 51, 42, 33, 2, 4, 41, 19, 12]
Run 24:
Best OCplx: 4.690526260250969
Best Sequence: [13, 21, 17, 48, 36, 47, 8, 34, 46, 5, 32, 54, 45, 10, 44, 58, 43, 41, 29, 28, 9, 55, 20, 31, 49, 39, 18, 27, 38, 24, 15, 3, 53, 35, 57, 4, 7, 16, 52, 14, 1, 22, 40, 37, 2, 42, 19, 25, 23, 56, 30, 11, 26, 59, 60, 6, 33, 51, 61, 50, 12]
Run 25:
Best OCplx: 4.35603849084511
Best Sequence: [21, 28, 15, 30, 8, 24, 17, 5, 39, 46, 6, 27, 31, 58, 19, 56, 44, 26, 48, 43, 61, 60, 36, 10, 18, 13, 9, 37, 4, 55, 53, 45, 25, 20, 49, 47, 22, 35, 57, 29, 34, 14, 52, 42, 23, 32, 2, 59, 7, 16, 51, 54, 11, 1, 38, 41, 12, 40, 50, 3, 33]
Run 26:
Best OCplx: 4.055690194357218
Best Sequence: [60, 47, 37, 46, 31, 43, 21, 53, 8, 58, 17, 36, 35, 25, 54, 49, 40, 56, 14, 10, 39, 24, 4, 7, 59, 30, 13, 41, 44, 45, 32, 9, 55, 22, 38, 48, 57, 19, 26, 34, 15, 27, 2, 20, 61, 29, 5, 18, 11, 23, 28, 1, 51, 50, 52, 6, 16, 33, 42, 12, 3]
Run 27:
Best OCplx: 4.588805123250941
Best Sequence: [36, 49, 10, 53, 40, 46, 21, 58, 44, 60, 31, 47, 14, 34, 23, 8, 28, 32, 13, 29, 11, 54, 55, 37, 17, 39, 56, 25, 43, 22, 57, 5, 41, 33, 4, 26, 20, 61, 9, 35, 2, 24, 7, 15, 3, 18, 42, 16, 38, 1, 45, 48, 52, 59, 6, 27, 19, 51, 12, 30, 50]
Run 28:
Best OCplx: 4.540705771914227
Best Sequence: [21, 45, 8, 49, 16, 27, 46, 10, 19, 28, 23, 25, 31, 4, 36, 43, 44, 15, 11, 13, 55, 22, 26, 18, 5, 14, 57, 9, 39, 37, 48, 7, 59, 52, 34, 58, 32, 54, 3, 2, 38, 56, 53, 29, 20, 30, 40, 41, 17, 47, 1, 60, 35, 33, 42, 61, 51, 6, 50, 12, 24]
Run 29:
Best OCplx: 4.908352398710061
Best Sequence: [8, 21, 58, 35, 48, 54, 15, 4, 24, 60, 23, 18, 17, 14, 44, 7, 46, 25, 32, 29, 2, 30, 11, 36, 6, 49, 9, 55, 27, 39, 37, 61, 33, 47, 56, 10, 22, 20, 45, 53, 12, 19, 13, 41, 50, 38, 31, 3, 5, 59, 28, 26, 52, 1, 57, 40, 34, 43, 16, 51, 42]
Run 30:
Best OCplx: 3.9221605980508696
Best Sequence: [46, 22, 21, 31, 13, 15, 10, 27, 7, 8, 11, 24, 44, 43, 48, 17, 56, 25, 5, 34, 19, 58, 3, 40, 60, 59, 57, 28, 32, 18, 61, 20, 29, 35, 39, 47, 36, 55, 6, 23, 49, 14, 4, 37, 41, 33, 9, 1, 16, 45, 51, 38, 26, 52, 30, 53, 12, 2, 54, 42, 50]
Actor Learning Rate: 1e-05
Critic Learning Rate: 0.0001
Hidden Dimension: 256
Gamma: 0.99
Lambda: 0.9
Epsilon: 0.2
if_EWM: True

Mean: 4.5053
Min: 3.5589
Max: 7.6228
Std: 0.8122
