Run 1:
Best OCplx: 2.930824339997427
Best Sequence: [3, 17, 2, 12, 19, 9, 18, 16, 11, 15, 14, 10, 1, 13, 6, 5, 7, 4, 8]
Run 2:
Best OCplx: 2.6803394729538783
Best Sequence: [11, 10, 18, 17, 12, 2, 3, 19, 13, 9, 16, 14, 15, 7, 4, 5, 1, 8, 6]
Run 3:
Best OCplx: 2.574025200333765
Best Sequence: [11, 18, 17, 10, 2, 12, 3, 9, 13, 15, 16, 19, 14, 7, 6, 1, 5, 8, 4]
Run 4:
Best OCplx: 2.574025200333765
Best Sequence: [18, 11, 17, 10, 3, 2, 9, 16, 13, 15, 6, 1, 12, 14, 19, 5, 4, 8, 7]
Run 5:
Best OCplx: 2.899146830555852
Best Sequence: [3, 18, 10, 15, 17, 2, 9, 6, 19, 14, 11, 13, 12, 16, 7, 4, 5, 1, 8]
Run 6:
Best OCplx: 3.028629447655327
Best Sequence: [2, 18, 17, 11, 3, 9, 15, 19, 1, 12, 6, 13, 10, 16, 14, 8, 5, 4, 7]
Run 7:
Best OCplx: 2.679430832020435
Best Sequence: [18, 12, 3, 15, 11, 10, 17, 2, 9, 1, 13, 6, 16, 14, 4, 8, 19, 5, 7]
Run 8:
Best OCplx: 2.6612320842509147
Best Sequence: [11, 18, 17, 3, 15, 2, 13, 9, 6, 19, 16, 1, 14, 10, 4, 5, 7, 8, 12]
Run 9:
Best OCplx: 2.680339472953878
Best Sequence: [11, 18, 3, 17, 2, 16, 9, 1, 13, 14, 15, 10, 4, 12, 6, 7, 8, 19, 5]
Run 10:
Best OCplx: 2.9056076105022814
Best Sequence: [17, 2, 10, 18, 3, 9, 19, 16, 12, 1, 14, 13, 11, 15, 5, 4, 6, 7, 8]
Run 11:
Best OCplx: 2.679430832020435
Best Sequence: [3, 12, 18, 15, 17, 2, 9, 16, 11, 14, 1, 13, 19, 10, 8, 6, 4, 7, 5]
Run 12:
Best OCplx: 2.6685031950050044
Best Sequence: [11, 18, 3, 6, 17, 2, 19, 9, 16, 15, 13, 12, 10, 14, 1, 4, 8, 5, 7]
Run 13:
Best OCplx: 2.7866537455739917
Best Sequence: [18, 17, 3, 2, 12, 16, 13, 9, 11, 19, 1, 6, 15, 14, 10, 7, 5, 8, 4]
Run 14:
Best OCplx: 2.6944449079746935
Best Sequence: [11, 18, 17, 2, 3, 10, 9, 1, 13, 14, 16, 19, 12, 15, 4, 6, 5, 8, 7]
Run 15:
Best OCplx: 3.153142468044961
Best Sequence: [11, 18, 3, 12, 2, 19, 9, 6, 15, 13, 10, 1, 16, 14, 5, 17, 8, 7, 4]
Run 16:
Best OCplx: 2.449512179944131
Best Sequence: [3, 18, 17, 2, 11, 9, 16, 10, 13, 15, 14, 1, 5, 19, 6, 7, 4, 12, 8]
Run 17:
Best OCplx: 2.449512179944131
Best Sequence: [18, 11, 3, 17, 2, 9, 13, 16, 19, 15, 10, 6, 12, 1, 14, 5, 4, 8, 7]
Run 18:
Best OCplx: 2.8991972914040014
Best Sequence: [3, 18, 17, 15, 2, 1, 19, 11, 6, 10, 12, 9, 16, 14, 13, 8, 7, 4, 5]
Run 19:
Best OCplx: 2.79860995594058
Best Sequence: [18, 3, 12, 1, 10, 17, 2, 9, 15, 16, 11, 14, 13, 6, 19, 5, 7, 8, 4]
Run 20:
Best OCplx: 2.449512179944131
Best Sequence: [18, 11, 17, 2, 3, 9, 15, 6, 16, 13, 1, 19, 10, 14, 12, 8, 7, 5, 4]
Run 21:
Best OCplx: 2.6621407251843574
Best Sequence: [18, 17, 11, 2, 19, 10, 3, 12, 16, 13, 9, 15, 1, 14, 6, 8, 7, 5, 4]
Run 22:
Best OCplx: 2.760528375145403
Best Sequence: [18, 3, 15, 17, 2, 16, 10, 9, 11, 19, 14, 6, 13, 1, 7, 12, 5, 4, 8]
Run 23:
Best OCplx: 2.8026995962082246
Best Sequence: [18, 17, 2, 19, 3, 16, 14, 9, 13, 15, 12, 10, 8, 4, 1, 6, 7, 5, 11]
Run 24:
Best OCplx: 3.004736119701422
Best Sequence: [18, 17, 12, 2, 3, 19, 11, 6, 10, 15, 16, 9, 1, 14, 13, 4, 8, 5, 7]
Run 25:
Best OCplx: 2.804719296732762
Best Sequence: [18, 3, 17, 2, 15, 1, 9, 16, 13, 14, 12, 19, 11, 4, 10, 7, 6, 5, 8]
Run 26:
Best OCplx: 2.911716951294464
Best Sequence: [3, 15, 11, 17, 2, 9, 1, 18, 19, 16, 12, 13, 10, 14, 5, 6, 4, 8, 7]
Run 27:
Best OCplx: 3.0055115640241143
Best Sequence: [11, 18, 17, 3, 2, 19, 6, 10, 1, 13, 15, 9, 16, 14, 8, 12, 7, 5, 4]
Run 28:
Best OCplx: 2.7930162153946383
Best Sequence: [18, 17, 12, 3, 6, 2, 9, 16, 11, 13, 19, 14, 15, 4, 5, 1, 10, 7, 8]
Run 29:
Best OCplx: 2.574025200333765
Best Sequence: [12, 11, 18, 3, 17, 10, 2, 9, 16, 6, 1, 19, 15, 13, 14, 7, 5, 4, 8]
Run 30:
Best OCplx: 2.679430832020435
Best Sequence: [18, 17, 3, 15, 2, 9, 11, 6, 16, 14, 13, 12, 10, 5, 19, 1, 4, 8, 7]
Actor Learning Rate: 1e-05
Critic Learning Rate: 0.0001
Hidden Dimension: 256
Gamma: 0.99
Lambda: 0.9
Epsilon: 0.2
if_EWM: True

