Run 1:
Best OCplx: 0.3535533905932738
Best Sequence: [16, 22, 21, 19, 11, 6, 8, 13, 1, 9, 7, 10, 5, 12, 4, 20, 17, 23, 2, 18, 3, 15, 14]
Run 2:
Best OCplx: 0.48211825989991874
Best Sequence: [18, 16, 11, 5, 1, 21, 13, 22, 17, 9, 6, 8, 7, 10, 23, 12, 4, 2, 3, 15, 14, 19, 20]
Run 3:
Best OCplx: 0.32141217326661253
Best Sequence: [17, 11, 13, 12, 23, 16, 22, 1, 7, 8, 9, 6, 19, 10, 4, 5, 20, 2, 3, 14, 15, 21, 18]
Run 4:
Best OCplx: 0.22498852128662877
Best Sequence: [13, 17, 7, 12, 1, 22, 8, 9, 4, 6, 11, 21, 23, 10, 16, 5, 2, 3, 18, 15, 19, 14, 20]
Run 5:
Best OCplx: 0.3535533905932738
Best Sequence: [7, 11, 1, 19, 6, 8, 13, 16, 22, 9, 10, 5, 12, 18, 21, 20, 17, 4, 23, 2, 3, 14, 15]
Run 6:
Best OCplx: 0.3535533905932738
Best Sequence: [19, 21, 7, 16, 6, 1, 11, 8, 23, 9, 12, 10, 5, 13, 22, 17, 20, 18, 4, 2, 3, 15, 14]
Run 7:
Best OCplx: 0.22498852128662877
Best Sequence: [7, 16, 1, 11, 10, 22, 5, 13, 8, 12, 17, 23, 9, 4, 6, 21, 2, 18, 3, 19, 15, 20, 14]
Run 8:
Best OCplx: 0.48211825989991874
Best Sequence: [12, 4, 9, 8, 16, 13, 21, 1, 6, 19, 5, 7, 17, 23, 2, 3, 14, 22, 11, 18, 15, 10, 20]
Run 9:
Best OCplx: 0.32141217326661253
Best Sequence: [7, 12, 16, 17, 18, 11, 8, 1, 21, 13, 10, 6, 5, 9, 19, 4, 23, 2, 3, 20, 22, 15, 14]
Run 10:
Best OCplx: 0.32141217326661253
Best Sequence: [18, 8, 12, 13, 9, 16, 22, 6, 7, 4, 1, 21, 14, 17, 19, 11, 20, 10, 5, 2, 3, 15, 23]
Run 11:
Best OCplx: 0.3535533905932738
Best Sequence: [19, 18, 12, 7, 8, 4, 1, 21, 11, 22, 9, 13, 16, 6, 10, 17, 23, 20, 5, 2, 3, 15, 14]
Run 12:
Best OCplx: 0.32141217326661253
Best Sequence: [18, 9, 1, 13, 11, 17, 8, 10, 5, 22, 7, 6, 19, 21, 12, 20, 4, 2, 16, 3, 23, 15, 14]
Run 13:
Best OCplx: 0.41783582524659624
Best Sequence: [8, 11, 1, 16, 5, 23, 10, 13, 9, 22, 12, 6, 4, 21, 7, 17, 19, 2, 3, 18, 15, 14, 20]
Run 14:
Best OCplx: 0.4604086456587254
Best Sequence: [10, 9, 7, 16, 13, 1, 21, 8, 17, 22, 11, 23, 18, 6, 12, 5, 4, 2, 14, 20, 3, 15, 19]
Run 15:
Best OCplx: 0.2892709559399513
Best Sequence: [9, 16, 11, 7, 10, 8, 19, 1, 13, 6, 12, 22, 4, 17, 18, 5, 2, 3, 14, 15, 23, 21, 20]
Run 16:
Best OCplx: 0.32141217326661253
Best Sequence: [23, 16, 7, 22, 11, 8, 19, 13, 1, 10, 9, 12, 6, 21, 17, 5, 4, 2, 3, 20, 14, 15, 18]
Run 17:
Best OCplx: 0.22498852128662877
Best Sequence: [11, 10, 21, 17, 16, 8, 23, 20, 9, 19, 7, 6, 1, 12, 5, 22, 4, 13, 2, 3, 15, 18, 14]
Run 18:
Best OCplx: 0.19284730395996752
Best Sequence: [13, 21, 9, 12, 8, 11, 6, 17, 1, 7, 22, 16, 10, 4, 5, 18, 2, 23, 3, 20, 15, 14, 19]
Run 19:
Best OCplx: 0.4282674283320642
Best Sequence: [21, 6, 16, 22, 1, 13, 8, 12, 19, 7, 9, 4, 10, 5, 18, 2, 17, 20, 3, 15, 23, 14, 11]
Run 20:
Best OCplx: 0.3535533905932738
Best Sequence: [18, 16, 11, 10, 17, 12, 21, 8, 13, 1, 6, 9, 7, 5, 19, 4, 2, 20, 23, 3, 14, 15, 22]
Run 21:
Best OCplx: 0.3535533905932738
Best Sequence: [13, 7, 11, 8, 10, 9, 17, 22, 12, 5, 6, 1, 20, 16, 19, 18, 4, 23, 2, 3, 21, 15, 14]
Run 22:
Best OCplx: 0.3535533905932738
Best Sequence: [18, 9, 13, 21, 22, 23, 8, 1, 11, 17, 7, 12, 4, 20, 10, 19, 5, 2, 6, 3, 16, 15, 14]
Run 23:
Best OCplx: 0.32141217326661253
Best Sequence: [20, 11, 21, 10, 17, 16, 12, 13, 22, 7, 9, 4, 8, 1, 19, 6, 5, 23, 2, 18, 3, 15, 14]
Run 24:
Best OCplx: 0.4821182598999188
Best Sequence: [22, 6, 11, 7, 10, 5, 1, 13, 8, 9, 14, 12, 17, 23, 18, 21, 19, 4, 2, 3, 16, 15, 20]
Run 25:
Best OCplx: 0.2892709559399513
Best Sequence: [21, 8, 16, 13, 19, 9, 6, 18, 17, 1, 12, 11, 22, 23, 20, 4, 10, 5, 2, 3, 15, 14, 7]
Run 26:
Best OCplx: 0.3535533905932738
Best Sequence: [7, 22, 17, 16, 8, 21, 6, 13, 19, 12, 1, 11, 9, 4, 10, 20, 5, 2, 18, 3, 14, 15, 23]
Run 27:
Best OCplx: 0.38569460791993504
Best Sequence: [11, 19, 7, 1, 9, 10, 6, 16, 13, 21, 12, 8, 4, 5, 22, 23, 18, 17, 2, 14, 3, 15, 20]
Run 28:
Best OCplx: 0.32141217326661253
Best Sequence: [18, 16, 6, 11, 12, 21, 7, 10, 17, 9, 8, 13, 1, 19, 4, 20, 5, 2, 3, 14, 15, 22, 23]
Run 29:
Best OCplx: 0.4178358252465963
Best Sequence: [12, 13, 9, 19, 22, 4, 8, 23, 6, 1, 7, 5, 16, 11, 2, 21, 18, 17, 10, 3, 20, 15, 14]
Run 30:
Best OCplx: 0.3639849936787417
Best Sequence: [19, 21, 7, 22, 13, 16, 8, 1, 9, 6, 12, 10, 4, 5, 2, 3, 17, 18, 20, 11, 15, 14, 23]
UPDATE_GLOBAL_ITER: 5
GAMMA: 0.99
MAX_EP: 3000
thread_count: 1
RL: 0.001
if_EWM: True

Mean: 0.3482
Min: 0.1928
Max: 0.4821
Std: 0.0744