Run 1:
Best OCplx: 0.5785419118799026
Best Sequence: [6, 11, 21, 22, 19, 12, 16, 10, 9, 7, 17, 8, 13, 14, 5, 23, 4, 1, 3, 18, 20, 15, 2]
Run 2:
Best OCplx: 0.8035304331665313
Best Sequence: [23, 11, 19, 8, 17, 7, 18, 10, 21, 13, 5, 6, 12, 16, 9, 14, 1, 2, 3, 20, 15, 4, 22]
Run 3:
Best OCplx: 0.8678128678198539
Best Sequence: [19, 12, 23, 11, 17, 16, 13, 1, 10, 4, 20, 18, 5, 8, 22, 15, 6, 9, 2, 3, 14, 7, 21]
Run 4:
Best OCplx: 0.8035304331665314
Best Sequence: [17, 8, 21, 13, 7, 12, 9, 14, 11, 18, 6, 20, 16, 23, 19, 4, 10, 1, 5, 3, 2, 15, 22]
Run 5:
Best OCplx: 0.4178358252465963
Best Sequence: [20, 11, 17, 9, 1, 16, 22, 12, 13, 10, 7, 5, 8, 6, 4, 23, 18, 2, 19, 21, 3, 15, 14]
Run 6:
Best OCplx: 0.6428243465332251
Best Sequence: [12, 11, 1, 18, 8, 10, 7, 22, 17, 9, 6, 16, 13, 5, 23, 14, 21, 15, 4, 2, 3, 19, 20]
Run 7:
Best OCplx: 0.7175383842720154
Best Sequence: [9, 10, 13, 16, 21, 22, 17, 7, 8, 23, 11, 6, 5, 19, 12, 4, 1, 20, 14, 15, 18, 2, 3]
Run 8:
Best OCplx: 0.9963777371264987
Best Sequence: [19, 5, 12, 11, 18, 8, 14, 7, 9, 16, 20, 6, 1, 13, 15, 21, 4, 2, 23, 17, 3, 22, 10]
Run 9:
Best OCplx: 0.5785419118799024
Best Sequence: [11, 16, 21, 17, 22, 1, 10, 23, 8, 5, 6, 7, 9, 12, 2, 13, 4, 14, 3, 18, 20, 15, 19]
Run 10:
Best OCplx: 0.6428243465332251
Best Sequence: [21, 11, 16, 12, 13, 14, 19, 1, 10, 23, 5, 8, 22, 9, 4, 15, 17, 2, 7, 18, 6, 20, 3]
Run 11:
Best OCplx: 0.7392479985132088
Best Sequence: [19, 21, 11, 5, 17, 22, 13, 8, 10, 9, 1, 18, 2, 6, 12, 7, 16, 14, 20, 4, 3, 23, 15]
Run 12:
Best OCplx: 0.9320953024731763
Best Sequence: [13, 16, 14, 22, 17, 21, 6, 11, 8, 1, 10, 9, 12, 5, 19, 2, 18, 3, 23, 15, 20, 7, 4]
Run 13:
Best OCplx: 0.9990378255993182
Best Sequence: [21, 12, 5, 16, 7, 19, 15, 17, 8, 4, 6, 1, 23, 11, 13, 22, 9, 2, 3, 20, 18, 14, 10]
Run 14:
Best OCplx: 0.46040864565872547
Best Sequence: [9, 22, 8, 17, 10, 13, 12, 1, 16, 5, 19, 7, 18, 6, 4, 11, 20, 21, 2, 3, 15, 14, 23]
Run 15:
Best OCplx: 0.7392479985132088
Best Sequence: [22, 8, 20, 9, 11, 6, 10, 5, 19, 1, 21, 13, 12, 14, 16, 15, 4, 17, 2, 7, 18, 23, 3]
Run 16:
Best OCplx: 0.5464006945532414
Best Sequence: [8, 7, 11, 17, 23, 6, 16, 22, 9, 21, 1, 19, 10, 12, 13, 5, 18, 20, 3, 4, 2, 14, 15]
Run 17:
Best OCplx: 1.0174898323113744
Best Sequence: [8, 1, 5, 19, 16, 3, 21, 9, 13, 22, 23, 12, 15, 17, 6, 4, 14, 18, 20, 11, 2, 10, 7]
Run 18:
Best OCplx: 0.8035304331665313
Best Sequence: [12, 9, 5, 13, 11, 4, 21, 20, 17, 8, 10, 23, 19, 16, 1, 6, 15, 2, 22, 3, 14, 18, 7]
Run 19:
Best OCplx: 0.9320953024731762
Best Sequence: [16, 18, 17, 12, 21, 5, 23, 8, 11, 9, 14, 13, 1, 2, 19, 6, 7, 10, 3, 22, 4, 20, 15]
Run 20:
Best OCplx: 0.8035304331665313
Best Sequence: [8, 7, 14, 23, 5, 12, 6, 11, 1, 9, 4, 22, 21, 20, 16, 10, 13, 2, 19, 3, 15, 17, 18]
Run 21:
Best OCplx: 0.7071067811865476
Best Sequence: [1, 8, 7, 12, 19, 11, 16, 15, 6, 9, 17, 5, 22, 23, 4, 10, 13, 2, 14, 21, 3, 18, 20]
Run 22:
Best OCplx: 0.8356716504931926
Best Sequence: [18, 7, 9, 6, 1, 21, 13, 8, 22, 3, 23, 16, 12, 11, 17, 10, 20, 4, 5, 2, 14, 19, 15]
Run 23:
Best OCplx: 0.7496796015986766
Best Sequence: [23, 12, 10, 1, 16, 8, 14, 7, 22, 6, 5, 21, 15, 9, 19, 4, 17, 2, 11, 13, 3, 18, 20]
Run 24:
Best OCplx: 0.6532559496186929
Best Sequence: [1, 10, 5, 12, 9, 20, 19, 21, 4, 8, 22, 18, 16, 6, 17, 2, 11, 13, 3, 14, 23, 15, 7]
Run 25:
Best OCplx: 0.7713892158398699
Best Sequence: [16, 9, 17, 5, 1, 13, 8, 2, 11, 23, 12, 6, 3, 21, 22, 18, 19, 7, 15, 4, 14, 20, 10]
Run 26:
Best OCplx: 0.6106831292065638
Best Sequence: [6, 11, 9, 7, 10, 16, 14, 12, 13, 21, 8, 4, 19, 5, 1, 2, 18, 20, 3, 17, 22, 15, 23]
Run 27:
Best OCplx: 0.6749655638598864
Best Sequence: [6, 13, 20, 7, 8, 11, 1, 9, 17, 5, 12, 4, 16, 2, 10, 3, 23, 15, 21, 14, 22, 18, 19]
Run 28:
Best OCplx: 0.6428243465332251
Best Sequence: [9, 19, 11, 17, 8, 12, 6, 21, 16, 1, 23, 10, 18, 4, 13, 5, 3, 15, 14, 20, 2, 7, 22]
Run 29:
Best OCplx: 0.7392479985132088
Best Sequence: [9, 1, 21, 16, 18, 7, 17, 11, 19, 12, 13, 23, 5, 8, 4, 14, 22, 10, 6, 15, 2, 3, 20]
Run 30:
Best OCplx: 0.5464006945532414
Best Sequence: [6, 13, 9, 7, 12, 4, 21, 11, 1, 10, 8, 18, 23, 5, 2, 14, 22, 3, 16, 17, 19, 20, 15]
