Run 1:
Best OCplx: 7.314266075833971
Best Sequence: [18, 20, 22, 11, 14, 44, 39, 43, 25, 15, 13, 10, 12, 1, 17, 5, 9, 8, 21, 7, 33, 19, 42, 36, 29, 37, 6, 16, 26, 38, 27, 31, 41, 34, 40, 2, 4, 32, 28, 35, 30, 24, 3, 23, 45]
Run 2:
Best OCplx: 7.275635849927042
Best Sequence: [10, 13, 11, 18, 40, 39, 1, 25, 15, 5, 14, 41, 22, 31, 36, 9, 17, 8, 42, 43, 34, 16, 20, 21, 19, 33, 44, 7, 32, 38, 37, 28, 4, 6, 2, 29, 12, 26, 27, 35, 30, 45, 24, 3, 23]
Run 3:
Best OCplx: 8.525567906731686
Best Sequence: [18, 11, 30, 14, 13, 5, 43, 20, 9, 40, 37, 44, 19, 1, 10, 42, 21, 7, 16, 15, 12, 38, 36, 39, 22, 28, 17, 41, 29, 31, 26, 3, 4, 33, 25, 27, 34, 8, 6, 24, 32, 2, 45, 35, 23]
Run 4:
Best OCplx: 7.837768134976708
Best Sequence: [20, 9, 18, 7, 44, 22, 8, 5, 37, 39, 12, 34, 31, 25, 17, 19, 42, 41, 15, 27, 28, 11, 36, 13, 40, 16, 30, 6, 21, 29, 10, 26, 33, 38, 43, 32, 1, 14, 4, 3, 2, 24, 35, 23, 45]
Run 5:
Best OCplx: 8.9231511125826
Best Sequence: [19, 20, 31, 8, 21, 9, 18, 44, 14, 15, 42, 11, 3, 1, 22, 26, 29, 5, 32, 34, 10, 36, 7, 39, 25, 43, 13, 41, 16, 6, 17, 37, 28, 33, 2, 40, 27, 4, 30, 35, 38, 45, 12, 23, 24]
Run 6:
Best OCplx: 8.913243053644685
Best Sequence: [11, 18, 9, 25, 42, 37, 5, 20, 34, 12, 41, 16, 15, 28, 17, 13, 31, 7, 29, 10, 44, 40, 33, 26, 36, 27, 1, 32, 19, 21, 43, 8, 39, 22, 14, 2, 38, 3, 30, 4, 6, 45, 35, 23, 24]
Run 7:
Best OCplx: 8.429108396812914
Best Sequence: [1, 18, 7, 14, 44, 10, 12, 8, 16, 20, 25, 33, 17, 39, 22, 11, 31, 13, 43, 41, 28, 9, 40, 38, 42, 19, 21, 15, 6, 3, 26, 37, 32, 5, 29, 36, 30, 34, 2, 4, 27, 23, 24, 35, 45]
Run 8:
Best OCplx: 8.172059299208538
Best Sequence: [10, 13, 20, 8, 31, 18, 4, 43, 25, 14, 16, 1, 38, 17, 21, 15, 12, 42, 19, 5, 9, 30, 22, 7, 36, 28, 37, 41, 26, 6, 29, 33, 40, 32, 39, 2, 3, 34, 44, 27, 11, 35, 45, 23, 24]
Run 9:
Best OCplx: 8.157028746202547
Best Sequence: [18, 17, 13, 19, 28, 31, 12, 15, 20, 14, 5, 11, 9, 4, 44, 8, 36, 37, 1, 43, 22, 38, 42, 7, 25, 10, 39, 34, 41, 16, 32, 2, 33, 26, 30, 3, 35, 45, 6, 27, 40, 24, 21, 23, 29]
Run 10:
Best OCplx: 8.811719180060892
Best Sequence: [13, 17, 14, 19, 43, 18, 15, 10, 8, 16, 42, 28, 25, 12, 20, 32, 6, 3, 40, 7, 41, 1, 36, 9, 11, 37, 33, 38, 44, 5, 39, 26, 22, 21, 31, 29, 34, 4, 2, 30, 45, 27, 35, 24, 23]
Run 11:
Best OCplx: 7.976251838364069
Best Sequence: [42, 10, 18, 15, 14, 22, 17, 31, 36, 44, 11, 20, 33, 25, 19, 39, 41, 29, 12, 7, 1, 9, 21, 28, 38, 13, 37, 26, 6, 40, 8, 43, 32, 5, 16, 2, 27, 30, 34, 3, 45, 4, 24, 23, 35]
Run 12:
Best OCplx: 8.216739412663774
Best Sequence: [40, 18, 12, 4, 20, 14, 10, 42, 11, 15, 17, 38, 36, 28, 1, 39, 31, 5, 21, 41, 9, 37, 8, 33, 22, 6, 29, 32, 16, 44, 25, 13, 43, 34, 2, 7, 26, 30, 19, 27, 3, 23, 35, 45, 24]
Run 13:
Best OCplx: 7.388740517582482
Best Sequence: [18, 20, 14, 5, 31, 39, 27, 25, 43, 10, 41, 42, 9, 36, 7, 12, 33, 37, 19, 17, 22, 13, 34, 28, 8, 26, 11, 15, 29, 16, 38, 1, 30, 21, 4, 32, 40, 6, 44, 3, 2, 35, 24, 45, 23]
Run 14:
Best OCplx: 7.821510256207976
Best Sequence: [20, 7, 18, 5, 10, 17, 13, 22, 43, 3, 33, 41, 19, 36, 9, 39, 15, 11, 31, 12, 6, 28, 40, 21, 16, 1, 4, 44, 14, 34, 29, 26, 8, 38, 37, 42, 27, 2, 25, 35, 32, 30, 24, 45, 23]
Run 15:
Best OCplx: 8.445754594649717
Best Sequence: [20, 25, 36, 5, 17, 33, 15, 22, 12, 41, 1, 16, 43, 38, 39, 19, 7, 9, 13, 42, 14, 29, 6, 4, 28, 11, 8, 31, 44, 26, 10, 18, 21, 40, 34, 32, 2, 30, 24, 35, 45, 3, 27, 37, 23]
Run 16:
Best OCplx: 8.818317893325068
Best Sequence: [18, 31, 44, 40, 15, 38, 26, 5, 1, 13, 14, 12, 41, 10, 29, 25, 9, 22, 17, 42, 8, 20, 33, 36, 16, 43, 7, 37, 34, 30, 28, 19, 11, 3, 39, 6, 2, 21, 32, 4, 27, 35, 23, 45, 24]
Run 17:
Best OCplx: 9.07933892353234
Best Sequence: [42, 18, 26, 25, 13, 3, 33, 14, 43, 20, 22, 19, 15, 12, 38, 6, 8, 44, 41, 11, 40, 16, 36, 31, 5, 21, 10, 4, 9, 1, 28, 7, 34, 37, 30, 39, 29, 17, 2, 27, 32, 35, 24, 23, 45]
Run 18:
Best OCplx: 8.349630076662724
Best Sequence: [10, 20, 16, 22, 31, 44, 8, 7, 13, 15, 11, 38, 5, 12, 9, 37, 36, 1, 39, 14, 41, 3, 4, 18, 19, 33, 43, 2, 40, 28, 25, 32, 29, 42, 17, 27, 34, 35, 30, 21, 6, 26, 23, 24, 45]
Run 19:
Best OCplx: 8.432156826344617
Best Sequence: [14, 20, 18, 29, 22, 28, 43, 35, 42, 15, 11, 36, 16, 41, 5, 33, 37, 10, 25, 12, 9, 31, 8, 30, 19, 26, 3, 40, 7, 13, 38, 1, 21, 44, 17, 39, 4, 6, 2, 34, 27, 32, 45, 24, 23]
Run 20:
Best OCplx: 8.031586176031945
Best Sequence: [18, 20, 31, 33, 25, 13, 9, 36, 10, 43, 19, 39, 4, 5, 38, 1, 7, 16, 12, 42, 11, 41, 17, 15, 30, 6, 22, 27, 14, 32, 40, 44, 29, 28, 21, 37, 8, 3, 26, 34, 2, 35, 45, 24, 23]
Run 21:
Best OCplx: 8.46426563275608
Best Sequence: [18, 37, 38, 15, 43, 8, 10, 22, 20, 11, 1, 25, 33, 41, 31, 13, 30, 9, 14, 19, 44, 5, 40, 17, 42, 12, 39, 28, 16, 6, 21, 3, 29, 36, 34, 26, 4, 2, 45, 27, 24, 7, 32, 23, 35]
Run 22:
Best OCplx: 8.81781314966985
Best Sequence: [43, 20, 18, 15, 1, 37, 39, 9, 41, 40, 3, 7, 13, 28, 12, 6, 42, 36, 22, 8, 29, 16, 14, 33, 44, 30, 31, 11, 17, 32, 38, 25, 27, 34, 4, 21, 10, 5, 2, 26, 19, 35, 45, 24, 23]
Run 23:
Best OCplx: 7.386993354087604
Best Sequence: [22, 9, 13, 20, 44, 41, 18, 37, 17, 14, 12, 36, 15, 39, 16, 6, 31, 21, 25, 43, 33, 11, 5, 1, 42, 19, 26, 8, 40, 10, 4, 28, 7, 38, 2, 32, 29, 34, 35, 30, 24, 27, 23, 3, 45]
Run 24:
Best OCplx: 7.267121373316701
Best Sequence: [25, 44, 18, 1, 16, 9, 14, 20, 17, 39, 13, 11, 37, 7, 5, 8, 33, 31, 10, 15, 28, 36, 4, 12, 38, 22, 19, 43, 42, 41, 32, 34, 26, 29, 21, 6, 27, 2, 35, 30, 40, 23, 45, 24, 3]
Run 25:
Best OCplx: 8.581380892073085
Best Sequence: [13, 18, 31, 20, 10, 33, 16, 9, 43, 34, 38, 14, 1, 39, 17, 22, 8, 21, 25, 41, 11, 6, 42, 29, 26, 40, 32, 7, 30, 19, 15, 5, 28, 12, 27, 3, 36, 44, 2, 37, 4, 35, 45, 24, 23]
Run 26:
Best OCplx: 8.19056808962762
Best Sequence: [18, 33, 5, 40, 15, 20, 43, 25, 10, 26, 11, 28, 29, 44, 41, 36, 39, 1, 31, 38, 16, 14, 37, 13, 7, 12, 19, 8, 22, 17, 42, 30, 34, 9, 4, 2, 27, 21, 32, 6, 3, 23, 35, 45, 24]
Run 27:
Best OCplx: 7.588534530833163
Best Sequence: [18, 26, 9, 42, 15, 20, 8, 7, 11, 10, 44, 31, 43, 1, 14, 28, 19, 13, 41, 6, 16, 39, 29, 25, 36, 40, 12, 17, 38, 37, 33, 4, 21, 2, 32, 22, 30, 35, 27, 5, 34, 24, 45, 3, 23]
Run 28:
Best OCplx: 7.55136004712319
Best Sequence: [22, 20, 15, 25, 18, 8, 38, 19, 36, 39, 28, 12, 16, 1, 33, 41, 10, 44, 5, 13, 9, 43, 31, 17, 11, 7, 14, 37, 21, 42, 29, 30, 32, 6, 34, 4, 26, 40, 45, 23, 2, 3, 24, 27, 35]
Run 29:
Best OCplx: 7.901588783990951
Best Sequence: [14, 18, 5, 9, 1, 34, 41, 20, 38, 10, 19, 8, 26, 39, 11, 16, 31, 22, 12, 7, 28, 43, 6, 44, 32, 29, 25, 15, 13, 17, 37, 21, 40, 33, 4, 2, 27, 3, 42, 30, 36, 35, 45, 24, 23]
Run 30:
Best OCplx: 7.690543933162315
Best Sequence: [18, 8, 20, 26, 22, 11, 1, 31, 9, 42, 41, 16, 14, 7, 43, 17, 25, 36, 15, 12, 39, 19, 44, 34, 37, 6, 10, 38, 29, 5, 28, 13, 4, 21, 40, 32, 2, 30, 33, 27, 35, 45, 24, 23, 3]
Learning Rate: 1e-05
Epsilon: 0.1
Gamma: 0.99
Reward Version: v2.1
if_EWM: True
