Run 1:
Best OCplx: 7.088283652756691
Best Sequence: [35, 27, 40, 8, 46, 15, 21, 16, 48, 44, 9, 59, 23, 39, 7, 24, 13, 11, 29, 41, 28, 49, 58, 31, 6, 22, 25, 14, 47, 26, 36, 56, 45, 19, 57, 60, 18, 20, 43, 34, 61, 17, 3, 54, 30, 53, 2, 55, 5, 52, 37, 10, 33, 38, 32, 12, 1, 4, 42, 51, 50]
Run 2:
Best OCplx: 7.554702341554574
Best Sequence: [27, 21, 58, 54, 22, 14, 60, 20, 9, 39, 35, 36, 53, 43, 61, 48, 5, 41, 33, 40, 30, 59, 4, 13, 11, 46, 8, 31, 23, 10, 17, 29, 7, 55, 49, 26, 56, 45, 16, 15, 6, 1, 24, 19, 47, 2, 3, 25, 32, 28, 38, 42, 52, 57, 37, 44, 34, 51, 50, 18, 12]
Run 3:
Best OCplx: 7.170277839984472
Best Sequence: [21, 18, 17, 14, 7, 60, 46, 22, 41, 13, 8, 9, 15, 34, 53, 23, 1, 37, 19, 6, 24, 30, 11, 58, 16, 57, 54, 43, 26, 35, 27, 47, 44, 40, 45, 5, 28, 56, 31, 48, 49, 25, 36, 39, 10, 4, 52, 59, 55, 20, 2, 61, 38, 32, 3, 42, 33, 29, 50, 51, 12]
Run 4:
Best OCplx: 6.286919046285669
Best Sequence: [9, 36, 59, 34, 17, 21, 8, 47, 28, 18, 19, 48, 10, 11, 35, 60, 1, 24, 30, 23, 7, 37, 4, 61, 54, 53, 26, 45, 40, 43, 13, 15, 56, 31, 57, 41, 58, 25, 14, 2, 16, 6, 5, 27, 52, 39, 46, 49, 29, 32, 44, 3, 55, 20, 50, 33, 42, 22, 51, 12, 38]
Run 5:
Best OCplx: 7.590463627979449
Best Sequence: [37, 46, 8, 28, 14, 10, 60, 21, 15, 54, 6, 5, 48, 53, 22, 25, 29, 45, 44, 24, 52, 41, 13, 9, 39, 7, 16, 47, 23, 49, 27, 34, 20, 57, 30, 56, 11, 19, 26, 18, 43, 58, 40, 2, 4, 55, 61, 35, 17, 31, 36, 3, 38, 59, 32, 1, 42, 51, 50, 12, 33]
Run 6:
Best OCplx: 5.0372853140718545
Best Sequence: [21, 10, 25, 35, 24, 46, 32, 9, 8, 7, 28, 40, 58, 23, 45, 53, 15, 29, 60, 34, 48, 37, 43, 31, 30, 54, 36, 26, 14, 47, 18, 44, 61, 20, 41, 22, 59, 6, 17, 56, 57, 2, 55, 5, 27, 3, 49, 39, 33, 19, 1, 38, 51, 16, 50, 13, 52, 12, 11, 4, 42]
Run 7:
Best OCplx: 6.089685533171139
Best Sequence: [21, 15, 41, 24, 40, 46, 59, 34, 20, 17, 19, 43, 2, 29, 10, 45, 53, 8, 47, 28, 13, 30, 54, 9, 27, 36, 57, 48, 25, 58, 18, 14, 31, 5, 26, 49, 56, 32, 35, 22, 61, 4, 3, 7, 6, 11, 39, 38, 23, 60, 55, 52, 37, 16, 44, 42, 33, 1, 12, 50, 51]
Run 8:
Best OCplx: 6.5206102389766
Best Sequence: [47, 15, 5, 21, 27, 7, 41, 24, 22, 8, 25, 48, 17, 39, 46, 49, 40, 61, 45, 10, 30, 35, 60, 11, 59, 26, 53, 1, 34, 54, 2, 43, 56, 36, 19, 57, 31, 28, 29, 18, 32, 9, 3, 37, 44, 16, 13, 14, 42, 38, 20, 58, 50, 12, 55, 52, 51, 23, 6, 33, 4]
Run 9:
Best OCplx: 4.596394061547063
Best Sequence: [8, 17, 21, 13, 6, 10, 60, 9, 34, 58, 44, 18, 54, 36, 24, 15, 41, 4, 49, 22, 39, 37, 26, 25, 46, 45, 27, 61, 20, 59, 28, 19, 48, 53, 14, 32, 1, 29, 16, 43, 35, 5, 40, 23, 31, 47, 11, 2, 3, 56, 55, 57, 30, 38, 52, 7, 42, 51, 50, 33, 12]
Run 10:
Best OCplx: 8.567454904591612
Best Sequence: [37, 46, 58, 31, 22, 9, 18, 44, 21, 30, 35, 57, 25, 36, 13, 24, 41, 59, 34, 28, 26, 56, 49, 7, 19, 10, 43, 14, 20, 45, 5, 39, 17, 60, 40, 4, 61, 8, 53, 2, 15, 48, 27, 23, 11, 29, 6, 54, 52, 47, 32, 3, 1, 42, 50, 51, 55, 38, 12, 16, 33]
Run 11:
Best OCplx: 7.604072689101986
Best Sequence: [13, 16, 21, 46, 57, 4, 15, 58, 54, 36, 35, 8, 3, 39, 6, 11, 44, 23, 43, 10, 29, 40, 18, 17, 41, 7, 48, 47, 30, 45, 20, 14, 27, 1, 19, 25, 26, 31, 22, 34, 61, 5, 24, 37, 28, 59, 2, 60, 51, 9, 55, 56, 50, 52, 49, 53, 33, 32, 42, 12, 38]
Run 12:
Best OCplx: 4.739089390154245
Best Sequence: [4, 47, 10, 30, 46, 5, 21, 45, 48, 54, 6, 26, 16, 34, 9, 18, 35, 37, 8, 31, 17, 53, 2, 49, 40, 44, 60, 28, 36, 43, 1, 11, 59, 25, 58, 23, 22, 7, 32, 14, 57, 24, 13, 39, 27, 15, 20, 29, 55, 3, 41, 56, 19, 61, 38, 33, 51, 42, 50, 52, 12]
Run 13:
Best OCplx: 6.292929728472404
Best Sequence: [44, 13, 36, 15, 60, 10, 9, 21, 16, 58, 57, 59, 6, 4, 46, 31, 27, 53, 3, 48, 7, 8, 39, 25, 61, 34, 49, 47, 5, 23, 30, 43, 40, 2, 41, 55, 45, 35, 1, 54, 22, 52, 37, 24, 19, 28, 29, 17, 18, 14, 33, 32, 20, 12, 11, 50, 26, 56, 51, 38, 42]
Run 14:
Best OCplx: 6.778916871384116
Best Sequence: [39, 8, 31, 16, 40, 9, 22, 21, 44, 58, 36, 35, 34, 56, 30, 41, 14, 37, 19, 54, 28, 61, 13, 4, 11, 48, 60, 46, 43, 6, 24, 7, 2, 29, 23, 15, 59, 5, 3, 17, 47, 25, 18, 49, 57, 27, 1, 53, 55, 45, 51, 10, 32, 33, 52, 42, 38, 12, 20, 26, 50]
Run 15:
Best OCplx: 7.549417687628693
Best Sequence: [53, 5, 36, 27, 17, 4, 21, 48, 41, 2, 54, 34, 40, 29, 8, 45, 59, 7, 9, 16, 37, 46, 56, 49, 19, 18, 57, 30, 23, 11, 60, 26, 6, 10, 39, 44, 25, 58, 20, 22, 28, 31, 3, 14, 55, 61, 15, 35, 24, 43, 52, 47, 1, 32, 51, 13, 42, 12, 38, 33, 50]
Run 16:
Best OCplx: 5.3420857318934045
Best Sequence: [46, 21, 57, 3, 4, 61, 34, 29, 8, 49, 58, 7, 9, 25, 24, 17, 44, 6, 5, 48, 35, 13, 11, 45, 22, 40, 54, 31, 39, 43, 53, 19, 30, 41, 2, 56, 27, 1, 28, 37, 60, 23, 59, 10, 47, 36, 55, 14, 18, 50, 16, 32, 15, 38, 26, 42, 52, 51, 20, 33, 12]
Run 17:
Best OCplx: 5.021756534080945
Best Sequence: [8, 39, 44, 21, 4, 47, 60, 41, 19, 5, 40, 54, 18, 11, 30, 46, 28, 25, 37, 48, 29, 45, 27, 9, 23, 59, 22, 14, 31, 13, 56, 26, 43, 16, 20, 61, 57, 7, 15, 3, 17, 36, 24, 53, 58, 6, 2, 32, 35, 1, 10, 49, 34, 55, 42, 38, 52, 50, 12, 33, 51]
Run 18:
Best OCplx: 6.956775229069889
Best Sequence: [8, 21, 54, 16, 61, 14, 57, 17, 37, 48, 34, 24, 44, 22, 18, 36, 31, 53, 58, 46, 40, 7, 56, 10, 13, 20, 59, 42, 19, 2, 60, 15, 4, 27, 25, 23, 45, 26, 47, 43, 6, 35, 11, 5, 9, 1, 32, 29, 28, 39, 41, 30, 49, 3, 55, 12, 38, 51, 33, 50, 52]
Run 19:
Best OCplx: 8.250596844931449
Best Sequence: [48, 21, 8, 54, 35, 28, 7, 26, 46, 13, 30, 40, 9, 23, 25, 19, 49, 6, 36, 5, 39, 24, 47, 14, 15, 3, 44, 37, 34, 29, 32, 2, 61, 10, 52, 11, 17, 45, 55, 60, 31, 4, 18, 57, 16, 58, 53, 43, 41, 1, 50, 12, 33, 56, 22, 42, 27, 51, 38, 59, 20]
Run 20:
Best OCplx: 6.388170760160332
Best Sequence: [18, 8, 29, 10, 21, 26, 13, 48, 46, 56, 17, 36, 19, 9, 31, 6, 34, 37, 59, 40, 44, 16, 57, 7, 54, 58, 11, 28, 22, 49, 41, 5, 20, 4, 25, 14, 60, 45, 39, 15, 53, 32, 35, 3, 61, 2, 23, 24, 55, 43, 38, 47, 52, 27, 30, 12, 42, 1, 51, 33, 50]
Run 21:
Best OCplx: 6.423888307928862
Best Sequence: [5, 36, 37, 3, 39, 46, 59, 21, 48, 43, 14, 11, 47, 58, 45, 54, 60, 28, 8, 4, 13, 15, 29, 23, 35, 53, 10, 7, 30, 25, 9, 24, 16, 18, 17, 19, 41, 40, 44, 38, 49, 61, 26, 22, 32, 34, 56, 2, 31, 55, 33, 27, 50, 51, 6, 42, 12, 1, 57, 20, 52]
Run 22:
Best OCplx: 6.899942259420446
Best Sequence: [44, 28, 40, 60, 21, 4, 16, 23, 45, 18, 43, 31, 48, 15, 7, 57, 46, 41, 39, 37, 36, 29, 22, 2, 55, 47, 8, 58, 11, 32, 61, 53, 34, 10, 38, 24, 56, 52, 35, 5, 30, 19, 49, 27, 13, 3, 6, 54, 20, 9, 14, 59, 1, 51, 33, 25, 17, 12, 42, 50, 26]
Run 23:
Best OCplx: 6.778060540575785
Best Sequence: [53, 58, 21, 6, 25, 31, 4, 11, 32, 40, 30, 15, 43, 44, 18, 27, 54, 3, 14, 56, 17, 55, 59, 8, 35, 37, 60, 13, 48, 36, 61, 23, 29, 39, 38, 34, 47, 24, 45, 46, 49, 22, 57, 9, 41, 19, 10, 5, 16, 26, 7, 28, 2, 20, 51, 42, 12, 1, 52, 50, 33]
Run 24:
Best OCplx: 7.169690367835779
Best Sequence: [8, 54, 44, 16, 53, 21, 10, 13, 27, 59, 7, 41, 49, 15, 46, 25, 43, 28, 14, 23, 9, 56, 31, 24, 45, 35, 58, 18, 61, 55, 30, 39, 1, 36, 29, 17, 37, 6, 57, 22, 60, 34, 32, 42, 5, 19, 4, 20, 3, 52, 2, 33, 11, 47, 50, 26, 48, 12, 40, 51, 38]
Run 25:
Best OCplx: 6.391497487269849
Best Sequence: [8, 39, 28, 36, 53, 21, 56, 54, 9, 19, 23, 37, 25, 14, 60, 32, 61, 58, 44, 24, 45, 17, 18, 48, 11, 43, 13, 4, 10, 59, 35, 47, 57, 2, 30, 15, 29, 16, 41, 49, 5, 22, 26, 34, 46, 6, 3, 42, 1, 55, 31, 27, 40, 20, 38, 52, 33, 51, 7, 50, 12]
Run 26:
Best OCplx: 6.288546449922471
Best Sequence: [26, 21, 46, 19, 60, 47, 36, 23, 7, 45, 16, 61, 5, 15, 14, 48, 39, 22, 11, 58, 28, 24, 49, 25, 32, 30, 18, 6, 57, 8, 56, 29, 43, 37, 54, 17, 10, 1, 41, 53, 3, 4, 44, 13, 31, 55, 34, 59, 27, 40, 38, 20, 9, 35, 52, 42, 50, 12, 2, 33, 51]
Run 27:
Best OCplx: 4.8612526786043535
Best Sequence: [21, 36, 11, 8, 26, 29, 28, 16, 59, 18, 6, 48, 19, 46, 40, 47, 45, 57, 54, 58, 43, 10, 27, 30, 17, 4, 61, 7, 53, 2, 25, 37, 49, 35, 34, 55, 3, 15, 5, 60, 14, 13, 22, 31, 9, 44, 41, 39, 56, 32, 1, 20, 23, 33, 51, 52, 42, 12, 24, 38, 50]
Run 28:
Best OCplx: 6.9645458508849
Best Sequence: [6, 49, 21, 53, 43, 47, 44, 15, 59, 1, 7, 36, 48, 45, 5, 30, 29, 25, 35, 37, 28, 46, 23, 24, 61, 56, 13, 11, 34, 40, 9, 4, 54, 16, 2, 10, 58, 26, 32, 27, 60, 8, 18, 41, 19, 55, 17, 14, 31, 42, 57, 38, 12, 3, 22, 39, 20, 52, 51, 33, 50]
Run 29:
Best OCplx: 5.465448150471357
Best Sequence: [10, 43, 21, 18, 36, 15, 46, 31, 37, 13, 11, 29, 9, 19, 56, 6, 22, 58, 49, 16, 4, 40, 7, 35, 45, 28, 47, 8, 17, 14, 24, 59, 60, 57, 44, 55, 41, 34, 23, 25, 61, 30, 42, 53, 2, 48, 54, 20, 1, 39, 5, 32, 50, 38, 52, 26, 27, 51, 12, 3, 33]
Run 30:
Best OCplx: 6.3659741332744995
Best Sequence: [36, 10, 21, 46, 25, 31, 13, 34, 8, 58, 3, 47, 57, 22, 53, 45, 44, 6, 41, 49, 11, 30, 43, 19, 39, 5, 16, 37, 4, 61, 56, 26, 35, 59, 60, 28, 2, 32, 27, 7, 54, 9, 29, 24, 40, 15, 17, 14, 48, 20, 18, 23, 51, 52, 1, 42, 12, 55, 38, 50, 33]
Learning Rate: 1e-05
Epsilon: 0.15
Gamma: 0.99
Target Update: 50
Memory Capacity: 20000
Batch Size: 128
if_EWM: False

Mean: 6.5012
Min: 4.5964
Max: 8.5675
Std: 1.0073