
Learning Rate: 0.0008
Epsilon: 0.99
Gamma: 0.93
Memory Capacity: 20000
Batch Size: 64
if_EWM: False
seed: 41
Run 1:
Best OCplx: 0.128564869306645
Best Sequence: [1, 8, 6, 16, 7, 13, 9, 22, 19, 11, 12, 21, 4, 10, 17, 23, 18, 20, 5, 2, 3, 15, 14]
Run 2:
Best OCplx: 0.22498852128662877
Best Sequence: [9, 8, 11, 1, 6, 13, 16, 7, 19, 21, 12, 22, 17, 23, 10, 18, 14, 20, 4, 5, 2, 3, 15]
Run 3:
Best OCplx: 0.6106831292065638
Best Sequence: [20, 1, 6, 8, 17, 7, 16, 13, 12, 4, 11, 19, 9, 10, 22, 23, 5, 2, 3, 15, 14, 21, 18]
Run 4:
Best OCplx: 0.128564869306645
Best Sequence: [8, 1, 6, 16, 7, 13, 9, 22, 12, 19, 21, 11, 10, 5, 17, 23, 18, 20, 4, 2, 3, 15, 14]
Run 5:
Best OCplx: 0.38569460791993504
Best Sequence: [1, 8, 6, 16, 13, 9, 7, 12, 19, 21, 22, 11, 23, 17, 20, 14, 18, 10, 5, 4, 2, 3, 15]
Run 6:
Best OCplx: 0.4178358252465963
Best Sequence: [1, 8, 6, 16, 13, 7, 9, 22, 19, 12, 21, 11, 23, 17, 18, 20, 5, 4, 2, 3, 15, 14, 10]
Run 7:
Best OCplx: 0.41783582524659624
Best Sequence: [8, 1, 6, 16, 13, 7, 9, 19, 22, 11, 12, 21, 4, 17, 20, 5, 2, 3, 15, 18, 10, 23, 14]
Run 8:
Best OCplx: 0.51425947722658
Best Sequence: [12, 1, 9, 8, 16, 4, 6, 22, 5, 7, 13, 17, 21, 2, 19, 14, 11, 23, 18, 3, 15, 10, 20]
Run 9:
Best OCplx: 0.22498852128662877
Best Sequence: [8, 21, 1, 6, 13, 16, 7, 9, 22, 12, 14, 19, 11, 17, 23, 18, 20, 10, 4, 5, 2, 3, 15]
Run 10:
Best OCplx: 0.22498852128662877
Best Sequence: [8, 1, 6, 16, 13, 7, 9, 22, 19, 12, 21, 11, 17, 23, 18, 20, 10, 5, 4, 14, 2, 3, 15]
Run 11:
Best OCplx: 0.4178358252465963
Best Sequence: [8, 1, 6, 16, 13, 7, 9, 22, 19, 21, 11, 12, 4, 23, 17, 18, 20, 5, 2, 3, 15, 14, 10]
Run 12:
Best OCplx: 0.51425947722658
Best Sequence: [8, 1, 5, 6, 16, 9, 7, 13, 19, 12, 22, 11, 21, 14, 23, 18, 17, 20, 10, 4, 2, 3, 15]
Run 13:
Best OCplx: 0.32141217326661253
Best Sequence: [8, 19, 1, 6, 7, 9, 16, 13, 12, 22, 21, 11, 4, 23, 17, 18, 14, 20, 10, 5, 2, 3, 15]
Run 14:
Best OCplx: 0.25712973861329
Best Sequence: [8, 6, 1, 16, 13, 7, 9, 22, 19, 12, 18, 11, 21, 17, 23, 20, 14, 10, 4, 5, 2, 3, 15]
Run 15:
Best OCplx: 0.4178358252465963
Best Sequence: [9, 8, 1, 19, 12, 6, 13, 7, 16, 11, 22, 10, 21, 17, 23, 5, 3, 4, 15, 2, 14, 18, 20]
Run 16:
Best OCplx: 0.25712973861329
Best Sequence: [8, 1, 11, 6, 7, 16, 13, 9, 22, 12, 19, 21, 10, 5, 18, 17, 14, 23, 20, 4, 2, 3, 15]
Run 17:
Best OCplx: 0.128564869306645
Best Sequence: [8, 1, 16, 7, 6, 9, 13, 22, 12, 19, 21, 11, 17, 23, 18, 20, 10, 4, 5, 2, 3, 15, 14]
Run 18:
Best OCplx: 0.2892709559399513
Best Sequence: [1, 8, 6, 16, 7, 13, 9, 22, 12, 19, 21, 11, 4, 23, 17, 20, 18, 10, 5, 2, 3, 15, 14]
Run 19:
Best OCplx: 0.44997704257325755
Best Sequence: [1, 8, 6, 16, 9, 7, 13, 22, 12, 21, 19, 4, 11, 17, 23, 18, 20, 10, 5, 14, 2, 15, 3]
Run 20:
Best OCplx: 0.22498852128662877
Best Sequence: [1, 8, 6, 16, 13, 7, 9, 22, 12, 4, 19, 21, 11, 17, 23, 18, 20, 10, 5, 14, 2, 3, 15]
Run 21:
Best OCplx: 0.3535533905932738
Best Sequence: [22, 8, 12, 1, 18, 6, 9, 7, 16, 13, 21, 19, 11, 14, 10, 5, 4, 2, 3, 15, 20, 17, 23]
Run 22:
Best OCplx: 0.32141217326661253
Best Sequence: [8, 21, 1, 12, 9, 6, 16, 7, 13, 22, 14, 11, 19, 23, 17, 10, 18, 5, 20, 4, 2, 3, 15]
Run 23:
Best OCplx: 0.32141217326661253
Best Sequence: [13, 8, 1, 19, 6, 16, 9, 7, 12, 22, 11, 23, 21, 18, 17, 14, 20, 10, 5, 4, 2, 3, 15]
Run 24:
Best OCplx: 0.22498852128662877
Best Sequence: [8, 1, 6, 16, 7, 13, 9, 12, 4, 22, 19, 21, 11, 17, 23, 18, 20, 14, 10, 5, 2, 3, 15]
Run 25:
Best OCplx: 0.44997704257325755
Best Sequence: [8, 1, 6, 9, 13, 7, 16, 22, 12, 11, 19, 10, 21, 17, 23, 18, 14, 20, 5, 4, 2, 15, 3]
Run 26:
Best OCplx: 0.22498852128662877
Best Sequence: [8, 1, 6, 16, 13, 7, 9, 22, 12, 19, 21, 11, 4, 17, 23, 18, 20, 10, 14, 5, 2, 3, 15]
Run 27:
Best OCplx: 0.25712973861329
Best Sequence: [8, 1, 6, 16, 13, 7, 9, 22, 12, 4, 21, 11, 19, 10, 5, 18, 17, 20, 23, 14, 2, 3, 15]
Run 28:
Best OCplx: 0.2892709559399513
Best Sequence: [1, 8, 6, 16, 7, 13, 9, 22, 19, 12, 21, 4, 17, 23, 20, 18, 14, 11, 10, 5, 2, 3, 15]
Run 29:
Best OCplx: 0.41783582524659624
Best Sequence: [8, 1, 16, 13, 19, 6, 7, 5, 23, 9, 12, 22, 11, 21, 17, 4, 18, 2, 3, 15, 10, 20, 14]
Run 30:
Best OCplx: 0.41783582524659624
Best Sequence: [8, 6, 1, 12, 16, 13, 7, 9, 22, 19, 21, 11, 17, 23, 18, 5, 14, 10, 20, 4, 2, 3, 15]
