Run 1:
Best OCplx: 0.8347131315342745
Best Sequence: [1, 3, 7, 27, 11, 24, 20, 19, 29, 35, 8, 10, 14, 38, 13, 22, 32, 16, 31, 9, 23, 26, 21, 28, 30, 18, 12, 6, 2, 15, 25, 4, 36, 34, 17, 39, 33, 37, 5]
Run 2:
Best OCplx: 0.9940927108824336
Best Sequence: [10, 5, 33, 36, 34, 11, 20, 1, 15, 23, 17, 28, 31, 9, 30, 14, 27, 22, 3, 19, 8, 32, 13, 35, 16, 26, 37, 6, 2, 4, 21, 29, 12, 24, 39, 18, 25, 38, 7]
Run 3:
Best OCplx: 1.0591405456585326
Best Sequence: [18, 11, 30, 21, 27, 1, 2, 38, 3, 28, 34, 39, 20, 16, 12, 33, 37, 15, 29, 36, 19, 25, 24, 10, 23, 32, 9, 35, 13, 14, 22, 6, 4, 5, 26, 8, 7, 31, 17]
Run 4:
Best OCplx: 1.1301326611571982
Best Sequence: [10, 14, 30, 11, 22, 20, 24, 8, 36, 7, 17, 9, 27, 34, 2, 31, 33, 16, 32, 3, 5, 13, 26, 21, 38, 25, 23, 6, 29, 37, 4, 39, 15, 18, 12, 35, 19, 28, 1]
Run 5:
Best OCplx: 0.919544466441314
Best Sequence: [15, 22, 14, 7, 8, 23, 20, 11, 38, 10, 18, 27, 33, 9, 6, 17, 5, 1, 19, 36, 21, 32, 25, 37, 34, 3, 28, 4, 39, 29, 2, 26, 13, 30, 31, 12, 16, 35, 24]
Run 6:
Best OCplx: 1.0851479962943997
Best Sequence: [1, 36, 18, 28, 26, 24, 10, 15, 21, 27, 13, 22, 34, 30, 3, 29, 8, 25, 11, 2, 9, 38, 39, 33, 31, 5, 20, 32, 17, 35, 37, 6, 7, 12, 14, 4, 19, 23, 16]
Run 7:
Best OCplx: 1.0948790266786608
Best Sequence: [13, 11, 21, 36, 2, 10, 24, 17, 28, 18, 33, 39, 22, 1, 20, 37, 29, 27, 9, 26, 31, 34, 7, 6, 12, 23, 5, 8, 25, 16, 19, 4, 35, 15, 14, 3, 30, 38, 32]
Run 8:
Best OCplx: 1.007332339773899
Best Sequence: [3, 2, 32, 16, 17, 11, 20, 31, 7, 38, 33, 21, 27, 14, 35, 19, 26, 15, 39, 10, 29, 30, 9, 23, 36, 12, 25, 6, 13, 28, 8, 18, 37, 24, 5, 4, 1, 22, 34]
Run 9:
Best OCplx: 0.8211938328604493
Best Sequence: [5, 36, 11, 21, 38, 27, 10, 12, 20, 1, 17, 16, 26, 33, 15, 8, 9, 7, 2, 3, 14, 23, 19, 13, 30, 39, 32, 35, 24, 22, 25, 34, 31, 6, 18, 37, 29, 4, 28]
Run 10:
Best OCplx: 0.9287019850977215
Best Sequence: [14, 30, 32, 8, 16, 15, 1, 22, 27, 18, 39, 11, 34, 26, 17, 21, 38, 10, 9, 12, 19, 3, 29, 36, 25, 35, 6, 2, 20, 31, 7, 13, 24, 33, 5, 28, 37, 4, 23]
Run 11:
Best OCplx: 0.9370178430105721
Best Sequence: [10, 15, 19, 23, 1, 36, 5, 11, 3, 39, 17, 13, 24, 30, 20, 38, 34, 31, 32, 16, 22, 27, 21, 7, 33, 14, 9, 2, 29, 8, 12, 6, 18, 26, 28, 37, 25, 4, 35]
Run 12:
Best OCplx: 1.0635171326681285
Best Sequence: [8, 11, 34, 24, 27, 31, 10, 16, 21, 19, 17, 37, 9, 6, 15, 7, 5, 38, 2, 3, 33, 32, 39, 1, 25, 36, 12, 4, 28, 29, 20, 23, 14, 22, 18, 35, 26, 13, 30]
Run 13:
Best OCplx: 1.0556597935380332
Best Sequence: [36, 24, 3, 21, 5, 27, 15, 26, 30, 10, 20, 7, 8, 9, 1, 38, 6, 29, 33, 34, 4, 28, 39, 19, 18, 14, 32, 25, 13, 37, 22, 12, 23, 17, 11, 16, 2, 35, 31]
Run 14:
Best OCplx: 1.211327365217408
Best Sequence: [34, 24, 27, 29, 28, 36, 5, 19, 13, 20, 38, 30, 39, 1, 2, 10, 7, 21, 33, 8, 25, 12, 9, 15, 35, 32, 22, 14, 6, 18, 11, 26, 16, 37, 23, 3, 4, 17, 31]
Run 15:
Best OCplx: 1.1033991775519172
Best Sequence: [11, 37, 39, 7, 16, 21, 36, 12, 2, 3, 38, 10, 9, 19, 22, 27, 33, 35, 18, 32, 25, 8, 6, 26, 30, 20, 29, 14, 1, 34, 24, 13, 17, 5, 15, 28, 23, 4, 31]
Run 16:
Best OCplx: 1.153129399221979
Best Sequence: [15, 10, 3, 30, 27, 35, 39, 7, 1, 2, 29, 34, 37, 9, 38, 21, 24, 18, 33, 20, 16, 31, 11, 13, 22, 28, 8, 19, 6, 23, 5, 36, 26, 32, 25, 14, 4, 12, 17]
Run 17:
Best OCplx: 1.0377015704271844
Best Sequence: [31, 27, 36, 21, 30, 38, 5, 39, 18, 22, 1, 7, 23, 15, 11, 13, 34, 29, 24, 35, 20, 14, 25, 3, 37, 28, 10, 33, 19, 8, 9, 6, 2, 26, 12, 4, 32, 17, 16]
Run 18:
Best OCplx: 0.6826034563950049
Best Sequence: [20, 17, 11, 10, 36, 7, 29, 15, 27, 38, 8, 33, 39, 32, 28, 9, 35, 6, 34, 19, 16, 13, 22, 26, 21, 12, 18, 25, 24, 30, 14, 3, 5, 23, 31, 37, 4, 1, 2]
Run 19:
Best OCplx: 1.1933691421065589
Best Sequence: [11, 10, 30, 28, 36, 21, 17, 29, 25, 3, 9, 19, 38, 6, 22, 24, 34, 16, 39, 23, 5, 20, 14, 32, 35, 33, 15, 26, 13, 31, 18, 12, 37, 4, 7, 1, 27, 8, 2]
Run 20:
Best OCplx: 1.04839077312797
Best Sequence: [24, 36, 17, 27, 35, 38, 32, 7, 13, 11, 37, 1, 21, 25, 26, 15, 10, 16, 33, 29, 12, 14, 23, 34, 22, 18, 8, 39, 28, 2, 3, 30, 19, 9, 6, 4, 20, 5, 31]
Run 21:
Best OCplx: 1.0432881531489597
Best Sequence: [34, 1, 21, 11, 15, 13, 36, 5, 26, 10, 16, 12, 20, 27, 38, 18, 31, 17, 37, 35, 8, 23, 9, 32, 39, 2, 28, 33, 6, 3, 24, 19, 30, 25, 4, 14, 22, 7, 29]
Run 22:
Best OCplx: 1.1049807944582402
Best Sequence: [32, 21, 14, 38, 34, 20, 27, 16, 26, 10, 31, 19, 25, 23, 11, 28, 9, 15, 24, 39, 36, 29, 3, 12, 30, 1, 7, 8, 2, 17, 33, 6, 5, 35, 4, 18, 22, 37, 13]
Run 23:
Best OCplx: 1.124928336597398
Best Sequence: [19, 14, 18, 25, 28, 38, 23, 21, 36, 29, 10, 33, 7, 31, 39, 27, 26, 11, 16, 9, 3, 5, 30, 24, 1, 6, 12, 4, 17, 32, 22, 35, 8, 34, 20, 15, 37, 2, 13]
Run 24:
Best OCplx: 1.0652004541552418
Best Sequence: [30, 29, 3, 21, 18, 27, 17, 10, 32, 12, 19, 7, 36, 11, 2, 34, 33, 24, 26, 1, 38, 28, 16, 9, 25, 15, 23, 5, 14, 20, 35, 6, 4, 31, 37, 22, 39, 8, 13]
Run 25:
Best OCplx: 1.2595785583607624
Best Sequence: [36, 29, 19, 12, 32, 14, 18, 11, 3, 7, 10, 35, 28, 9, 22, 25, 8, 23, 15, 27, 16, 2, 37, 39, 24, 26, 33, 1, 6, 34, 21, 13, 20, 31, 17, 4, 38, 30, 5]
Run 26:
Best OCplx: 1.1337429642451926
Best Sequence: [14, 13, 26, 5, 2, 11, 33, 23, 17, 36, 16, 31, 21, 7, 8, 30, 15, 25, 27, 32, 1, 39, 38, 10, 9, 34, 6, 18, 19, 35, 29, 20, 4, 3, 24, 22, 28, 37, 12]
Run 27:
Best OCplx: 1.233086261183304
Best Sequence: [8, 10, 14, 20, 2, 16, 7, 33, 15, 9, 27, 36, 21, 34, 6, 23, 28, 11, 24, 12, 3, 5, 25, 29, 37, 30, 22, 17, 26, 31, 19, 4, 35, 38, 32, 1, 39, 18, 13]
Run 28:
Best OCplx: 1.03553340239848
Best Sequence: [18, 17, 32, 2, 30, 11, 27, 10, 8, 38, 15, 16, 34, 37, 9, 24, 7, 6, 23, 35, 22, 13, 31, 19, 25, 14, 36, 33, 1, 21, 29, 20, 4, 39, 26, 5, 3, 12, 28]
Run 29:
Best OCplx: 1.2831857016208146
Best Sequence: [11, 1, 36, 16, 10, 9, 29, 8, 35, 5, 27, 12, 7, 19, 6, 24, 22, 30, 23, 39, 17, 18, 25, 26, 14, 31, 38, 2, 20, 21, 32, 15, 37, 13, 4, 33, 3, 28, 34]
Run 30:
Best OCplx: 1.0891907393760951
Best Sequence: [31, 20, 1, 17, 21, 25, 8, 3, 30, 16, 29, 15, 19, 18, 36, 27, 23, 33, 24, 26, 22, 34, 7, 35, 12, 11, 32, 37, 13, 2, 10, 9, 38, 14, 5, 39, 6, 4, 28]
UPDATE_GLOBAL_ITER: 200
GAMMA: 0.99
MAX_EP: 3000
thread_count: 3
RL: 5e-05
if_EWM: True

