Run 1:
Best OCplx: 5.140884533929393
Best Sequence: [11, 3, 9, 2, 5, 18, 13, 15, 16, 10, 8, 14, 7, 12, 6, 19, 1, 17, 4]
Run 2:
Best OCplx: 4.788464658314595
Best Sequence: [10, 17, 3, 18, 2, 1, 15, 9, 13, 7, 19, 11, 4, 5, 16, 12, 6, 14, 8]
Run 3:
Best OCplx: 5.4001044523941015
Best Sequence: [17, 3, 2, 11, 1, 8, 14, 19, 18, 9, 6, 16, 10, 7, 12, 13, 5, 15, 4]
Run 4:
Best OCplx: 4.649895341743075
Best Sequence: [15, 2, 3, 13, 9, 16, 8, 1, 18, 19, 11, 6, 4, 12, 14, 10, 5, 17, 7]
Run 5:
Best OCplx: 4.120500553721303
Best Sequence: [11, 2, 18, 12, 3, 16, 9, 6, 17, 8, 1, 14, 15, 4, 10, 13, 5, 19, 7]
Run 6:
Best OCplx: 4.706369062670288
Best Sequence: [3, 9, 15, 13, 18, 11, 2, 14, 6, 1, 19, 12, 16, 5, 10, 8, 17, 7, 4]
Run 7:
Best OCplx: 4.361965406784073
Best Sequence: [3, 2, 13, 18, 16, 11, 15, 6, 9, 1, 10, 5, 19, 8, 4, 14, 17, 12, 7]
Run 8:
Best OCplx: 5.024680353962721
Best Sequence: [2, 3, 10, 11, 6, 8, 18, 14, 9, 19, 13, 16, 15, 17, 4, 5, 1, 7, 12]
Run 9:
Best OCplx: 3.5172214748359663
Best Sequence: [18, 17, 10, 2, 9, 6, 3, 12, 16, 13, 15, 7, 14, 19, 4, 8, 1, 11, 5]
Run 10:
Best OCplx: 4.567009297958713
Best Sequence: [19, 3, 12, 2, 18, 1, 16, 11, 9, 10, 17, 13, 6, 15, 5, 4, 14, 8, 7]
Run 11:
Best OCplx: 4.012929625786227
Best Sequence: [2, 18, 14, 19, 3, 16, 9, 15, 13, 6, 8, 10, 1, 7, 17, 11, 5, 4, 12]
Run 12:
Best OCplx: 4.266203415964276
Best Sequence: [2, 19, 9, 14, 10, 11, 3, 18, 13, 8, 15, 17, 16, 7, 6, 5, 4, 12, 1]
Run 13:
Best OCplx: 4.86588673299406
Best Sequence: [3, 2, 17, 13, 14, 19, 6, 16, 12, 15, 9, 4, 5, 10, 11, 8, 18, 7, 1]
Run 14:
Best OCplx: 4.736248690576374
Best Sequence: [9, 10, 3, 18, 2, 19, 15, 17, 16, 7, 12, 14, 1, 5, 13, 8, 6, 11, 4]
Run 15:
Best OCplx: 4.3827803445180455
Best Sequence: [3, 15, 9, 2, 19, 18, 11, 12, 6, 16, 17, 14, 8, 5, 10, 13, 7, 4, 1]
Run 16:
Best OCplx: 5.101566319017016
Best Sequence: [11, 2, 15, 17, 3, 14, 13, 16, 18, 10, 9, 6, 5, 7, 12, 8, 4, 1, 19]
Run 17:
Best OCplx: 4.333784212919457
Best Sequence: [2, 11, 3, 15, 12, 13, 9, 10, 16, 7, 18, 6, 19, 17, 4, 14, 5, 8, 1]
Run 18:
Best OCplx: 4.265525400749831
Best Sequence: [2, 19, 3, 10, 17, 16, 6, 9, 15, 13, 11, 14, 4, 5, 12, 18, 1, 7, 8]
Run 19:
Best OCplx: 4.707336563686591
Best Sequence: [17, 2, 9, 19, 10, 5, 3, 14, 6, 13, 1, 18, 12, 16, 8, 11, 15, 4, 7]
Run 20:
Best OCplx: 3.4824131496894575
Best Sequence: [3, 12, 2, 9, 1, 18, 6, 19, 13, 15, 17, 16, 10, 5, 14, 8, 4, 11, 7]
Run 21:
Best OCplx: 4.827548888934914
Best Sequence: [2, 12, 9, 6, 18, 14, 16, 3, 15, 13, 5, 17, 11, 19, 7, 10, 1, 4, 8]
Run 22:
Best OCplx: 3.482657178721869
Best Sequence: [3, 17, 2, 16, 9, 1, 10, 6, 13, 14, 15, 19, 8, 18, 5, 11, 12, 4, 7]
Run 23:
Best OCplx: 4.864241520803677
Best Sequence: [10, 2, 17, 13, 3, 9, 16, 15, 12, 4, 19, 1, 14, 18, 6, 11, 5, 7, 8]
Run 24:
Best OCplx: 4.273258661942545
Best Sequence: [19, 3, 2, 18, 9, 15, 11, 14, 12, 13, 7, 6, 1, 16, 4, 17, 8, 5, 10]
Run 25:
Best OCplx: 4.741376917017923
Best Sequence: [9, 3, 2, 19, 12, 18, 13, 14, 4, 16, 15, 6, 10, 11, 5, 17, 1, 7, 8]
Run 26:
Best OCplx: 3.8191530923213923
Best Sequence: [2, 10, 9, 3, 11, 13, 19, 18, 16, 1, 17, 5, 15, 14, 7, 12, 8, 6, 4]
Run 27:
Best OCplx: 4.3289199124248325
Best Sequence: [3, 2, 12, 18, 9, 14, 1, 16, 19, 7, 6, 4, 15, 11, 13, 5, 8, 10, 17]
Run 28:
Best OCplx: 5.129387721737559
Best Sequence: [19, 11, 2, 3, 9, 6, 8, 18, 17, 16, 14, 12, 7, 1, 10, 13, 15, 5, 4]
Run 29:
Best OCplx: 4.740054382514173
Best Sequence: [10, 2, 13, 15, 9, 12, 18, 17, 3, 14, 16, 8, 6, 5, 7, 4, 1, 19, 11]
Run 30:
Best OCplx: 4.585387308737692
Best Sequence: [3, 17, 9, 1, 2, 18, 13, 7, 16, 14, 8, 11, 12, 4, 19, 15, 6, 5, 10]
UPDATE_GLOBAL_ITER: 200
GAMMA: 0.99
MAX_EP: 3000
thread_count: 3
RL: 5e-05
if_EWM: False

