Run 1:
Best OCplx: 3.188195208748174
Best Sequence: [17, 10, 18, 11, 12, 2, 19, 3, 1, 9, 13, 6, 16, 14, 15, 4, 5, 8, 7]
Run 2:
Best OCplx: 2.9123903489045633
Best Sequence: [18, 17, 12, 11, 3, 2, 10, 6, 19, 13, 9, 16, 15, 1, 14, 4, 5, 8, 7]
Run 3:
Best OCplx: 3.0888289342394937
Best Sequence: [18, 10, 17, 2, 11, 12, 9, 19, 3, 14, 13, 15, 16, 7, 4, 1, 5, 8, 6]
Run 4:
Best OCplx: 2.81729824449111
Best Sequence: [18, 17, 12, 2, 11, 10, 19, 3, 1, 13, 9, 15, 6, 16, 14, 4, 5, 8, 7]
Run 5:
Best OCplx: 2.8163308522929045
Best Sequence: [18, 11, 17, 12, 10, 2, 19, 3, 9, 1, 6, 16, 15, 14, 5, 13, 8, 4, 7]
Run 6:
Best OCplx: 3.2238540501414943
Best Sequence: [12, 11, 2, 18, 10, 17, 19, 3, 13, 9, 16, 14, 15, 5, 4, 6, 7, 8, 1]
Run 7:
Best OCplx: 2.953000239777595
Best Sequence: [11, 12, 17, 2, 19, 10, 18, 3, 9, 16, 6, 15, 13, 14, 1, 4, 7, 5, 8]
Run 8:
Best OCplx: 2.5722106540261205
Best Sequence: [3, 12, 18, 11, 10, 17, 2, 9, 19, 16, 13, 14, 8, 15, 4, 1, 7, 5, 6]
Run 9:
Best OCplx: 2.8163308522929045
Best Sequence: [12, 11, 10, 18, 17, 2, 19, 3, 9, 13, 14, 16, 15, 8, 4, 6, 1, 5, 7]
Run 10:
Best OCplx: 2.9942441212509774
Best Sequence: [11, 18, 12, 17, 2, 10, 9, 19, 3, 6, 15, 16, 1, 14, 7, 13, 8, 5, 4]
Run 11:
Best OCplx: 2.57221065402612
Best Sequence: [18, 17, 11, 10, 2, 12, 19, 3, 9, 15, 6, 13, 1, 16, 14, 7, 5, 4, 8]
Run 12:
Best OCplx: 3.3878283367009407
Best Sequence: [11, 10, 18, 2, 12, 17, 3, 9, 16, 15, 19, 13, 8, 14, 4, 1, 7, 5, 6]
Run 13:
Best OCplx: 3.396182685515823
Best Sequence: [10, 17, 11, 18, 2, 12, 19, 3, 13, 9, 15, 14, 16, 1, 6, 8, 4, 5, 7]
Run 14:
Best OCplx: 3.0690619439856266
Best Sequence: [11, 18, 10, 17, 12, 2, 19, 3, 16, 1, 14, 15, 9, 13, 4, 6, 7, 8, 5]
Run 15:
Best OCplx: 2.666795467014636
Best Sequence: [18, 10, 17, 11, 12, 2, 19, 3, 9, 1, 15, 6, 16, 13, 14, 8, 7, 4, 5]
Run 16:
Best OCplx: 2.855965092991669
Best Sequence: [3, 18, 11, 17, 10, 2, 12, 9, 13, 19, 16, 14, 5, 15, 6, 1, 8, 7, 4]
Run 17:
Best OCplx: 3.1304282435616226
Best Sequence: [3, 18, 11, 12, 17, 10, 2, 9, 19, 1, 14, 15, 6, 13, 8, 16, 5, 7, 4]
Run 18:
Best OCplx: 3.2139614286470835
Best Sequence: [2, 10, 12, 18, 19, 3, 11, 9, 16, 6, 17, 15, 14, 1, 13, 4, 5, 8, 7]
Run 19:
Best OCplx: 3.2972898846166405
Best Sequence: [11, 18, 12, 2, 17, 19, 10, 9, 3, 6, 13, 15, 16, 14, 1, 4, 7, 5, 8]
Run 20:
Best OCplx: 2.7712729014975634
Best Sequence: [18, 10, 17, 11, 3, 2, 12, 13, 9, 6, 1, 15, 19, 16, 14, 4, 7, 8, 5]
Run 21:
Best OCplx: 3.168252169364352
Best Sequence: [17, 18, 11, 2, 3, 13, 19, 12, 10, 6, 9, 15, 16, 1, 14, 4, 8, 7, 5]
Run 22:
Best OCplx: 2.8887771654262635
Best Sequence: [18, 17, 10, 12, 11, 2, 19, 3, 15, 16, 9, 1, 13, 14, 6, 4, 5, 8, 7]
Run 23:
Best OCplx: 3.3160367738084844
Best Sequence: [3, 17, 10, 2, 9, 12, 18, 19, 11, 15, 6, 1, 13, 16, 5, 14, 4, 8, 7]
Run 24:
Best OCplx: 3.337730594026443
Best Sequence: [3, 11, 17, 18, 10, 2, 12, 19, 1, 9, 13, 14, 6, 15, 16, 7, 8, 5, 4]
Run 25:
Best OCplx: 3.2972898846166405
Best Sequence: [12, 11, 10, 18, 2, 17, 19, 9, 3, 6, 16, 13, 14, 1, 15, 8, 7, 4, 5]
Run 26:
Best OCplx: 3.0721926727526943
Best Sequence: [17, 2, 3, 9, 14, 15, 6, 19, 18, 16, 12, 11, 13, 10, 1, 7, 5, 8, 4]
Run 27:
Best OCplx: 2.8074056229966993
Best Sequence: [10, 11, 3, 12, 18, 17, 1, 2, 19, 9, 13, 6, 16, 15, 14, 8, 5, 4, 7]
Run 28:
Best OCplx: 3.0397246225399366
Best Sequence: [10, 18, 3, 17, 2, 11, 12, 13, 19, 9, 16, 6, 8, 14, 15, 1, 7, 5, 4]
Run 29:
Best OCplx: 2.8406623750684936
Best Sequence: [18, 3, 11, 10, 17, 2, 12, 19, 9, 16, 13, 1, 15, 6, 4, 14, 8, 5, 7]
Run 30:
Best OCplx: 2.5722106540261205
Best Sequence: [3, 18, 11, 10, 17, 12, 2, 9, 19, 6, 13, 16, 1, 14, 15, 8, 7, 5, 4]
