Run 1:
Best OCplx: 2.708072565321038
Best Sequence: [24, 119, 56, 63, 39, 59, 129, 46, 44, 54, 76, 70, 51, 33, 52, 29, 84, 124, 64, 18, 14, 3, 19, 8, 9, 1, 55, 41, 68, 98, 15, 57, 12, 7, 11, 65, 66, 2, 31, 61, 32, 49, 5, 21, 4, 50, 53, 30, 88, 62, 13, 109, 10, 16, 6, 67, 25, 36, 60, 122, 91, 125, 45, 73, 87, 116, 42, 47, 38, 23, 34, 27, 105, 128, 20, 74, 22, 78, 26, 118, 112, 97, 17, 101, 40, 83, 86, 37, 95, 77, 115, 35, 117, 82, 92, 106, 81, 123, 79, 111, 114, 58, 110, 71, 121, 48, 126, 85, 75, 43, 69, 94, 102, 107, 100, 103, 108, 127, 28, 93, 96, 104, 99, 90, 89, 120, 113, 72, 80]
Run 2:
Best OCplx: 2.5959298833541546
Best Sequence: [7, 4, 99, 78, 9, 40, 105, 29, 107, 59, 28, 16, 49, 12, 43, 19, 70, 102, 58, 66, 71, 129, 36, 50, 69, 122, 118, 111, 56, 92, 25, 45, 124, 64, 32, 57, 114, 55, 65, 74, 82, 108, 79, 23, 116, 113, 84, 120, 14, 112, 17, 81, 6, 98, 115, 110, 125, 20, 52, 30, 68, 126, 86, 75, 103, 38, 121, 2, 15, 41, 60, 62, 53, 8, 18, 42, 106, 104, 51, 34, 21, 94, 33, 35, 87, 117, 88, 128, 93, 77, 73, 11, 101, 119, 83, 13, 80, 91, 54, 46, 39, 95, 47, 123, 72, 61, 96, 22, 1, 109, 76, 37, 97, 100, 48, 5, 31, 44, 26, 27, 89, 85, 10, 67, 3, 24, 90, 127, 63]
Run 3:
Best OCplx: 2.427788284334665
Best Sequence: [128, 49, 57, 25, 114, 73, 65, 6, 45, 100, 125, 62, 48, 5, 72, 27, 43, 3, 56, 80, 40, 68, 34, 44, 63, 60, 17, 61, 28, 74, 87, 70, 81, 64, 129, 38, 29, 105, 23, 76, 118, 2, 77, 97, 110, 113, 30, 53, 35, 1, 89, 96, 116, 47, 101, 84, 124, 75, 32, 119, 109, 103, 7, 120, 112, 18, 10, 82, 55, 37, 90, 111, 33, 121, 99, 127, 83, 52, 14, 95, 88, 126, 8, 51, 117, 122, 4, 31, 36, 16, 115, 91, 46, 42, 104, 94, 22, 26, 107, 79, 123, 41, 67, 106, 54, 78, 92, 9, 102, 12, 58, 13, 24, 86, 93, 98, 85, 20, 19, 50, 15, 39, 69, 11, 66, 108, 59, 21, 71]
Run 4:
Best OCplx: 2.493073881852158
Best Sequence: [60, 49, 67, 78, 45, 24, 84, 33, 58, 18, 4, 2, 30, 29, 17, 36, 38, 43, 13, 57, 61, 119, 71, 103, 7, 23, 26, 56, 40, 75, 52, 92, 70, 37, 87, 54, 112, 73, 31, 3, 34, 6, 47, 11, 16, 65, 74, 69, 15, 51, 59, 72, 126, 9, 63, 129, 79, 122, 99, 1, 10, 48, 19, 42, 89, 62, 21, 68, 124, 8, 118, 76, 66, 55, 64, 105, 82, 116, 110, 27, 5, 93, 97, 114, 121, 100, 101, 50, 44, 35, 32, 12, 106, 81, 128, 107, 25, 96, 91, 102, 115, 108, 83, 111, 123, 86, 117, 85, 41, 39, 109, 95, 14, 46, 127, 90, 98, 77, 80, 113, 125, 120, 22, 20, 53, 28, 88, 94, 104]
Run 5:
Best OCplx: 2.7110518920928097
Best Sequence: [59, 44, 126, 67, 49, 19, 10, 14, 68, 32, 55, 76, 5, 18, 54, 53, 29, 45, 64, 63, 11, 42, 15, 17, 71, 95, 70, 125, 50, 77, 39, 47, 78, 124, 21, 12, 24, 43, 123, 65, 117, 38, 88, 80, 13, 16, 87, 4, 51, 85, 28, 37, 120, 40, 112, 100, 119, 84, 129, 118, 33, 48, 69, 7, 46, 2, 94, 6, 113, 122, 58, 121, 115, 128, 41, 127, 61, 99, 101, 104, 108, 83, 96, 93, 30, 25, 82, 89, 9, 91, 75, 8, 20, 27, 23, 86, 116, 31, 22, 102, 1, 74, 60, 34, 107, 114, 79, 106, 73, 110, 62, 111, 3, 98, 35, 66, 36, 72, 56, 81, 109, 97, 57, 52, 90, 105, 92, 26, 103]
Run 6:
Best OCplx: 3.155895337607293
Best Sequence: [9, 39, 46, 72, 62, 12, 76, 33, 41, 68, 18, 6, 63, 75, 31, 11, 93, 30, 10, 21, 123, 4, 28, 40, 38, 65, 16, 1, 61, 128, 122, 55, 23, 13, 104, 5, 7, 58, 64, 67, 51, 59, 52, 8, 54, 45, 84, 22, 44, 37, 119, 73, 48, 71, 3, 89, 69, 129, 34, 77, 103, 47, 32, 56, 35, 118, 92, 126, 53, 100, 125, 99, 42, 116, 82, 83, 96, 57, 66, 94, 121, 49, 14, 120, 25, 124, 108, 50, 111, 113, 91, 114, 80, 26, 24, 98, 20, 117, 127, 90, 2, 87, 60, 19, 74, 109, 79, 29, 70, 105, 81, 43, 17, 85, 95, 115, 15, 110, 107, 101, 112, 97, 102, 86, 78, 106, 88, 36, 27]
Run 7:
Best OCplx: 2.0767783776297124
Best Sequence: [73, 28, 39, 3, 33, 76, 56, 87, 58, 108, 1, 121, 42, 16, 23, 11, 55, 129, 43, 114, 118, 5, 99, 82, 32, 30, 19, 69, 96, 84, 40, 106, 15, 8, 66, 68, 98, 36, 127, 35, 70, 50, 54, 6, 85, 18, 9, 41, 123, 92, 103, 110, 52, 67, 60, 14, 77, 124, 29, 62, 78, 7, 48, 125, 44, 100, 20, 95, 57, 105, 113, 61, 126, 79, 128, 89, 86, 122, 119, 90, 72, 116, 12, 80, 81, 24, 53, 25, 117, 17, 21, 71, 115, 64, 49, 22, 111, 46, 4, 45, 26, 107, 75, 83, 74, 38, 109, 94, 47, 102, 93, 2, 10, 63, 59, 27, 51, 88, 65, 37, 91, 31, 101, 112, 104, 97, 13, 34, 120]
Run 8:
Best OCplx: 2.7280936029719056
Best Sequence: [24, 2, 78, 47, 39, 3, 40, 18, 36, 19, 7, 73, 15, 1, 65, 67, 61, 54, 12, 4, 30, 68, 41, 96, 46, 37, 124, 125, 123, 51, 122, 63, 60, 115, 128, 16, 42, 72, 77, 75, 33, 31, 50, 84, 56, 106, 76, 10, 28, 9, 8, 6, 43, 55, 59, 38, 34, 58, 69, 14, 25, 129, 110, 17, 119, 44, 70, 49, 5, 11, 64, 22, 127, 23, 100, 13, 79, 57, 95, 52, 87, 26, 74, 29, 118, 92, 97, 104, 98, 121, 103, 71, 66, 21, 108, 35, 62, 45, 99, 89, 82, 126, 20, 109, 83, 91, 86, 93, 117, 94, 113, 80, 53, 32, 114, 90, 81, 107, 112, 101, 88, 120, 105, 27, 48, 102, 116, 85, 111]
Run 9:
Best OCplx: 2.534350754448504
Best Sequence: [58, 129, 55, 15, 39, 64, 10, 32, 2, 51, 87, 74, 92, 50, 40, 70, 118, 37, 28, 121, 76, 34, 84, 13, 20, 71, 57, 68, 65, 22, 25, 31, 116, 78, 100, 111, 109, 104, 99, 12, 89, 123, 44, 38, 82, 45, 6, 53, 24, 16, 8, 93, 113, 120, 77, 119, 17, 96, 3, 62, 112, 5, 46, 19, 9, 117, 72, 115, 33, 1, 97, 27, 114, 7, 47, 86, 59, 90, 56, 110, 67, 108, 81, 124, 21, 125, 36, 29, 107, 83, 54, 43, 52, 128, 73, 94, 122, 98, 105, 49, 106, 80, 66, 4, 63, 75, 95, 30, 101, 126, 91, 23, 41, 103, 14, 60, 18, 48, 26, 11, 42, 127, 35, 69, 88, 61, 79, 85, 102]
Run 10:
Best OCplx: 3.3848049831531157
Best Sequence: [93, 55, 61, 114, 109, 129, 4, 19, 31, 40, 47, 73, 8, 67, 88, 84, 86, 79, 65, 3, 33, 57, 39, 37, 29, 119, 17, 120, 89, 101, 128, 6, 64, 20, 108, 12, 22, 66, 118, 95, 105, 10, 56, 38, 36, 98, 71, 125, 70, 43, 121, 82, 75, 72, 59, 81, 78, 49, 18, 11, 62, 80, 54, 126, 51, 97, 60, 41, 5, 123, 23, 45, 87, 13, 111, 52, 30, 24, 48, 53, 124, 14, 32, 74, 28, 34, 117, 110, 85, 9, 68, 91, 27, 42, 112, 90, 16, 50, 63, 103, 113, 35, 96, 58, 102, 25, 1, 7, 107, 21, 26, 46, 100, 106, 77, 83, 127, 92, 94, 2, 104, 116, 44, 115, 76, 69, 122, 99, 15]
Run 11:
Best OCplx: 3.0042929736559434
Best Sequence: [59, 109, 36, 119, 128, 34, 49, 6, 52, 60, 87, 40, 123, 41, 23, 30, 129, 105, 112, 55, 95, 47, 113, 4, 12, 14, 62, 42, 126, 57, 29, 106, 15, 72, 1, 9, 24, 107, 2, 100, 26, 13, 124, 118, 54, 121, 65, 61, 71, 110, 114, 92, 8, 38, 25, 84, 82, 122, 108, 28, 73, 51, 93, 85, 35, 45, 68, 98, 56, 67, 63, 115, 70, 81, 89, 3, 120, 76, 102, 90, 125, 117, 75, 78, 50, 94, 27, 7, 17, 79, 77, 101, 74, 104, 44, 32, 33, 31, 64, 20, 127, 86, 103, 66, 53, 18, 11, 58, 111, 91, 19, 83, 116, 37, 46, 39, 97, 16, 43, 21, 88, 48, 80, 99, 5, 10, 69, 96, 22]
Run 12:
Best OCplx: 3.291519400766185
Best Sequence: [41, 49, 31, 125, 30, 128, 37, 76, 89, 18, 73, 16, 25, 32, 44, 84, 72, 5, 12, 9, 28, 29, 21, 116, 1, 53, 8, 86, 57, 120, 70, 123, 4, 47, 11, 119, 52, 22, 40, 126, 85, 13, 67, 68, 94, 34, 64, 36, 77, 129, 2, 97, 54, 122, 108, 107, 63, 51, 92, 71, 39, 118, 24, 56, 103, 99, 82, 124, 81, 14, 95, 96, 20, 104, 50, 100, 111, 55, 91, 58, 79, 23, 43, 90, 74, 48, 60, 113, 26, 17, 117, 121, 80, 27, 42, 66, 83, 93, 35, 98, 105, 114, 46, 127, 38, 110, 112, 102, 106, 6, 87, 115, 78, 19, 69, 3, 45, 101, 33, 61, 109, 62, 65, 7, 10, 59, 15, 75, 88]
Run 13:
Best OCplx: 2.736929386949727
Best Sequence: [18, 32, 21, 121, 49, 52, 105, 46, 27, 12, 55, 70, 34, 122, 78, 124, 79, 114, 3, 2, 51, 84, 53, 67, 66, 19, 11, 60, 30, 5, 129, 17, 118, 111, 54, 125, 14, 82, 65, 9, 58, 85, 75, 39, 109, 1, 93, 97, 47, 86, 101, 62, 96, 69, 72, 73, 16, 95, 77, 71, 15, 57, 76, 81, 50, 119, 110, 120, 7, 37, 38, 43, 117, 22, 13, 89, 87, 23, 48, 100, 102, 74, 91, 99, 6, 68, 33, 8, 88, 103, 36, 123, 41, 45, 44, 29, 59, 28, 4, 56, 24, 20, 64, 106, 90, 31, 35, 107, 42, 80, 104, 112, 26, 126, 128, 127, 98, 116, 83, 92, 113, 25, 115, 94, 61, 40, 108, 63, 10]
Run 14:
Best OCplx: 1.9230011103757856
Best Sequence: [36, 129, 47, 37, 21, 84, 64, 118, 28, 121, 65, 58, 29, 40, 93, 63, 39, 66, 115, 59, 94, 7, 89, 60, 18, 20, 116, 43, 14, 2, 98, 86, 90, 15, 71, 107, 79, 111, 13, 125, 41, 114, 102, 108, 52, 12, 6, 70, 56, 87, 96, 112, 30, 123, 11, 127, 101, 91, 5, 34, 128, 104, 105, 92, 46, 25, 103, 68, 119, 54, 73, 117, 74, 44, 48, 57, 33, 19, 32, 113, 124, 122, 82, 9, 8, 23, 51, 38, 88, 53, 85, 69, 16, 95, 31, 75, 27, 61, 67, 83, 97, 50, 55, 78, 100, 99, 24, 3, 120, 17, 45, 76, 1, 77, 62, 106, 81, 80, 109, 26, 72, 10, 126, 35, 49, 4, 22, 42, 110]
Run 15:
Best OCplx: 2.9793918017753573
Best Sequence: [46, 59, 67, 126, 8, 94, 60, 73, 40, 68, 54, 31, 15, 70, 49, 23, 34, 38, 71, 48, 52, 56, 12, 79, 121, 61, 125, 14, 9, 101, 16, 64, 7, 58, 4, 122, 87, 66, 124, 74, 21, 76, 5, 17, 75, 104, 105, 80, 69, 43, 32, 129, 26, 27, 116, 84, 72, 28, 22, 50, 123, 118, 85, 114, 102, 86, 1, 42, 29, 6, 36, 111, 117, 24, 30, 88, 37, 99, 92, 112, 10, 51, 98, 83, 82, 25, 13, 11, 45, 97, 57, 110, 103, 106, 44, 109, 20, 93, 65, 62, 128, 63, 119, 18, 53, 90, 107, 77, 96, 115, 35, 120, 39, 19, 3, 91, 55, 41, 47, 89, 108, 33, 81, 100, 95, 78, 127, 2, 113]
Run 16:
Best OCplx: 2.7923222997651083
Best Sequence: [37, 89, 123, 114, 57, 119, 45, 12, 23, 9, 121, 84, 29, 86, 85, 71, 42, 28, 44, 8, 2, 31, 41, 58, 55, 109, 1, 129, 34, 40, 112, 6, 118, 91, 94, 16, 68, 79, 51, 3, 113, 39, 64, 111, 102, 82, 75, 107, 116, 26, 87, 99, 67, 4, 63, 60, 80, 62, 98, 43, 73, 108, 61, 97, 35, 13, 128, 30, 10, 54, 46, 7, 66, 52, 77, 24, 90, 56, 78, 50, 101, 25, 17, 11, 19, 117, 21, 38, 15, 72, 81, 65, 36, 33, 69, 125, 27, 122, 5, 124, 104, 49, 18, 22, 32, 106, 93, 88, 83, 59, 96, 115, 100, 126, 47, 14, 70, 74, 127, 76, 110, 92, 105, 95, 103, 20, 120, 53, 48]
Run 17:
Best OCplx: 2.9600584396675567
Best Sequence: [119, 124, 84, 32, 14, 61, 59, 92, 31, 10, 13, 15, 123, 42, 24, 3, 41, 68, 91, 34, 9, 38, 58, 26, 129, 74, 110, 40, 35, 16, 96, 122, 5, 6, 97, 8, 53, 98, 118, 99, 100, 50, 45, 95, 12, 54, 105, 82, 93, 46, 22, 56, 117, 66, 90, 120, 63, 70, 29, 44, 17, 11, 87, 39, 60, 102, 36, 33, 78, 21, 4, 62, 47, 65, 57, 30, 75, 121, 48, 52, 108, 20, 2, 76, 79, 43, 18, 116, 67, 19, 86, 109, 101, 104, 49, 25, 89, 37, 107, 81, 126, 55, 106, 85, 28, 7, 73, 94, 64, 23, 77, 125, 51, 71, 69, 111, 27, 72, 114, 88, 113, 127, 80, 83, 112, 103, 1, 128, 115]
Run 18:
Best OCplx: 2.3587410980523535
Best Sequence: [2, 33, 32, 49, 52, 30, 14, 102, 72, 74, 77, 126, 63, 55, 118, 69, 56, 42, 24, 16, 73, 36, 122, 22, 123, 45, 110, 128, 125, 88, 67, 37, 104, 57, 106, 87, 25, 27, 28, 114, 103, 97, 23, 119, 46, 79, 105, 21, 86, 40, 82, 76, 13, 29, 65, 66, 41, 19, 81, 62, 44, 38, 39, 3, 112, 85, 75, 43, 120, 70, 95, 60, 34, 10, 6, 64, 58, 61, 108, 107, 83, 101, 17, 53, 113, 9, 115, 59, 84, 117, 48, 116, 50, 5, 31, 129, 93, 80, 99, 78, 96, 124, 8, 90, 51, 71, 111, 92, 12, 7, 15, 127, 89, 20, 54, 18, 4, 47, 26, 35, 121, 11, 1, 68, 98, 109, 94, 91, 100]
Run 19:
Best OCplx: 3.247583099177528
Best Sequence: [111, 19, 10, 129, 73, 40, 74, 69, 31, 37, 7, 85, 65, 71, 41, 49, 51, 128, 76, 124, 1, 36, 42, 34, 28, 62, 119, 50, 72, 70, 106, 63, 18, 97, 105, 17, 77, 54, 4, 6, 27, 14, 48, 39, 29, 68, 122, 21, 64, 57, 75, 11, 12, 30, 89, 78, 83, 26, 25, 3, 33, 67, 61, 47, 2, 84, 32, 110, 56, 8, 46, 5, 58, 24, 81, 43, 44, 59, 127, 55, 95, 118, 9, 16, 87, 96, 123, 114, 60, 92, 23, 15, 101, 88, 93, 86, 20, 82, 53, 100, 121, 98, 116, 108, 107, 117, 79, 102, 35, 45, 91, 112, 52, 13, 22, 38, 109, 126, 80, 94, 66, 90, 104, 99, 103, 115, 113, 125, 120]
Run 20:
Best OCplx: 3.214385497661386
Best Sequence: [75, 67, 59, 66, 77, 25, 33, 49, 10, 64, 37, 19, 119, 36, 53, 69, 84, 114, 124, 39, 28, 125, 123, 6, 51, 46, 11, 18, 57, 65, 13, 56, 55, 34, 50, 72, 58, 43, 8, 116, 52, 14, 5, 1, 109, 47, 90, 68, 129, 117, 15, 30, 42, 62, 3, 81, 99, 103, 12, 83, 100, 74, 115, 87, 73, 23, 7, 48, 118, 92, 40, 85, 32, 61, 108, 60, 82, 105, 71, 126, 22, 70, 110, 80, 16, 86, 44, 112, 38, 63, 91, 127, 107, 97, 104, 31, 120, 4, 102, 45, 29, 106, 128, 122, 41, 76, 20, 93, 2, 101, 113, 98, 27, 89, 9, 88, 17, 26, 121, 78, 35, 94, 79, 95, 54, 21, 111, 96, 24]
Run 21:
Best OCplx: 2.601483267151345
Best Sequence: [42, 17, 95, 84, 129, 2, 80, 22, 117, 52, 76, 34, 36, 63, 112, 55, 5, 6, 111, 118, 45, 128, 120, 16, 49, 82, 106, 94, 89, 115, 9, 88, 13, 114, 127, 41, 57, 107, 7, 51, 21, 24, 28, 33, 26, 66, 12, 104, 25, 46, 65, 43, 1, 87, 30, 105, 90, 72, 48, 32, 121, 58, 92, 11, 86, 39, 75, 73, 116, 19, 102, 70, 93, 110, 61, 23, 85, 79, 35, 67, 122, 74, 31, 78, 96, 113, 15, 53, 40, 119, 10, 108, 98, 62, 91, 101, 77, 27, 69, 68, 54, 71, 29, 59, 4, 20, 99, 126, 109, 18, 81, 125, 47, 8, 14, 124, 103, 83, 50, 44, 60, 37, 38, 64, 123, 100, 97, 3, 56]
Run 22:
Best OCplx: 2.1804751680683316
Best Sequence: [29, 120, 84, 37, 56, 47, 41, 68, 129, 45, 46, 92, 78, 118, 55, 31, 128, 14, 33, 66, 127, 86, 102, 28, 81, 20, 57, 17, 44, 105, 39, 72, 19, 7, 38, 116, 12, 52, 82, 90, 87, 25, 10, 117, 77, 61, 58, 69, 1, 24, 80, 49, 5, 26, 67, 59, 65, 36, 40, 34, 8, 42, 88, 114, 50, 64, 112, 13, 101, 63, 71, 53, 43, 73, 123, 107, 109, 16, 11, 27, 125, 4, 9, 110, 98, 97, 2, 89, 115, 111, 95, 103, 35, 121, 32, 124, 21, 96, 99, 60, 30, 15, 62, 100, 6, 23, 76, 75, 83, 85, 51, 22, 74, 18, 94, 70, 48, 126, 93, 54, 119, 108, 79, 106, 3, 91, 104, 122, 113]
Run 23:
Best OCplx: 3.2000782773305163
Best Sequence: [125, 111, 124, 36, 5, 65, 19, 50, 74, 103, 9, 70, 87, 66, 68, 39, 98, 18, 62, 11, 34, 16, 49, 75, 101, 76, 129, 88, 37, 8, 56, 29, 95, 69, 89, 2, 120, 26, 13, 32, 43, 94, 118, 58, 84, 25, 82, 99, 1, 53, 20, 128, 3, 57, 106, 44, 42, 64, 97, 24, 83, 121, 47, 73, 123, 78, 116, 112, 14, 10, 22, 90, 110, 45, 41, 72, 7, 122, 30, 54, 127, 27, 63, 108, 85, 6, 31, 81, 102, 71, 93, 67, 21, 126, 119, 28, 51, 12, 61, 96, 117, 15, 35, 80, 33, 17, 104, 109, 60, 55, 114, 86, 79, 52, 4, 23, 92, 91, 105, 115, 100, 113, 40, 38, 59, 77, 48, 107, 46]
Run 24:
Best OCplx: 3.2556530920169835
Best Sequence: [17, 7, 121, 59, 76, 12, 100, 62, 6, 107, 15, 83, 56, 34, 46, 31, 74, 128, 16, 110, 65, 68, 23, 111, 40, 27, 120, 119, 58, 5, 36, 72, 21, 30, 52, 129, 64, 29, 118, 8, 103, 86, 26, 47, 105, 69, 22, 55, 79, 98, 9, 127, 73, 89, 33, 92, 123, 35, 19, 41, 37, 18, 91, 49, 102, 48, 2, 99, 44, 45, 60, 84, 50, 113, 104, 42, 82, 124, 78, 97, 95, 90, 126, 70, 61, 51, 117, 20, 11, 114, 75, 57, 80, 81, 28, 54, 93, 125, 24, 25, 66, 122, 109, 77, 3, 43, 108, 85, 14, 13, 38, 39, 106, 96, 94, 4, 101, 112, 10, 116, 1, 88, 115, 71, 87, 63, 53, 32, 67]
Run 25:
Best OCplx: 1.882880919478755
Best Sequence: [29, 14, 13, 78, 128, 43, 77, 126, 11, 64, 115, 40, 66, 16, 84, 57, 79, 124, 50, 76, 6, 118, 41, 113, 28, 75, 37, 54, 45, 23, 72, 70, 107, 10, 56, 74, 55, 110, 119, 73, 24, 87, 7, 69, 12, 39, 51, 125, 22, 32, 25, 65, 31, 1, 4, 63, 48, 121, 52, 44, 67, 47, 36, 20, 34, 26, 90, 5, 53, 46, 82, 17, 15, 94, 60, 88, 62, 38, 122, 33, 21, 97, 83, 117, 2, 58, 101, 111, 129, 127, 112, 59, 93, 91, 109, 114, 102, 106, 61, 116, 27, 42, 80, 18, 30, 89, 71, 49, 9, 68, 103, 86, 19, 92, 108, 8, 100, 98, 120, 99, 3, 105, 104, 85, 96, 123, 95, 81, 35]
Run 26:
Best OCplx: 2.976793521427246
Best Sequence: [128, 123, 55, 47, 73, 41, 77, 65, 125, 115, 18, 54, 119, 25, 78, 71, 29, 95, 61, 97, 13, 72, 68, 27, 43, 129, 112, 45, 52, 106, 67, 93, 60, 102, 19, 53, 8, 10, 7, 48, 118, 34, 56, 33, 37, 14, 89, 96, 2, 23, 30, 76, 109, 92, 9, 87, 39, 46, 124, 121, 101, 82, 26, 12, 58, 15, 75, 28, 31, 127, 113, 74, 83, 86, 62, 35, 40, 85, 64, 88, 5, 36, 103, 107, 120, 32, 70, 84, 57, 49, 105, 108, 90, 59, 81, 116, 66, 100, 63, 1, 38, 21, 22, 114, 50, 4, 80, 104, 117, 99, 51, 20, 44, 3, 11, 111, 69, 126, 122, 79, 94, 6, 110, 42, 98, 16, 24, 17, 91]
Run 27:
Best OCplx: 3.4504441693842014
Best Sequence: [13, 63, 128, 54, 61, 43, 2, 7, 49, 125, 44, 30, 109, 75, 124, 21, 86, 15, 41, 10, 123, 32, 67, 50, 39, 46, 38, 36, 42, 105, 28, 69, 87, 129, 56, 33, 51, 74, 52, 18, 122, 65, 16, 48, 9, 29, 19, 64, 14, 8, 126, 72, 73, 71, 58, 34, 45, 115, 53, 62, 116, 60, 37, 119, 57, 84, 81, 55, 1, 40, 22, 66, 85, 97, 25, 89, 113, 76, 83, 96, 118, 24, 31, 103, 104, 120, 78, 79, 17, 98, 90, 95, 88, 82, 108, 99, 77, 68, 47, 107, 5, 111, 26, 106, 94, 92, 93, 70, 127, 11, 80, 59, 110, 12, 20, 3, 114, 101, 112, 23, 91, 117, 121, 27, 6, 102, 4, 35, 100]
Run 28:
Best OCplx: 2.940613988406167
Best Sequence: [9, 66, 50, 116, 126, 88, 6, 119, 75, 98, 61, 74, 29, 91, 30, 22, 25, 39, 24, 63, 51, 45, 52, 129, 43, 105, 27, 7, 67, 59, 47, 34, 70, 68, 64, 2, 76, 32, 101, 100, 62, 120, 128, 11, 87, 28, 118, 8, 73, 56, 110, 122, 16, 82, 18, 19, 38, 86, 33, 40, 48, 1, 109, 79, 89, 65, 42, 114, 80, 44, 93, 104, 77, 3, 23, 95, 5, 69, 106, 112, 102, 15, 54, 26, 115, 92, 20, 107, 96, 55, 46, 13, 21, 111, 10, 108, 103, 123, 4, 60, 37, 31, 57, 117, 41, 36, 78, 99, 113, 14, 53, 94, 81, 84, 35, 124, 125, 17, 83, 58, 71, 90, 49, 12, 121, 85, 72, 97, 127]
Run 29:
Best OCplx: 2.5720835035611125
Best Sequence: [67, 90, 33, 63, 129, 118, 32, 78, 50, 123, 11, 93, 15, 30, 80, 100, 25, 39, 23, 10, 92, 75, 127, 38, 6, 51, 2, 53, 46, 98, 47, 81, 88, 40, 119, 29, 5, 34, 111, 41, 74, 128, 72, 106, 21, 18, 55, 17, 65, 54, 103, 28, 71, 89, 16, 69, 64, 82, 52, 48, 108, 13, 3, 110, 49, 96, 8, 116, 24, 107, 124, 43, 19, 101, 44, 73, 37, 105, 85, 125, 42, 1, 59, 62, 122, 9, 56, 113, 70, 45, 14, 121, 112, 77, 83, 57, 27, 120, 95, 26, 102, 94, 31, 114, 97, 68, 7, 99, 12, 58, 66, 79, 76, 115, 60, 61, 35, 36, 84, 109, 117, 104, 22, 4, 87, 86, 20, 91, 126]
Run 30:
Best OCplx: 2.0881193344882023
Best Sequence: [1, 40, 129, 64, 87, 5, 65, 109, 70, 25, 28, 55, 29, 75, 44, 48, 36, 13, 62, 21, 38, 22, 60, 118, 115, 73, 84, 128, 61, 37, 43, 80, 46, 35, 67, 51, 39, 17, 122, 3, 58, 7, 16, 119, 76, 50, 24, 63, 49, 74, 18, 78, 14, 82, 19, 31, 90, 11, 95, 124, 85, 106, 114, 15, 105, 112, 10, 77, 45, 54, 6, 99, 86, 69, 32, 123, 102, 8, 41, 42, 4, 53, 72, 104, 12, 79, 33, 96, 116, 88, 20, 23, 127, 103, 126, 9, 100, 2, 97, 101, 83, 98, 34, 121, 89, 56, 120, 113, 107, 26, 117, 68, 91, 52, 66, 125, 110, 93, 81, 57, 94, 47, 92, 30, 111, 59, 108, 71, 27]
