Run 1:
Best OCplx: 2.6469549892345565
Best Sequence: [8, 5, 61, 47, 11, 27, 40, 21, 46, 31, 25, 59, 39, 43, 58, 34, 44, 10, 9, 54, 48, 57, 35, 13, 29, 7, 14, 6, 17, 2, 28, 15, 36, 49, 32, 23, 16, 30, 41, 3, 20, 55, 4, 22, 37, 56, 42, 53, 18, 24, 19, 26, 38, 45, 51, 52, 33, 1, 50, 12, 60]
Run 2:
Best OCplx: 2.6749913502653717
Best Sequence: [8, 61, 34, 17, 9, 10, 13, 39, 36, 28, 44, 21, 31, 47, 25, 46, 20, 57, 27, 1, 24, 7, 16, 11, 35, 58, 18, 29, 48, 45, 53, 2, 49, 14, 40, 54, 19, 6, 43, 60, 59, 22, 4, 26, 41, 30, 37, 32, 55, 23, 51, 38, 52, 15, 33, 56, 42, 5, 50, 3, 12]
Run 3:
Best OCplx: 4.053236158341413
Best Sequence: [8, 61, 46, 28, 31, 21, 36, 25, 43, 15, 27, 10, 30, 5, 34, 39, 17, 42, 55, 53, 60, 16, 58, 47, 13, 54, 41, 48, 49, 11, 44, 59, 32, 22, 23, 6, 4, 57, 45, 40, 1, 7, 18, 35, 3, 14, 52, 29, 38, 20, 33, 37, 12, 56, 19, 9, 24, 2, 26, 51, 50]
Run 4:
Best OCplx: 2.5377228892085024
Best Sequence: [31, 8, 59, 17, 34, 46, 49, 27, 21, 10, 40, 7, 11, 44, 13, 47, 25, 60, 24, 56, 39, 36, 48, 4, 61, 1, 58, 35, 54, 57, 19, 15, 16, 43, 45, 9, 29, 22, 53, 32, 37, 55, 23, 38, 5, 6, 30, 20, 3, 52, 51, 26, 50, 42, 2, 18, 14, 12, 41, 33, 28]
Run 5:
Best OCplx: 3.606229139472893
Best Sequence: [8, 61, 21, 40, 39, 28, 44, 25, 34, 46, 15, 10, 7, 36, 55, 57, 23, 5, 60, 49, 48, 9, 58, 27, 11, 56, 13, 6, 53, 59, 29, 24, 18, 41, 14, 4, 32, 54, 22, 16, 19, 17, 30, 35, 43, 31, 47, 1, 37, 26, 2, 12, 3, 38, 33, 52, 45, 20, 50, 51, 42]
Run 6:
Best OCplx: 3.6069184695249614
Best Sequence: [58, 39, 60, 5, 8, 61, 47, 21, 28, 40, 13, 46, 49, 10, 26, 7, 44, 45, 59, 54, 4, 17, 36, 27, 48, 35, 2, 22, 25, 23, 18, 16, 57, 29, 11, 43, 1, 31, 14, 19, 20, 53, 56, 9, 15, 55, 37, 38, 34, 32, 24, 6, 3, 52, 12, 42, 30, 41, 51, 50, 33]
Run 7:
Best OCplx: 6.02440555040329
Best Sequence: [21, 6, 8, 60, 10, 28, 15, 49, 17, 31, 9, 39, 46, 5, 25, 22, 13, 34, 44, 47, 24, 30, 55, 36, 35, 40, 29, 2, 43, 32, 53, 61, 57, 14, 7, 38, 23, 52, 50, 37, 19, 16, 56, 27, 12, 33, 54, 3, 18, 26, 20, 58, 42, 1, 11, 4, 48, 41, 59, 51, 45]
Run 8:
Best OCplx: 2.0927310100461423
Best Sequence: [5, 49, 8, 31, 44, 59, 25, 9, 40, 15, 46, 17, 13, 21, 4, 29, 7, 43, 53, 45, 28, 54, 48, 61, 57, 30, 58, 2, 10, 41, 39, 36, 16, 6, 47, 34, 27, 18, 1, 19, 35, 22, 26, 32, 24, 55, 42, 14, 38, 56, 52, 3, 37, 60, 23, 11, 33, 20, 50, 51, 12]
Run 9:
Best OCplx: 3.8701674261531482
Best Sequence: [46, 27, 39, 10, 8, 17, 43, 25, 9, 5, 21, 60, 49, 44, 36, 61, 53, 59, 48, 31, 45, 28, 13, 47, 58, 2, 16, 56, 26, 40, 32, 41, 6, 15, 54, 1, 11, 23, 3, 14, 57, 19, 4, 20, 7, 22, 30, 55, 18, 52, 35, 24, 37, 34, 33, 50, 38, 51, 29, 42, 12]
Run 10:
Best OCplx: 8.880003361664782
Best Sequence: [41, 5, 8, 40, 49, 19, 53, 39, 21, 46, 9, 37, 34, 58, 3, 16, 13, 14, 28, 4, 32, 55, 15, 31, 59, 10, 54, 29, 56, 23, 6, 11, 48, 44, 61, 26, 2, 45, 20, 17, 22, 43, 60, 52, 36, 42, 57, 7, 12, 27, 33, 35, 25, 18, 50, 38, 24, 30, 47, 51, 1]
Run 11:
Best OCplx: 3.2400222692380787
Best Sequence: [21, 31, 8, 35, 18, 5, 13, 49, 10, 29, 60, 7, 9, 44, 40, 39, 17, 28, 43, 25, 46, 15, 36, 59, 4, 58, 27, 30, 53, 55, 26, 11, 47, 54, 34, 61, 16, 22, 32, 37, 48, 42, 14, 45, 3, 1, 57, 12, 23, 20, 2, 24, 38, 52, 19, 50, 6, 41, 33, 56, 51]
Run 12:
Best OCplx: 3.4706226935968374
Best Sequence: [8, 53, 15, 31, 36, 61, 5, 56, 28, 21, 25, 34, 7, 44, 13, 19, 11, 35, 27, 17, 10, 9, 45, 46, 60, 58, 4, 39, 2, 6, 49, 48, 23, 54, 18, 43, 57, 26, 59, 30, 29, 16, 14, 41, 32, 1, 47, 55, 37, 52, 12, 38, 33, 22, 42, 40, 3, 20, 24, 50, 51]
Run 13:
Best OCplx: 2.8592258604570016
Best Sequence: [8, 13, 25, 40, 15, 34, 46, 36, 28, 9, 5, 43, 59, 21, 60, 61, 11, 45, 39, 19, 24, 17, 4, 58, 35, 1, 7, 14, 6, 27, 48, 53, 31, 16, 41, 10, 44, 47, 54, 18, 56, 37, 57, 30, 29, 32, 55, 38, 22, 20, 52, 33, 3, 50, 42, 2, 12, 26, 51, 49, 23]
Run 14:
Best OCplx: 2.0545332553976956
Best Sequence: [61, 8, 10, 40, 39, 46, 21, 31, 15, 13, 49, 14, 18, 4, 7, 34, 45, 43, 29, 25, 17, 19, 53, 24, 36, 5, 57, 1, 28, 54, 59, 30, 47, 27, 11, 44, 23, 48, 22, 35, 56, 55, 58, 9, 6, 37, 32, 38, 26, 60, 52, 20, 3, 33, 42, 16, 41, 51, 50, 12, 2]
Run 15:
Best OCplx: 2.6944702374688836
Best Sequence: [60, 8, 28, 5, 49, 15, 21, 46, 4, 43, 58, 25, 29, 47, 22, 57, 31, 7, 48, 9, 11, 19, 1, 39, 2, 6, 10, 24, 13, 45, 34, 36, 18, 54, 61, 40, 37, 27, 14, 30, 32, 41, 23, 26, 35, 55, 20, 16, 59, 52, 3, 42, 44, 53, 38, 17, 50, 51, 33, 12, 56]
Run 16:
Best OCplx: 2.9499017611315956
Best Sequence: [8, 34, 21, 25, 10, 39, 31, 49, 13, 40, 59, 14, 19, 4, 17, 5, 46, 29, 45, 28, 11, 43, 48, 9, 24, 6, 23, 27, 61, 54, 35, 37, 57, 36, 47, 2, 58, 7, 18, 15, 53, 1, 42, 26, 44, 16, 30, 56, 22, 32, 20, 55, 41, 38, 60, 33, 51, 52, 50, 12, 3]
Run 17:
Best OCplx: 1.295564270671532
Best Sequence: [36, 13, 8, 17, 40, 44, 46, 10, 43, 5, 28, 21, 18, 25, 39, 6, 9, 35, 31, 4, 23, 15, 11, 27, 60, 56, 47, 58, 1, 48, 26, 41, 2, 24, 59, 34, 49, 29, 19, 61, 54, 22, 30, 14, 57, 55, 32, 16, 45, 42, 38, 7, 37, 20, 51, 53, 50, 33, 3, 52, 12]
Run 18:
Best OCplx: 2.6127107044548454
Best Sequence: [49, 8, 36, 60, 25, 5, 46, 10, 13, 39, 21, 59, 17, 61, 44, 43, 47, 35, 11, 40, 28, 31, 55, 4, 15, 56, 24, 16, 2, 58, 30, 34, 26, 29, 18, 27, 23, 53, 7, 14, 1, 48, 37, 19, 6, 57, 22, 45, 32, 41, 20, 42, 3, 9, 38, 33, 51, 54, 50, 52, 12]
Run 19:
Best OCplx: 1.88027928782676
Best Sequence: [8, 17, 49, 36, 10, 15, 5, 43, 9, 13, 21, 27, 16, 40, 59, 44, 58, 28, 46, 56, 22, 53, 25, 18, 4, 7, 48, 30, 61, 57, 35, 14, 54, 11, 24, 41, 45, 39, 47, 26, 29, 6, 34, 1, 32, 31, 23, 19, 60, 55, 37, 20, 42, 38, 50, 33, 52, 51, 12, 3, 2]
Run 20:
Best OCplx: 6.201710781814342
Best Sequence: [8, 21, 36, 25, 10, 27, 49, 44, 31, 39, 17, 40, 15, 61, 59, 43, 47, 46, 5, 60, 30, 1, 19, 24, 28, 13, 11, 35, 18, 37, 22, 55, 56, 12, 42, 16, 6, 14, 20, 23, 52, 32, 53, 38, 54, 4, 2, 48, 7, 29, 50, 34, 33, 51, 45, 58, 41, 9, 57, 3, 26]
Run 21:
Best OCplx: 2.4596092246240215
Best Sequence: [8, 15, 44, 31, 39, 46, 5, 17, 27, 40, 6, 47, 9, 58, 49, 34, 21, 60, 13, 2, 36, 24, 29, 61, 53, 14, 18, 35, 16, 11, 48, 56, 43, 30, 54, 37, 59, 32, 19, 1, 4, 26, 57, 41, 7, 45, 23, 28, 55, 22, 42, 38, 52, 10, 33, 25, 20, 51, 12, 3, 50]
Run 22:
Best OCplx: 5.267479757796373
Best Sequence: [55, 8, 10, 31, 15, 60, 5, 59, 36, 61, 28, 47, 34, 27, 13, 46, 39, 40, 21, 49, 9, 16, 23, 11, 17, 18, 32, 14, 56, 2, 44, 7, 58, 6, 43, 54, 24, 42, 35, 29, 30, 41, 53, 26, 45, 57, 25, 1, 20, 22, 37, 48, 4, 33, 19, 51, 52, 50, 12, 38, 3]
Run 23:
Best OCplx: 2.015499737508912
Best Sequence: [8, 49, 10, 17, 40, 21, 46, 44, 25, 27, 14, 4, 28, 31, 11, 36, 18, 39, 16, 54, 6, 29, 5, 53, 56, 15, 61, 60, 35, 30, 34, 58, 2, 37, 48, 47, 57, 1, 23, 26, 43, 9, 24, 45, 7, 13, 55, 19, 32, 38, 41, 42, 20, 50, 59, 22, 12, 3, 52, 33, 51]
Run 24:
Best OCplx: 3.0441966655451576
Best Sequence: [8, 61, 21, 10, 60, 46, 5, 44, 31, 36, 25, 13, 59, 27, 15, 28, 34, 47, 11, 40, 58, 29, 23, 17, 14, 39, 2, 49, 7, 56, 30, 53, 48, 18, 24, 54, 6, 41, 1, 9, 57, 43, 37, 55, 26, 22, 16, 19, 20, 35, 38, 52, 33, 32, 50, 4, 45, 51, 3, 42, 12]
Run 25:
Best OCplx: 3.2977877598975813
Best Sequence: [8, 44, 40, 36, 43, 28, 46, 59, 21, 37, 35, 17, 19, 60, 31, 11, 7, 1, 5, 23, 58, 25, 4, 10, 56, 54, 55, 24, 29, 45, 26, 14, 2, 47, 15, 57, 48, 49, 18, 34, 61, 16, 22, 13, 53, 32, 9, 27, 6, 41, 39, 38, 30, 52, 42, 3, 50, 20, 51, 12, 33]
Run 26:
Best OCplx: 4.163808809806817
Best Sequence: [8, 9, 45, 28, 60, 36, 46, 58, 17, 31, 61, 10, 59, 49, 13, 15, 41, 21, 4, 48, 56, 19, 7, 54, 24, 18, 30, 6, 23, 2, 47, 27, 22, 25, 57, 44, 39, 26, 29, 1, 38, 53, 43, 55, 32, 16, 37, 52, 20, 34, 42, 40, 35, 50, 14, 3, 11, 51, 33, 12, 5]
Run 27:
Best OCplx: 4.043654028269763
Best Sequence: [21, 40, 61, 8, 25, 36, 49, 24, 44, 9, 30, 46, 59, 27, 4, 13, 54, 47, 10, 6, 56, 60, 58, 43, 22, 5, 57, 41, 23, 45, 37, 39, 17, 16, 29, 35, 7, 32, 28, 48, 20, 19, 15, 1, 18, 2, 14, 3, 55, 33, 26, 38, 52, 11, 34, 53, 31, 50, 51, 12, 42]
Run 28:
Best OCplx: 3.883483126156129
Best Sequence: [39, 8, 17, 25, 31, 13, 4, 34, 49, 47, 44, 21, 57, 10, 43, 40, 28, 5, 18, 35, 7, 54, 36, 46, 30, 58, 27, 11, 15, 48, 2, 14, 53, 1, 9, 59, 29, 45, 16, 56, 61, 22, 32, 19, 20, 26, 41, 23, 55, 6, 3, 38, 52, 24, 37, 42, 60, 33, 51, 12, 50]
Run 29:
Best OCplx: 1.8870561506753005
Best Sequence: [8, 9, 13, 5, 49, 21, 11, 25, 40, 46, 31, 39, 34, 29, 61, 17, 43, 27, 24, 35, 60, 57, 44, 4, 56, 26, 36, 18, 7, 54, 48, 45, 19, 1, 14, 2, 10, 58, 47, 30, 59, 53, 6, 22, 41, 15, 37, 23, 55, 16, 32, 42, 20, 38, 33, 28, 3, 51, 52, 12, 50]
Run 30:
Best OCplx: 5.820821654888038
Best Sequence: [31, 49, 5, 26, 15, 60, 21, 61, 58, 39, 59, 46, 28, 4, 10, 8, 30, 35, 13, 17, 43, 23, 25, 27, 40, 34, 1, 19, 11, 9, 14, 6, 54, 48, 32, 45, 20, 56, 16, 22, 37, 41, 52, 57, 53, 7, 3, 55, 18, 33, 44, 29, 36, 24, 47, 42, 51, 12, 50, 38, 2]
UPDATE_GLOBAL_ITER: 25
GAMMA: 0.99
MAX_EP: 3000
thread_count: 2
RL: 0.0007
if_EWM: False

