Run 1:
Best OCplx: 2.231665064000644
Best Sequence: [23, 3, 15, 16, 5, 17, 19, 10, 2, 8, 7, 22, 9, 20, 1, 12, 21, 6, 11, 4, 13, 25, 24, 18, 14]
Run 2:
Best OCplx: 2.229672000838249
Best Sequence: [3, 15, 16, 19, 7, 21, 2, 20, 6, 23, 1, 10, 25, 4, 14, 5, 9, 11, 17, 24, 12, 13, 8, 22, 18]
Run 3:
Best OCplx: 2.227544728496471
Best Sequence: [3, 15, 12, 4, 16, 22, 5, 13, 2, 19, 10, 9, 21, 1, 23, 20, 14, 11, 25, 6, 8, 17, 24, 7, 18]
Run 4:
Best OCplx: 2.1014359997281002
Best Sequence: [3, 15, 16, 8, 10, 2, 12, 9, 19, 5, 20, 1, 6, 23, 22, 7, 4, 24, 21, 25, 14, 11, 18, 13, 17]
Run 5:
Best OCplx: 2.0385368416125558
Best Sequence: [12, 3, 16, 9, 20, 19, 7, 5, 2, 21, 22, 10, 15, 23, 14, 4, 8, 25, 24, 6, 1, 17, 18, 13, 11]
Run 6:
Best OCplx: 2.2873077209517927
Best Sequence: [5, 16, 7, 3, 15, 10, 19, 17, 1, 12, 21, 20, 2, 24, 8, 9, 23, 4, 6, 14, 18, 22, 13, 25, 11]
Run 7:
Best OCplx: 2.191312813933214
Best Sequence: [4, 16, 12, 3, 8, 22, 23, 5, 20, 15, 1, 21, 2, 7, 17, 25, 13, 11, 19, 9, 6, 10, 24, 18, 14]
Run 8:
Best OCplx: 2.2887751704567556
Best Sequence: [4, 3, 16, 19, 5, 20, 8, 1, 17, 11, 23, 22, 24, 2, 15, 10, 7, 21, 18, 6, 12, 14, 25, 13, 9]
Run 9:
Best OCplx: 2.024363479731722
Best Sequence: [4, 15, 9, 16, 12, 5, 3, 20, 7, 17, 2, 8, 23, 19, 6, 22, 21, 1, 14, 10, 11, 13, 24, 18, 25]
Run 10:
Best OCplx: 2.1319307486195607
Best Sequence: [9, 4, 3, 16, 19, 7, 2, 12, 6, 5, 14, 17, 10, 22, 15, 1, 24, 21, 20, 8, 11, 18, 13, 23, 25]
Run 11:
Best OCplx: 2.1511375696253148
Best Sequence: [12, 8, 4, 3, 16, 5, 20, 2, 23, 14, 17, 19, 1, 22, 15, 7, 21, 10, 9, 11, 25, 18, 24, 6, 13]
Run 12:
Best OCplx: 2.032696433073638
Best Sequence: [15, 3, 4, 9, 23, 16, 1, 7, 19, 22, 11, 12, 8, 10, 20, 6, 17, 21, 5, 14, 2, 24, 25, 18, 13]
Run 13:
Best OCplx: 1.998694219305266
Best Sequence: [3, 4, 16, 15, 12, 10, 23, 22, 2, 17, 19, 5, 1, 11, 24, 20, 21, 8, 6, 18, 25, 9, 14, 13, 7]
Run 14:
Best OCplx: 2.329324663143326
Best Sequence: [12, 4, 3, 16, 14, 9, 22, 7, 20, 13, 21, 19, 23, 1, 11, 10, 2, 8, 25, 17, 5, 18, 6, 15, 24]
Run 15:
Best OCplx: 1.9723809537017605
Best Sequence: [9, 15, 4, 16, 19, 3, 10, 8, 21, 2, 6, 1, 22, 7, 12, 17, 11, 14, 5, 24, 20, 25, 23, 18, 13]
Run 16:
Best OCplx: 2.0208187384437264
Best Sequence: [12, 15, 8, 16, 3, 21, 23, 19, 7, 20, 9, 22, 17, 2, 5, 1, 10, 4, 14, 6, 24, 25, 18, 13, 11]
Run 17:
Best OCplx: 2.2268512320572764
Best Sequence: [3, 5, 23, 8, 15, 4, 16, 12, 9, 2, 10, 19, 6, 1, 14, 25, 22, 7, 24, 20, 21, 11, 13, 17, 18]
Run 18:
Best OCplx: 1.9218289485900386
Best Sequence: [12, 4, 15, 3, 16, 2, 19, 21, 23, 7, 17, 1, 11, 22, 20, 10, 14, 24, 6, 25, 8, 9, 13, 5, 18]
Run 19:
Best OCplx: 2.2075046175434454
Best Sequence: [16, 23, 7, 19, 1, 15, 12, 3, 21, 20, 2, 14, 8, 4, 6, 5, 17, 11, 9, 10, 22, 25, 24, 18, 13]
Run 20:
Best OCplx: 2.2716081056478368
Best Sequence: [3, 4, 16, 6, 22, 15, 12, 5, 2, 10, 7, 19, 1, 14, 9, 8, 17, 21, 24, 23, 20, 18, 25, 13, 11]
Run 21:
Best OCplx: 2.190675951120188
Best Sequence: [8, 4, 15, 5, 12, 16, 23, 19, 3, 10, 2, 17, 20, 21, 13, 9, 6, 7, 25, 1, 24, 22, 11, 18, 14]
Run 22:
Best OCplx: 1.9899946317010506
Best Sequence: [3, 9, 12, 16, 17, 19, 5, 1, 21, 20, 23, 22, 2, 10, 14, 8, 15, 24, 4, 11, 25, 6, 18, 13, 7]
Run 23:
Best OCplx: 2.0689861564285885
Best Sequence: [15, 12, 16, 19, 23, 5, 3, 17, 22, 9, 20, 1, 21, 14, 7, 2, 11, 4, 6, 10, 25, 8, 24, 18, 13]
Run 24:
Best OCplx: 1.87582172270682
Best Sequence: [15, 4, 12, 3, 8, 16, 10, 9, 19, 21, 23, 1, 7, 14, 22, 17, 5, 2, 20, 24, 11, 18, 13, 6, 25]
Run 25:
Best OCplx: 2.288458420235116
Best Sequence: [4, 16, 19, 8, 3, 23, 9, 20, 10, 5, 22, 12, 2, 1, 17, 6, 21, 15, 18, 24, 13, 11, 7, 25, 14]
Run 26:
Best OCplx: 2.1553714380818327
Best Sequence: [9, 12, 3, 16, 7, 20, 21, 1, 23, 2, 19, 17, 4, 8, 25, 5, 13, 15, 11, 22, 14, 10, 6, 24, 18]
Run 27:
Best OCplx: 2.1242015128663025
Best Sequence: [12, 4, 23, 3, 16, 15, 9, 21, 1, 5, 19, 20, 10, 17, 6, 2, 22, 11, 14, 25, 7, 8, 24, 18, 13]
Run 28:
Best OCplx: 1.5028809786692028
Best Sequence: [15, 9, 4, 16, 12, 19, 7, 3, 10, 20, 21, 8, 23, 2, 22, 1, 25, 14, 6, 24, 11, 17, 18, 13, 5]
Run 29:
Best OCplx: 2.0972323747932022
Best Sequence: [15, 12, 4, 3, 23, 16, 2, 17, 8, 10, 21, 19, 1, 24, 7, 9, 20, 14, 11, 18, 25, 6, 22, 13, 5]
Run 30:
Best OCplx: 2.2896523923271186
Best Sequence: [4, 3, 15, 16, 2, 23, 13, 5, 19, 20, 21, 9, 22, 12, 14, 8, 1, 17, 6, 11, 7, 10, 24, 25, 18]
Actor Learning Rate: 1e-05
Critic Learning Rate: 0.0001
Hidden Dimension: 256
Gamma: 0.99
Lambda: 0.9
Epsilon: 0.2
if_EWM: True

