Run 1:
Best OCplx: 2.204348522715259
Best Sequence: [16, 17, 20, 5, 2, 21, 4, 8, 1, 9, 3, 10, 18, 14, 11, 13, 19, 6, 7, 12, 15]
Run 2:
Best OCplx: 2.204348522715259
Best Sequence: [20, 16, 19, 1, 21, 2, 17, 4, 8, 9, 18, 6, 3, 7, 10, 5, 12, 14, 15, 11, 13]
Run 3:
Best OCplx: 2.204348522715259
Best Sequence: [16, 2, 7, 20, 6, 17, 21, 8, 4, 9, 1, 19, 10, 3, 13, 11, 18, 12, 14, 15, 5]
Run 4:
Best OCplx: 2.204348522715259
Best Sequence: [20, 16, 2, 8, 3, 7, 21, 9, 17, 10, 18, 14, 4, 1, 12, 6, 11, 19, 13, 15, 5]
Run 5:
Best OCplx: 2.2990191679939382
Best Sequence: [17, 16, 20, 2, 8, 21, 9, 7, 18, 3, 5, 19, 6, 10, 13, 15, 11, 12, 1, 14, 4]
Run 6:
Best OCplx: 2.204348522715259
Best Sequence: [16, 17, 20, 21, 8, 18, 7, 9, 10, 15, 4, 5, 2, 12, 6, 11, 1, 19, 13, 14, 3]
Run 7:
Best OCplx: 2.204348522715259
Best Sequence: [21, 20, 16, 17, 6, 2, 7, 8, 9, 18, 19, 10, 3, 11, 13, 14, 5, 1, 12, 4, 15]
Run 8:
Best OCplx: 2.2619554327011855
Best Sequence: [2, 21, 20, 3, 16, 19, 7, 8, 18, 9, 17, 1, 10, 6, 15, 13, 12, 14, 5, 4, 11]
Run 9:
Best OCplx: 2.204348522715259
Best Sequence: [16, 20, 18, 21, 2, 1, 17, 19, 5, 8, 9, 7, 4, 6, 10, 11, 3, 14, 13, 12, 15]
Run 10:
Best OCplx: 2.204348522715259
Best Sequence: [16, 6, 17, 20, 21, 7, 2, 19, 8, 4, 9, 5, 3, 10, 14, 18, 15, 1, 13, 12, 11]
Run 11:
Best OCplx: 2.204348522715259
Best Sequence: [16, 21, 20, 8, 9, 2, 3, 10, 15, 18, 17, 19, 6, 13, 7, 1, 4, 12, 11, 5, 14]
Run 12:
Best OCplx: 2.315168589289901
Best Sequence: [21, 16, 17, 8, 4, 9, 6, 10, 20, 1, 18, 7, 19, 5, 14, 2, 13, 3, 11, 15, 12]
Run 13:
Best OCplx: 2.204348522715259
Best Sequence: [20, 7, 16, 2, 6, 1, 8, 17, 19, 4, 21, 3, 18, 9, 10, 14, 13, 5, 11, 12, 15]
Run 14:
Best OCplx: 2.204348522715259
Best Sequence: [21, 20, 16, 17, 5, 8, 2, 18, 7, 19, 1, 9, 10, 6, 15, 13, 11, 4, 3, 12, 14]
Run 15:
Best OCplx: 2.204348522715259
Best Sequence: [16, 20, 19, 1, 2, 18, 8, 21, 7, 9, 17, 6, 4, 10, 3, 15, 13, 14, 5, 12, 11]
Run 16:
Best OCplx: 2.204348522715259
Best Sequence: [16, 20, 17, 18, 2, 8, 4, 21, 7, 5, 1, 9, 3, 19, 10, 11, 6, 13, 15, 14, 12]
Run 17:
Best OCplx: 2.204348522715259
Best Sequence: [20, 16, 21, 18, 8, 17, 9, 10, 19, 15, 6, 2, 1, 5, 11, 4, 13, 14, 7, 12, 3]
Run 18:
Best OCplx: 2.315168589289901
Best Sequence: [19, 20, 16, 21, 17, 8, 4, 9, 10, 11, 1, 7, 2, 3, 15, 6, 5, 18, 14, 12, 13]
Run 19:
Best OCplx: 2.204348522715259
Best Sequence: [20, 16, 6, 1, 21, 8, 9, 10, 18, 19, 14, 7, 12, 17, 4, 15, 11, 2, 5, 3, 13]
Run 20:
Best OCplx: 2.204348522715259
Best Sequence: [16, 20, 8, 17, 1, 4, 2, 21, 18, 9, 19, 6, 10, 11, 14, 5, 3, 13, 15, 7, 12]
Run 21:
Best OCplx: 2.204348522715259
Best Sequence: [16, 17, 20, 6, 19, 2, 21, 8, 7, 9, 18, 3, 10, 1, 14, 11, 12, 4, 5, 13, 15]
Run 22:
Best OCplx: 2.204348522715259
Best Sequence: [21, 16, 6, 17, 20, 2, 8, 9, 1, 10, 11, 4, 19, 5, 7, 13, 18, 3, 14, 15, 12]
Run 23:
Best OCplx: 2.204348522715259
Best Sequence: [16, 17, 20, 8, 21, 9, 2, 4, 10, 19, 15, 18, 14, 6, 11, 7, 1, 13, 3, 5, 12]
Run 24:
Best OCplx: 2.204348522715259
Best Sequence: [16, 20, 8, 17, 21, 4, 2, 5, 3, 18, 9, 1, 10, 7, 19, 13, 11, 12, 14, 6, 15]
Run 25:
Best OCplx: 2.204348522715259
Best Sequence: [16, 7, 21, 20, 8, 1, 17, 9, 19, 6, 5, 10, 18, 2, 4, 13, 11, 14, 3, 15, 12]
Run 26:
Best OCplx: 2.2990191679939382
Best Sequence: [17, 20, 16, 2, 8, 7, 18, 21, 4, 9, 19, 6, 10, 14, 5, 11, 12, 1, 3, 13, 15]
Run 27:
Best OCplx: 2.204348522715259
Best Sequence: [6, 21, 20, 16, 18, 19, 17, 2, 8, 9, 10, 7, 4, 14, 15, 1, 3, 12, 13, 5, 11]
Run 28:
Best OCplx: 2.204348522715259
Best Sequence: [16, 21, 20, 7, 6, 8, 19, 9, 10, 2, 17, 5, 4, 13, 3, 1, 18, 11, 14, 12, 15]
Run 29:
Best OCplx: 2.2990191679939382
Best Sequence: [20, 19, 8, 16, 21, 9, 7, 6, 17, 10, 18, 1, 2, 3, 4, 15, 5, 13, 12, 14, 11]
Run 30:
Best OCplx: 2.204348522715259
Best Sequence: [16, 17, 7, 4, 20, 18, 21, 8, 9, 2, 10, 13, 19, 5, 14, 12, 3, 1, 15, 6, 11]
Actor Learning Rate: 1e-05
Critic Learning Rate: 0.0001
Hidden Dimension: 256
Gamma: 0.99
Lambda: 0.9
Epsilon: 0.2
if_EWM: True

