Run 1:
Best OCplx: 2.4472828887344344
Best Sequence: [18, 11, 17, 2, 10, 19, 12, 3, 9, 16, 13, 15, 1, 14, 5, 8, 6, 4, 7]
Run 2:
Best OCplx: 2.447282888734435
Best Sequence: [18, 3, 11, 17, 2, 10, 9, 19, 12, 15, 16, 13, 14, 4, 6, 1, 8, 7, 5]
Run 3:
Best OCplx: 2.4472828887344344
Best Sequence: [3, 11, 18, 10, 17, 2, 19, 12, 9, 15, 1, 16, 14, 13, 6, 8, 4, 7, 5]
Run 4:
Best OCplx: 2.447282888734435
Best Sequence: [18, 3, 11, 17, 2, 10, 9, 16, 14, 1, 19, 12, 13, 6, 15, 8, 4, 5, 7]
Run 5:
Best OCplx: 2.447282888734435
Best Sequence: [18, 11, 3, 17, 10, 2, 9, 16, 19, 12, 6, 13, 1, 14, 15, 5, 7, 4, 8]
Run 6:
Best OCplx: 2.4472828887344344
Best Sequence: [11, 18, 17, 2, 10, 19, 3, 9, 15, 16, 14, 12, 1, 6, 13, 4, 8, 5, 7]
Run 7:
Best OCplx: 2.4472828887344344
Best Sequence: [18, 11, 17, 2, 19, 10, 12, 3, 9, 16, 14, 13, 1, 15, 6, 7, 8, 4, 5]
Run 8:
Best OCplx: 2.4472828887344344
Best Sequence: [18, 17, 2, 11, 19, 12, 10, 3, 9, 13, 16, 15, 14, 1, 6, 7, 8, 4, 5]
Run 9:
Best OCplx: 2.4472828887344344
Best Sequence: [11, 18, 17, 2, 10, 19, 12, 3, 9, 13, 16, 15, 14, 6, 1, 5, 8, 7, 4]
Run 10:
Best OCplx: 2.5722106540261205
Best Sequence: [18, 17, 2, 3, 11, 10, 12, 9, 19, 1, 16, 13, 15, 14, 6, 8, 5, 4, 7]
Run 11:
Best OCplx: 2.447282888734435
Best Sequence: [18, 3, 17, 2, 11, 10, 9, 6, 16, 19, 1, 15, 12, 13, 14, 5, 8, 4, 7]
Run 12:
Best OCplx: 2.5418677017229503
Best Sequence: [18, 17, 2, 19, 12, 10, 11, 3, 9, 15, 16, 6, 14, 1, 13, 7, 5, 8, 4]
Run 13:
Best OCplx: 2.4472828887344344
Best Sequence: [18, 17, 2, 11, 10, 19, 12, 3, 9, 16, 13, 14, 1, 15, 4, 6, 7, 5, 8]
Run 14:
Best OCplx: 2.4472828887344344
Best Sequence: [18, 11, 17, 2, 19, 10, 12, 3, 9, 16, 1, 13, 15, 14, 4, 6, 8, 7, 5]
Run 15:
Best OCplx: 2.4472828887344344
Best Sequence: [18, 17, 11, 2, 3, 10, 19, 12, 9, 6, 16, 13, 15, 14, 1, 8, 7, 5, 4]
Run 16:
Best OCplx: 2.57221065402612
Best Sequence: [11, 18, 12, 17, 2, 10, 19, 3, 9, 13, 1, 16, 15, 6, 14, 4, 7, 8, 5]
Run 17:
Best OCplx: 2.4472828887344344
Best Sequence: [18, 17, 2, 11, 10, 19, 12, 3, 9, 16, 13, 14, 1, 15, 6, 8, 7, 4, 5]
Run 18:
Best OCplx: 2.4472828887344344
Best Sequence: [18, 17, 2, 11, 10, 19, 12, 3, 9, 15, 16, 13, 14, 1, 4, 8, 7, 6, 5]
Run 19:
Best OCplx: 2.4472828887344344
Best Sequence: [18, 17, 2, 11, 19, 12, 3, 10, 9, 6, 16, 13, 1, 14, 15, 7, 8, 4, 5]
Run 20:
Best OCplx: 2.4472828887344344
Best Sequence: [18, 17, 2, 11, 10, 19, 3, 12, 9, 16, 15, 13, 14, 1, 6, 7, 5, 4, 8]
Run 21:
Best OCplx: 2.447282888734435
Best Sequence: [3, 18, 17, 11, 10, 2, 9, 19, 15, 12, 16, 13, 1, 14, 6, 5, 7, 8, 4]
Run 22:
Best OCplx: 2.5418677017229503
Best Sequence: [10, 18, 17, 2, 11, 19, 3, 12, 9, 15, 13, 16, 1, 6, 14, 4, 8, 5, 7]
Run 23:
Best OCplx: 2.4472828887344344
Best Sequence: [3, 11, 18, 17, 2, 19, 10, 12, 9, 16, 14, 13, 6, 15, 1, 7, 4, 8, 5]
Run 24:
Best OCplx: 2.4472828887344344
Best Sequence: [18, 17, 2, 19, 11, 3, 9, 16, 10, 12, 13, 15, 14, 1, 6, 7, 4, 8, 5]
Run 25:
Best OCplx: 2.4472828887344344
Best Sequence: [18, 17, 2, 11, 10, 19, 3, 9, 12, 16, 13, 14, 15, 6, 1, 4, 5, 7, 8]
Run 26:
Best OCplx: 2.4472828887344344
Best Sequence: [11, 18, 17, 2, 10, 19, 12, 3, 9, 15, 16, 13, 14, 8, 1, 5, 6, 7, 4]
Run 27:
Best OCplx: 2.4472828887344344
Best Sequence: [18, 17, 2, 11, 10, 19, 12, 3, 9, 16, 13, 14, 15, 6, 1, 7, 4, 5, 8]
Run 28:
Best OCplx: 2.5418677017229503
Best Sequence: [18, 10, 3, 17, 11, 2, 19, 9, 16, 1, 12, 15, 14, 13, 6, 7, 4, 5, 8]
Run 29:
Best OCplx: 2.4472828887344344
Best Sequence: [11, 18, 10, 17, 2, 19, 12, 3, 9, 16, 13, 15, 6, 14, 1, 5, 8, 4, 7]
Run 30:
Best OCplx: 2.447282888734435
Best Sequence: [18, 17, 2, 11, 10, 3, 9, 19, 16, 12, 13, 15, 14, 6, 1, 5, 8, 4, 7]
