Run 1:
Best OCplx: 0.6215351434743485
Best Sequence: [41, 52, 42, 76, 45, 60, 38, 70, 48, 12, 59, 66, 6, 27, 5, 77, 35, 31, 50, 61, 51, 43, 24, 22, 30, 63, 23, 56, 57, 40, 62, 3, 21, 17, 32, 29, 7, 58, 1, 20, 72, 71, 8, 54, 25, 74, 37, 15, 16, 46, 34, 53, 36, 75, 47, 26, 19, 33, 49, 65, 11, 68, 2, 28, 10, 4, 69, 55, 14, 64, 39, 67, 44, 73, 18, 9, 13]
Run 2:
Best OCplx: 0.7052048969032833
Best Sequence: [54, 8, 2, 60, 30, 50, 42, 72, 21, 23, 38, 77, 75, 22, 52, 65, 33, 25, 36, 29, 43, 37, 5, 70, 13, 15, 12, 47, 58, 44, 59, 48, 17, 63, 7, 39, 74, 20, 32, 64, 3, 49, 57, 62, 53, 19, 41, 69, 68, 66, 56, 6, 10, 67, 73, 27, 35, 46, 28, 16, 45, 40, 11, 31, 4, 26, 34, 55, 14, 1, 71, 51, 24, 76, 9, 18, 61]
Run 3:
Best OCplx: 0.6568281451062483
Best Sequence: [38, 58, 37, 27, 44, 23, 40, 51, 3, 30, 42, 12, 45, 48, 55, 43, 39, 4, 74, 60, 14, 66, 8, 76, 2, 31, 21, 32, 59, 28, 77, 5, 64, 41, 36, 56, 22, 63, 54, 35, 53, 34, 49, 15, 20, 50, 13, 75, 72, 17, 67, 61, 19, 71, 47, 29, 11, 52, 25, 69, 24, 18, 26, 9, 62, 6, 46, 33, 57, 73, 65, 70, 7, 16, 10, 68, 1]
Run 4:
Best OCplx: 0.6898110231764661
Best Sequence: [16, 31, 68, 1, 44, 8, 18, 14, 3, 12, 71, 4, 30, 22, 72, 24, 21, 32, 63, 50, 38, 75, 48, 45, 66, 43, 52, 59, 64, 53, 15, 20, 46, 34, 7, 47, 17, 19, 35, 26, 37, 54, 36, 33, 67, 51, 69, 70, 58, 57, 13, 60, 25, 40, 5, 65, 61, 56, 27, 39, 11, 76, 2, 49, 23, 73, 42, 10, 6, 62, 77, 74, 55, 9, 29, 41, 28]
Run 5:
Best OCplx: 0.6598240506851564
Best Sequence: [30, 63, 59, 28, 54, 44, 77, 43, 68, 13, 17, 31, 15, 27, 55, 60, 52, 75, 50, 39, 2, 62, 35, 4, 21, 47, 26, 51, 38, 6, 16, 48, 71, 61, 72, 66, 8, 40, 58, 14, 76, 12, 53, 42, 20, 7, 57, 70, 37, 22, 64, 46, 18, 1, 19, 45, 11, 41, 29, 32, 24, 67, 3, 36, 56, 9, 69, 34, 25, 33, 23, 49, 5, 74, 73, 65, 10]
Run 6:
Best OCplx: 0.6907413491062858
Best Sequence: [47, 62, 75, 72, 7, 44, 30, 14, 27, 26, 25, 21, 28, 55, 68, 17, 41, 23, 64, 42, 74, 4, 12, 43, 48, 5, 63, 61, 46, 8, 58, 6, 13, 24, 66, 50, 20, 19, 35, 70, 77, 45, 16, 31, 18, 56, 53, 71, 54, 60, 52, 36, 38, 33, 51, 59, 1, 34, 69, 2, 37, 11, 76, 22, 57, 15, 49, 10, 3, 39, 40, 67, 32, 29, 73, 9, 65]
Run 7:
Best OCplx: 0.7774200475086556
Best Sequence: [3, 76, 61, 8, 22, 23, 74, 33, 56, 40, 10, 28, 43, 21, 62, 26, 51, 60, 63, 13, 27, 58, 50, 42, 65, 30, 29, 46, 55, 57, 44, 7, 48, 4, 68, 66, 39, 72, 17, 32, 47, 77, 37, 12, 35, 34, 64, 52, 41, 15, 54, 20, 75, 36, 70, 59, 71, 67, 5, 31, 53, 25, 16, 1, 19, 69, 2, 11, 38, 9, 45, 73, 14, 6, 18, 49, 24]
Run 8:
Best OCplx: 0.7472690330091283
Best Sequence: [63, 30, 17, 35, 58, 46, 21, 75, 25, 18, 42, 22, 31, 8, 33, 48, 38, 74, 56, 50, 60, 6, 62, 51, 52, 64, 55, 13, 41, 61, 54, 66, 3, 47, 15, 43, 39, 26, 12, 37, 77, 20, 72, 53, 65, 1, 24, 67, 69, 7, 71, 14, 19, 11, 5, 4, 73, 2, 68, 23, 44, 9, 57, 70, 49, 40, 32, 59, 28, 29, 36, 34, 27, 45, 76, 16, 10]
Run 9:
Best OCplx: 0.8491766793312722
Best Sequence: [25, 67, 42, 56, 55, 57, 7, 8, 29, 3, 37, 12, 31, 21, 74, 62, 30, 36, 15, 59, 64, 61, 76, 71, 13, 33, 26, 46, 72, 6, 50, 53, 45, 54, 38, 77, 75, 41, 65, 2, 58, 1, 51, 27, 24, 22, 5, 43, 44, 34, 20, 66, 60, 40, 47, 28, 63, 18, 14, 35, 4, 10, 68, 48, 17, 32, 73, 19, 23, 49, 11, 70, 52, 16, 9, 69, 39]
Run 10:
Best OCplx: 0.7405741591559633
Best Sequence: [8, 59, 21, 77, 50, 52, 37, 72, 14, 53, 22, 55, 28, 35, 25, 64, 20, 58, 62, 13, 69, 10, 7, 17, 4, 24, 32, 68, 75, 63, 56, 41, 39, 61, 23, 71, 47, 3, 26, 51, 44, 60, 54, 43, 46, 2, 74, 36, 27, 1, 70, 12, 18, 65, 5, 16, 42, 66, 38, 57, 48, 76, 33, 29, 49, 40, 6, 30, 31, 15, 45, 67, 73, 34, 19, 11, 9]
Run 11:
Best OCplx: 0.6884705926979662
Best Sequence: [42, 75, 72, 52, 14, 41, 21, 20, 24, 55, 67, 61, 27, 47, 12, 70, 43, 44, 71, 7, 51, 31, 65, 62, 56, 63, 60, 35, 50, 76, 10, 30, 4, 74, 16, 48, 46, 22, 13, 37, 29, 23, 40, 38, 45, 59, 5, 8, 32, 69, 64, 3, 25, 33, 49, 26, 34, 15, 57, 17, 18, 53, 39, 19, 36, 77, 58, 6, 28, 54, 73, 11, 9, 1, 66, 2, 68]
Run 12:
Best OCplx: 0.7681608242714582
Best Sequence: [31, 24, 70, 32, 27, 47, 42, 17, 62, 39, 57, 66, 45, 52, 26, 12, 8, 1, 33, 13, 55, 44, 54, 76, 15, 16, 63, 2, 59, 37, 18, 21, 25, 75, 23, 48, 64, 41, 20, 5, 22, 28, 71, 53, 72, 50, 58, 51, 43, 38, 69, 46, 7, 49, 36, 3, 19, 65, 40, 73, 4, 29, 61, 67, 60, 10, 35, 56, 30, 74, 11, 9, 34, 14, 6, 77, 68]
Run 13:
Best OCplx: 0.9196207270620941
Best Sequence: [57, 51, 2, 25, 43, 32, 60, 7, 48, 8, 56, 35, 28, 5, 64, 26, 75, 62, 55, 40, 17, 44, 52, 69, 38, 14, 61, 15, 4, 3, 39, 1, 47, 23, 13, 41, 50, 18, 70, 21, 24, 31, 37, 59, 46, 42, 20, 22, 65, 58, 36, 34, 10, 72, 71, 19, 53, 49, 68, 11, 74, 30, 6, 66, 29, 63, 67, 9, 54, 45, 76, 33, 27, 12, 77, 73, 16]
Run 14:
Best OCplx: 0.7139030129781097
Best Sequence: [32, 3, 74, 31, 68, 12, 42, 59, 14, 43, 13, 65, 53, 15, 52, 4, 48, 30, 58, 66, 38, 63, 23, 22, 28, 44, 41, 47, 24, 72, 21, 64, 51, 25, 77, 29, 27, 39, 56, 57, 54, 60, 50, 35, 16, 37, 34, 5, 75, 45, 8, 17, 26, 20, 2, 40, 76, 33, 70, 49, 36, 19, 10, 73, 11, 7, 6, 9, 1, 67, 55, 71, 69, 62, 18, 46, 61]
Run 15:
Best OCplx: 0.7929295490096151
Best Sequence: [18, 61, 75, 22, 5, 58, 42, 48, 36, 77, 54, 46, 2, 24, 47, 4, 32, 59, 72, 70, 26, 35, 27, 55, 29, 45, 13, 7, 31, 28, 12, 62, 52, 25, 60, 39, 14, 66, 71, 17, 51, 65, 64, 33, 41, 50, 16, 69, 15, 40, 74, 53, 44, 30, 21, 23, 6, 20, 67, 19, 68, 11, 76, 73, 10, 43, 57, 1, 63, 9, 8, 38, 34, 37, 3, 49, 56]
Run 16:
Best OCplx: 0.7964242243234668
Best Sequence: [63, 4, 71, 66, 54, 27, 76, 14, 44, 77, 25, 32, 51, 56, 21, 23, 43, 42, 47, 1, 64, 75, 26, 59, 30, 33, 2, 12, 60, 48, 20, 15, 17, 58, 28, 3, 57, 22, 6, 40, 65, 10, 34, 7, 29, 69, 37, 46, 62, 24, 31, 16, 8, 61, 38, 72, 53, 49, 36, 19, 74, 70, 18, 11, 67, 5, 73, 39, 45, 55, 52, 9, 13, 41, 50, 35, 68]
Run 17:
Best OCplx: 0.7958631171610958
Best Sequence: [56, 25, 39, 54, 5, 1, 13, 28, 43, 74, 27, 66, 55, 38, 16, 70, 60, 21, 41, 2, 17, 52, 72, 67, 29, 7, 8, 15, 47, 31, 45, 12, 64, 22, 36, 4, 63, 48, 35, 65, 46, 3, 53, 30, 77, 58, 32, 42, 59, 62, 61, 10, 33, 20, 19, 11, 40, 23, 34, 76, 37, 75, 69, 49, 26, 6, 9, 68, 73, 14, 44, 50, 71, 57, 51, 24, 18]
Run 18:
Best OCplx: 0.6849898405774671
Best Sequence: [57, 59, 77, 47, 35, 45, 52, 76, 50, 25, 63, 13, 66, 5, 22, 30, 53, 16, 64, 43, 6, 21, 1, 75, 60, 61, 72, 70, 44, 34, 26, 39, 54, 46, 32, 7, 68, 37, 31, 48, 14, 23, 20, 17, 41, 10, 4, 40, 19, 42, 8, 62, 49, 15, 51, 11, 29, 74, 24, 56, 65, 3, 9, 58, 27, 71, 36, 67, 38, 69, 73, 33, 18, 12, 28, 2, 55]
Run 19:
Best OCplx: 0.8238468474307443
Best Sequence: [17, 68, 70, 74, 43, 45, 64, 4, 36, 77, 26, 51, 42, 47, 8, 61, 35, 14, 13, 22, 28, 32, 60, 48, 63, 52, 21, 7, 2, 41, 16, 72, 24, 18, 66, 57, 55, 30, 39, 3, 76, 15, 25, 40, 29, 12, 20, 38, 46, 53, 19, 65, 54, 59, 75, 69, 11, 5, 49, 44, 10, 27, 73, 62, 9, 1, 58, 56, 37, 71, 33, 6, 67, 31, 50, 23, 34]
Run 20:
Best OCplx: 0.8103405881514458
Best Sequence: [59, 52, 75, 29, 14, 38, 45, 21, 50, 16, 61, 5, 76, 77, 33, 57, 6, 51, 25, 54, 64, 60, 62, 35, 28, 43, 30, 41, 69, 26, 24, 17, 8, 74, 55, 7, 72, 67, 66, 4, 34, 58, 48, 56, 46, 37, 47, 53, 65, 15, 20, 19, 36, 44, 11, 71, 12, 63, 40, 42, 9, 22, 31, 18, 32, 27, 39, 68, 13, 10, 70, 3, 1, 23, 2, 73, 49]
Run 21:
Best OCplx: 0.7553043373407937
Best Sequence: [18, 29, 53, 7, 17, 44, 39, 42, 35, 30, 14, 43, 57, 76, 28, 23, 70, 12, 31, 47, 56, 48, 45, 62, 13, 36, 46, 50, 26, 77, 5, 41, 1, 37, 25, 72, 24, 58, 16, 6, 54, 59, 49, 65, 21, 61, 68, 33, 15, 4, 63, 2, 69, 51, 20, 27, 8, 34, 19, 67, 74, 71, 75, 64, 11, 60, 66, 32, 38, 10, 52, 9, 22, 55, 40, 73, 3]
Run 22:
Best OCplx: 0.836997811135947
Best Sequence: [70, 10, 35, 38, 72, 60, 68, 65, 15, 13, 64, 28, 47, 16, 57, 43, 74, 63, 62, 17, 14, 50, 31, 12, 51, 48, 76, 46, 66, 41, 54, 2, 55, 59, 71, 3, 37, 6, 33, 58, 5, 75, 39, 53, 26, 27, 21, 30, 22, 18, 7, 20, 19, 45, 24, 49, 56, 36, 8, 25, 67, 4, 23, 42, 32, 44, 11, 69, 1, 61, 73, 77, 40, 34, 29, 52, 9]
Run 23:
Best OCplx: 0.7356364649839958
Best Sequence: [5, 31, 32, 28, 14, 51, 59, 13, 72, 21, 74, 2, 66, 27, 50, 6, 39, 58, 77, 8, 16, 57, 24, 29, 35, 10, 68, 38, 48, 65, 67, 43, 30, 33, 70, 15, 22, 7, 42, 63, 17, 54, 37, 44, 12, 52, 1, 75, 23, 55, 46, 20, 69, 47, 76, 61, 25, 26, 62, 60, 4, 19, 3, 40, 45, 53, 34, 41, 18, 11, 9, 56, 36, 49, 71, 64, 73]
Run 24:
Best OCplx: 0.5717162566180235
Best Sequence: [43, 8, 62, 66, 51, 2, 39, 48, 1, 25, 77, 21, 32, 50, 57, 75, 35, 13, 74, 30, 59, 63, 52, 45, 60, 64, 28, 58, 56, 41, 46, 27, 53, 55, 17, 14, 29, 42, 72, 15, 54, 70, 10, 31, 3, 34, 7, 23, 4, 20, 5, 71, 76, 67, 68, 24, 22, 44, 33, 40, 37, 19, 26, 36, 49, 6, 69, 18, 38, 16, 11, 65, 12, 47, 9, 61, 73]
Run 25:
Best OCplx: 0.5734398290573247
Best Sequence: [31, 17, 50, 44, 46, 5, 12, 60, 8, 21, 6, 59, 27, 61, 72, 53, 4, 75, 45, 23, 20, 48, 51, 25, 13, 56, 29, 37, 64, 24, 54, 26, 28, 77, 41, 66, 30, 16, 76, 32, 39, 38, 42, 63, 22, 35, 1, 15, 49, 40, 67, 3, 19, 58, 11, 70, 57, 2, 7, 43, 33, 47, 55, 71, 74, 34, 65, 18, 36, 69, 52, 9, 68, 14, 62, 73, 10]
Run 26:
Best OCplx: 0.7784660012126174
Best Sequence: [70, 7, 36, 75, 6, 29, 60, 57, 55, 15, 58, 42, 61, 8, 1, 3, 62, 26, 32, 72, 31, 65, 27, 56, 5, 39, 50, 68, 59, 18, 76, 67, 46, 48, 63, 10, 41, 28, 66, 47, 33, 44, 24, 74, 17, 25, 53, 37, 23, 54, 38, 77, 21, 51, 71, 64, 12, 13, 16, 20, 45, 2, 52, 43, 35, 14, 40, 34, 69, 19, 30, 22, 11, 4, 49, 73, 9]
Run 27:
Best OCplx: 0.8334268752013153
Best Sequence: [58, 31, 43, 32, 54, 57, 13, 16, 72, 2, 27, 36, 25, 28, 6, 17, 5, 12, 74, 61, 48, 38, 41, 66, 63, 37, 42, 3, 68, 76, 44, 24, 45, 29, 8, 30, 26, 53, 51, 1, 70, 34, 21, 52, 55, 56, 73, 50, 20, 33, 60, 22, 14, 75, 59, 7, 10, 64, 47, 19, 49, 77, 35, 4, 39, 11, 46, 62, 69, 67, 71, 15, 18, 40, 9, 65, 23]
Run 28:
Best OCplx: 0.721938317309775
Best Sequence: [62, 17, 28, 56, 72, 24, 10, 26, 45, 66, 77, 35, 44, 68, 59, 4, 42, 54, 12, 70, 75, 60, 37, 22, 36, 40, 1, 55, 3, 2, 33, 46, 31, 65, 32, 74, 8, 6, 25, 5, 23, 30, 16, 27, 15, 61, 21, 63, 48, 39, 47, 69, 38, 49, 13, 43, 53, 29, 73, 52, 20, 58, 14, 19, 64, 7, 67, 34, 11, 9, 41, 50, 18, 76, 71, 51, 57]
Run 29:
Best OCplx: 0.7736448186136184
Best Sequence: [60, 31, 63, 32, 75, 7, 25, 53, 55, 51, 2, 12, 4, 58, 50, 21, 65, 3, 43, 72, 42, 77, 22, 28, 40, 5, 52, 46, 27, 44, 15, 64, 33, 76, 13, 36, 6, 70, 26, 23, 74, 35, 18, 45, 48, 30, 57, 38, 39, 20, 66, 62, 61, 71, 54, 59, 14, 56, 24, 8, 41, 69, 37, 19, 67, 11, 34, 68, 73, 1, 16, 10, 9, 49, 17, 47, 29]
Run 30:
Best OCplx: 0.6863163478626145
Best Sequence: [46, 75, 7, 24, 43, 50, 54, 13, 52, 32, 14, 63, 57, 31, 44, 21, 45, 48, 30, 41, 4, 59, 29, 60, 62, 27, 34, 77, 39, 17, 61, 37, 66, 22, 76, 16, 28, 55, 72, 3, 70, 15, 51, 67, 33, 58, 8, 56, 2, 42, 53, 47, 36, 10, 40, 25, 64, 68, 74, 20, 5, 49, 12, 19, 6, 1, 11, 71, 18, 26, 69, 23, 35, 73, 9, 65, 38]
