Run 1:
Best OCplx: 9.185022721663541
Best Sequence: [44, 20, 19, 15, 13, 6, 18, 43, 40, 39, 22, 28, 33, 7, 25, 38, 34, 10, 29, 5, 21, 9, 32, 8, 1, 27, 42, 12, 37, 14, 36, 4, 41, 11, 26, 3, 31, 2, 30, 35, 16, 17, 45, 23, 24]
Run 2:
Best OCplx: 8.123972173017854
Best Sequence: [20, 13, 14, 18, 40, 22, 42, 15, 31, 28, 9, 33, 41, 37, 17, 16, 10, 34, 32, 8, 44, 4, 5, 25, 19, 30, 1, 39, 2, 38, 27, 26, 6, 29, 11, 43, 3, 12, 21, 7, 36, 35, 23, 24, 45]
Run 3:
Best OCplx: 9.270983568055836
Best Sequence: [30, 12, 28, 36, 7, 18, 20, 43, 27, 13, 25, 5, 31, 44, 42, 33, 34, 3, 11, 6, 41, 19, 14, 22, 26, 38, 21, 29, 39, 17, 8, 32, 10, 1, 4, 9, 15, 2, 40, 35, 37, 16, 23, 24, 45]
Run 4:
Best OCplx: 9.372479789762796
Best Sequence: [20, 36, 12, 10, 31, 32, 14, 19, 41, 18, 11, 27, 35, 15, 38, 43, 26, 16, 30, 22, 25, 40, 33, 2, 13, 6, 9, 34, 29, 37, 5, 7, 3, 21, 39, 1, 4, 8, 44, 42, 28, 45, 17, 23, 24]
Run 5:
Best OCplx: 9.479907736427075
Best Sequence: [18, 20, 41, 22, 28, 25, 19, 15, 8, 38, 40, 4, 21, 9, 34, 12, 37, 17, 6, 14, 36, 39, 42, 29, 10, 26, 7, 35, 31, 33, 5, 2, 13, 30, 45, 1, 27, 32, 44, 3, 43, 16, 23, 11, 24]
Run 6:
Best OCplx: 9.800818371081855
Best Sequence: [27, 31, 25, 30, 20, 19, 5, 32, 1, 18, 33, 14, 8, 10, 11, 36, 39, 12, 42, 21, 22, 37, 29, 16, 43, 2, 6, 28, 17, 15, 38, 26, 41, 13, 9, 44, 4, 34, 40, 35, 7, 24, 23, 3, 45]
Run 7:
Best OCplx: 8.052659506777022
Best Sequence: [15, 36, 8, 31, 43, 18, 41, 20, 9, 37, 26, 30, 28, 11, 5, 38, 33, 32, 12, 14, 44, 21, 6, 4, 16, 40, 22, 34, 39, 25, 7, 3, 17, 2, 10, 42, 19, 35, 13, 45, 1, 27, 29, 23, 24]
Run 8:
Best OCplx: 9.31064647366287
Best Sequence: [20, 18, 42, 33, 10, 41, 17, 39, 4, 37, 21, 2, 5, 7, 28, 40, 30, 29, 13, 3, 25, 32, 36, 15, 34, 27, 22, 8, 9, 19, 44, 38, 26, 31, 11, 16, 43, 12, 14, 1, 45, 24, 35, 6, 23]
Run 9:
Best OCplx: 8.823972420098555
Best Sequence: [43, 18, 41, 44, 30, 20, 31, 12, 32, 15, 19, 16, 5, 11, 37, 1, 7, 29, 8, 28, 17, 3, 33, 22, 40, 34, 4, 39, 9, 36, 42, 10, 27, 6, 13, 14, 25, 21, 26, 35, 45, 23, 24, 38, 2]
Run 10:
Best OCplx: 10.10255438313548
Best Sequence: [11, 25, 18, 16, 33, 14, 13, 42, 22, 31, 5, 4, 41, 35, 20, 32, 3, 12, 36, 21, 43, 1, 8, 28, 37, 39, 17, 27, 29, 30, 34, 9, 2, 38, 15, 6, 44, 19, 10, 40, 26, 23, 45, 7, 24]
Run 11:
Best OCplx: 8.958515818664448
Best Sequence: [18, 44, 43, 8, 34, 36, 41, 13, 42, 20, 33, 22, 5, 26, 39, 15, 21, 30, 12, 40, 14, 4, 16, 28, 17, 3, 38, 29, 31, 9, 10, 11, 6, 37, 7, 32, 45, 25, 2, 1, 27, 35, 24, 19, 23]
Run 12:
Best OCplx: 9.406021138999293
Best Sequence: [18, 11, 20, 41, 33, 1, 17, 6, 39, 12, 36, 44, 15, 7, 29, 19, 28, 43, 16, 30, 40, 2, 38, 5, 42, 3, 9, 37, 34, 14, 27, 21, 8, 31, 25, 4, 26, 13, 10, 32, 22, 23, 35, 24, 45]
Run 13:
Best OCplx: 9.421125794541133
Best Sequence: [18, 22, 42, 12, 40, 31, 26, 10, 14, 17, 19, 15, 20, 21, 38, 28, 25, 43, 16, 34, 1, 5, 7, 13, 39, 6, 30, 32, 41, 3, 9, 11, 37, 29, 33, 2, 35, 8, 44, 45, 4, 23, 27, 36, 24]
Run 14:
Best OCplx: 9.430117095325546
Best Sequence: [20, 25, 29, 18, 11, 5, 34, 12, 16, 19, 10, 39, 6, 17, 36, 31, 37, 7, 30, 44, 15, 21, 28, 2, 8, 26, 3, 9, 1, 42, 41, 14, 33, 40, 4, 27, 22, 38, 32, 43, 13, 24, 35, 45, 23]
Run 15:
Best OCplx: 9.218947283892176
Best Sequence: [18, 20, 16, 8, 17, 42, 14, 28, 11, 40, 34, 37, 38, 33, 25, 7, 9, 6, 29, 13, 31, 39, 22, 1, 43, 3, 44, 5, 32, 4, 26, 35, 2, 36, 19, 27, 21, 30, 10, 15, 23, 12, 41, 24, 45]
Run 16:
Best OCplx: 9.607648868566743
Best Sequence: [18, 1, 43, 3, 22, 20, 19, 14, 9, 26, 25, 36, 4, 33, 11, 12, 10, 6, 39, 28, 13, 8, 38, 21, 5, 32, 2, 34, 30, 7, 27, 41, 42, 16, 15, 29, 31, 44, 40, 17, 37, 24, 35, 45, 23]
Run 17:
Best OCplx: 8.505424387553445
Best Sequence: [16, 36, 25, 8, 18, 13, 10, 28, 40, 20, 42, 39, 43, 34, 15, 22, 5, 9, 14, 37, 41, 44, 7, 12, 31, 26, 4, 35, 21, 33, 30, 19, 38, 6, 3, 32, 2, 1, 29, 45, 11, 17, 23, 27, 24]
Run 18:
Best OCplx: 9.923521713747178
Best Sequence: [8, 36, 31, 32, 9, 6, 5, 22, 28, 18, 7, 1, 42, 16, 4, 43, 33, 25, 20, 10, 34, 26, 40, 35, 17, 37, 29, 30, 14, 11, 41, 27, 21, 3, 19, 44, 12, 13, 24, 15, 39, 38, 2, 23, 45]
Run 19:
Best OCplx: 9.635457257877334
Best Sequence: [20, 25, 11, 8, 18, 16, 36, 5, 10, 13, 6, 1, 38, 40, 34, 12, 33, 27, 31, 4, 15, 37, 28, 21, 41, 43, 7, 22, 29, 14, 44, 17, 9, 42, 30, 45, 39, 26, 2, 3, 32, 19, 35, 24, 23]
Run 20:
Best OCplx: 8.672556672155963
Best Sequence: [20, 42, 31, 18, 17, 16, 25, 40, 14, 44, 39, 12, 26, 36, 38, 29, 43, 30, 19, 8, 15, 33, 10, 11, 6, 37, 28, 2, 32, 27, 7, 3, 41, 22, 13, 5, 21, 9, 34, 4, 1, 35, 23, 24, 45]
Run 21:
Best OCplx: 8.654144845160513
Best Sequence: [12, 1, 5, 20, 11, 18, 14, 36, 42, 41, 7, 38, 30, 28, 19, 29, 34, 21, 22, 16, 26, 4, 44, 13, 6, 43, 39, 40, 3, 10, 31, 15, 2, 17, 27, 33, 25, 9, 32, 8, 24, 35, 45, 37, 23]
Run 22:
Best OCplx: 9.309799366170052
Best Sequence: [41, 14, 3, 18, 12, 15, 36, 20, 9, 7, 29, 30, 16, 31, 10, 11, 19, 43, 33, 17, 5, 13, 21, 44, 34, 8, 32, 42, 22, 26, 37, 2, 39, 4, 45, 28, 40, 25, 24, 35, 27, 38, 1, 6, 23]
Run 23:
Best OCplx: 9.778332846798591
Best Sequence: [36, 14, 6, 18, 19, 20, 42, 43, 44, 3, 11, 25, 41, 8, 7, 39, 13, 5, 12, 16, 27, 21, 15, 30, 4, 29, 33, 17, 9, 31, 22, 37, 28, 32, 1, 34, 38, 35, 26, 2, 40, 23, 10, 45, 24]
Run 24:
Best OCplx: 9.419670300081332
Best Sequence: [20, 18, 8, 38, 44, 37, 22, 39, 21, 27, 25, 14, 15, 17, 26, 4, 43, 19, 42, 34, 31, 30, 16, 11, 32, 28, 10, 7, 5, 29, 3, 35, 1, 2, 33, 13, 41, 40, 12, 36, 45, 9, 23, 6, 24]
Run 25:
Best OCplx: 9.820428717063642
Best Sequence: [29, 14, 30, 1, 6, 22, 42, 10, 39, 44, 3, 13, 18, 43, 11, 17, 36, 20, 33, 5, 9, 2, 15, 25, 16, 41, 7, 38, 19, 12, 31, 37, 34, 32, 27, 21, 40, 28, 26, 4, 8, 45, 35, 23, 24]
Run 26:
Best OCplx: 9.236339803250635
Best Sequence: [11, 44, 5, 15, 19, 13, 20, 14, 38, 18, 39, 17, 33, 22, 7, 1, 43, 25, 36, 29, 16, 8, 9, 37, 27, 6, 34, 41, 21, 10, 26, 3, 28, 30, 4, 31, 12, 42, 40, 32, 2, 23, 45, 24, 35]
Run 27:
Best OCplx: 9.25928125486647
Best Sequence: [18, 42, 10, 19, 25, 20, 14, 5, 12, 9, 41, 27, 21, 1, 37, 4, 43, 31, 3, 33, 44, 29, 11, 8, 13, 6, 28, 16, 40, 32, 2, 7, 36, 30, 22, 17, 26, 39, 34, 45, 15, 38, 35, 23, 24]
Run 28:
Best OCplx: 9.748968603718845
Best Sequence: [28, 9, 14, 18, 20, 15, 26, 25, 29, 38, 5, 10, 43, 8, 32, 36, 40, 31, 33, 17, 11, 41, 19, 39, 21, 42, 6, 13, 30, 22, 2, 16, 34, 27, 4, 44, 7, 1, 12, 23, 37, 45, 3, 35, 24]
Run 29:
Best OCplx: 9.79306723688284
Best Sequence: [18, 41, 28, 44, 5, 26, 36, 10, 20, 17, 13, 38, 30, 9, 39, 8, 15, 4, 6, 25, 37, 3, 22, 21, 14, 29, 11, 43, 40, 7, 16, 2, 19, 31, 33, 12, 32, 1, 27, 35, 45, 24, 34, 23, 42]
Run 30:
Best OCplx: 9.070691404746427
Best Sequence: [16, 12, 13, 18, 20, 29, 37, 9, 31, 8, 27, 21, 4, 30, 26, 44, 22, 5, 14, 42, 25, 28, 15, 19, 43, 11, 41, 7, 40, 33, 39, 32, 3, 6, 17, 35, 10, 34, 1, 38, 36, 45, 2, 24, 23]
Learning Rate: 1e-05
Epsilon: 0.15
Gamma: 0.99
Target Update: 50
Memory Capacity: 20000
Batch Size: 128
if_EWM: True


Mean: 9.2798
Min: 8.0527 
Max: 10.1026
Std: 0.4940 