Run 1:
Best OCplx: 3.274982203298254
Best Sequence: [3, 18, 17, 12, 11, 10, 2, 19, 6, 1, 15, 13, 16, 9, 14, 8, 5, 4, 7]
Run 2:
Best OCplx: 3.9500922871406585
Best Sequence: [2, 18, 9, 12, 19, 3, 15, 6, 10, 1, 13, 17, 11, 14, 8, 16, 4, 5, 7]
Run 3:
Best OCplx: 4.336009667252603
Best Sequence: [12, 10, 11, 2, 18, 19, 17, 16, 3, 13, 9, 4, 15, 14, 1, 5, 7, 6, 8]
Run 4:
Best OCplx: 4.26117735348216
Best Sequence: [18, 17, 11, 12, 10, 19, 2, 3, 16, 6, 9, 14, 1, 15, 7, 4, 13, 8, 5]
Run 5:
Best OCplx: 3.2385690486336665
Best Sequence: [2, 3, 9, 18, 11, 19, 17, 12, 15, 6, 10, 1, 13, 14, 16, 4, 8, 7, 5]
Run 6:
Best OCplx: 4.148566815181098
Best Sequence: [2, 10, 9, 11, 12, 3, 15, 18, 5, 19, 1, 17, 16, 13, 14, 7, 6, 8, 4]
Run 7:
Best OCplx: 4.166842466796042
Best Sequence: [2, 12, 3, 6, 16, 19, 15, 11, 14, 18, 17, 9, 13, 1, 10, 8, 7, 4, 5]
Run 8:
Best OCplx: 3.9814594556569407
Best Sequence: [10, 12, 11, 18, 2, 17, 19, 15, 3, 13, 16, 9, 14, 5, 4, 1, 6, 7, 8]
Run 9:
Best OCplx: 3.9706535462230264
Best Sequence: [3, 10, 2, 12, 11, 18, 17, 19, 9, 1, 15, 6, 13, 5, 14, 16, 7, 8, 4]
Run 10:
Best OCplx: 3.0936103957596583
Best Sequence: [3, 12, 17, 2, 18, 11, 10, 19, 1, 9, 13, 16, 15, 14, 6, 8, 4, 7, 5]
Run 11:
Best OCplx: 3.530527940047227
Best Sequence: [11, 2, 10, 19, 12, 18, 17, 3, 15, 16, 9, 14, 1, 6, 8, 13, 5, 7, 4]
Run 12:
Best OCplx: 3.4977562494911676
Best Sequence: [2, 11, 18, 3, 12, 14, 9, 19, 10, 6, 1, 17, 13, 15, 16, 5, 4, 7, 8]
Run 13:
Best OCplx: 3.4552348579551433
Best Sequence: [3, 12, 17, 18, 11, 2, 1, 15, 19, 10, 9, 13, 14, 6, 16, 8, 4, 5, 7]
Run 14:
Best OCplx: 3.533541302846216
Best Sequence: [10, 18, 17, 3, 2, 12, 19, 11, 13, 1, 15, 6, 9, 16, 7, 14, 8, 5, 4]
Run 15:
Best OCplx: 3.993982881716322
Best Sequence: [3, 2, 11, 10, 17, 1, 12, 15, 6, 19, 18, 9, 16, 13, 14, 8, 5, 4, 7]
Run 16:
Best OCplx: 3.6186686400951915
Best Sequence: [3, 18, 11, 17, 2, 9, 12, 1, 19, 15, 6, 10, 13, 14, 4, 7, 5, 16, 8]
Run 17:
Best OCplx: 4.056299407535171
Best Sequence: [2, 11, 18, 10, 12, 17, 19, 14, 3, 15, 9, 16, 6, 13, 1, 8, 5, 7, 4]
Run 18:
Best OCplx: 3.4590490191120735
Best Sequence: [12, 10, 2, 3, 19, 18, 17, 11, 16, 1, 9, 6, 15, 13, 14, 8, 7, 5, 4]
Run 19:
Best OCplx: 4.426781672838247
Best Sequence: [10, 18, 11, 2, 12, 19, 17, 15, 3, 6, 16, 9, 14, 8, 1, 13, 7, 4, 5]
Run 20:
Best OCplx: 3.4368247002913277
Best Sequence: [17, 18, 11, 2, 12, 10, 19, 3, 1, 16, 14, 13, 9, 15, 5, 4, 6, 7, 8]
Run 21:
Best OCplx: 3.1626793647759364
Best Sequence: [18, 17, 12, 2, 10, 19, 11, 3, 15, 14, 9, 6, 13, 16, 5, 4, 7, 1, 8]
Run 22:
Best OCplx: 3.682628630793323
Best Sequence: [18, 3, 12, 17, 11, 2, 10, 19, 16, 9, 14, 7, 15, 1, 8, 6, 5, 13, 4]
Run 23:
Best OCplx: 3.419102136456007
Best Sequence: [17, 2, 11, 18, 10, 12, 19, 3, 15, 16, 9, 14, 1, 7, 13, 5, 6, 4, 8]
Run 24:
Best OCplx: 3.5569054334235997
Best Sequence: [3, 12, 10, 18, 17, 11, 2, 19, 6, 15, 9, 1, 16, 13, 8, 7, 14, 4, 5]
Run 25:
Best OCplx: 3.119376615658568
Best Sequence: [11, 3, 10, 12, 2, 9, 1, 13, 6, 19, 18, 17, 16, 15, 14, 4, 7, 8, 5]
Run 26:
Best OCplx: 3.363496813925352
Best Sequence: [2, 18, 11, 3, 12, 19, 9, 6, 1, 10, 17, 15, 14, 13, 16, 7, 5, 4, 8]
Run 27:
Best OCplx: 3.8610284988545156
Best Sequence: [3, 2, 9, 13, 14, 5, 10, 19, 1, 11, 15, 18, 12, 17, 16, 7, 6, 8, 4]
Run 28:
Best OCplx: 3.9511786893206278
Best Sequence: [3, 9, 2, 11, 19, 10, 6, 12, 18, 1, 17, 15, 13, 14, 16, 4, 8, 5, 7]
Run 29:
Best OCplx: 3.409209514961596
Best Sequence: [17, 10, 18, 11, 2, 12, 19, 3, 15, 9, 6, 16, 1, 14, 5, 13, 4, 7, 8]
Run 30:
Best OCplx: 3.533541302846216
Best Sequence: [3, 10, 18, 17, 2, 12, 11, 19, 1, 15, 6, 16, 9, 13, 7, 14, 4, 8, 5]
