Run 1:
Best OCplx: 1.9635363802683257
Best Sequence: [3, 4, 16, 19, 12, 24, 20, 9, 5, 21, 22, 2, 10, 15, 14, 1, 7, 8, 13, 23, 17, 11, 18, 6, 25]
Run 2:
Best OCplx: 2.1741637408814323
Best Sequence: [5, 4, 16, 19, 12, 2, 1, 3, 14, 15, 20, 22, 6, 17, 10, 21, 11, 13, 25, 23, 24, 8, 7, 9, 18]
Run 3:
Best OCplx: 2.159341121709668
Best Sequence: [4, 15, 3, 16, 1, 19, 5, 8, 9, 11, 6, 12, 2, 21, 20, 10, 22, 14, 17, 24, 23, 25, 18, 7, 13]
Run 4:
Best OCplx: 1.9861493698327335
Best Sequence: [15, 4, 16, 10, 19, 3, 20, 21, 2, 12, 9, 1, 17, 24, 7, 18, 22, 11, 14, 6, 13, 5, 8, 25, 23]
Run 5:
Best OCplx: 2.1029456199824432
Best Sequence: [3, 4, 12, 23, 16, 19, 14, 7, 20, 21, 22, 15, 10, 17, 1, 5, 24, 8, 2, 11, 9, 13, 6, 25, 18]
Run 6:
Best OCplx: 1.8945756267846359
Best Sequence: [4, 12, 3, 9, 16, 20, 19, 5, 15, 10, 24, 2, 22, 1, 21, 17, 23, 8, 25, 14, 6, 18, 13, 11, 7]
Run 7:
Best OCplx: 1.9766291547202193
Best Sequence: [12, 16, 19, 1, 3, 20, 21, 10, 5, 9, 23, 11, 17, 7, 22, 15, 2, 4, 6, 18, 8, 13, 24, 25, 14]
Run 8:
Best OCplx: 1.9722009526917608
Best Sequence: [4, 12, 5, 3, 16, 20, 21, 23, 7, 8, 17, 2, 10, 13, 15, 6, 14, 25, 1, 19, 24, 9, 22, 11, 18]
Run 9:
Best OCplx: 2.235705566245938
Best Sequence: [12, 5, 16, 19, 15, 3, 17, 21, 10, 2, 4, 1, 23, 14, 8, 11, 20, 7, 22, 25, 18, 13, 24, 6, 9]
Run 10:
Best OCplx: 2.235561149035835
Best Sequence: [3, 16, 2, 1, 6, 4, 5, 15, 10, 12, 8, 19, 20, 21, 14, 11, 22, 23, 9, 25, 24, 13, 18, 17, 7]
Run 11:
Best OCplx: 1.8470757062773369
Best Sequence: [23, 4, 3, 5, 9, 16, 12, 19, 15, 22, 10, 20, 17, 21, 2, 1, 8, 18, 14, 24, 7, 11, 25, 13, 6]
Run 12:
Best OCplx: 2.0770309358236956
Best Sequence: [15, 4, 12, 3, 16, 23, 20, 21, 17, 1, 7, 11, 10, 2, 25, 22, 8, 24, 6, 19, 14, 13, 5, 18, 9]
Run 13:
Best OCplx: 1.987811327607797
Best Sequence: [15, 4, 14, 9, 3, 16, 10, 7, 19, 12, 5, 8, 1, 20, 21, 18, 2, 24, 22, 17, 6, 25, 11, 23, 13]
Run 14:
Best OCplx: 2.3110231178852803
Best Sequence: [5, 4, 12, 16, 19, 1, 9, 23, 3, 2, 11, 15, 17, 20, 22, 6, 8, 21, 10, 7, 13, 25, 24, 18, 14]
Run 15:
Best OCplx: 2.1837939022334396
Best Sequence: [14, 5, 4, 23, 12, 15, 3, 16, 9, 8, 1, 7, 2, 19, 10, 20, 21, 25, 17, 18, 22, 6, 13, 11, 24]
Run 16:
Best OCplx: 2.078059116630188
Best Sequence: [12, 3, 15, 16, 20, 2, 17, 25, 22, 4, 7, 5, 9, 10, 19, 14, 21, 23, 1, 8, 24, 6, 13, 18, 11]
Run 17:
Best OCplx: 1.9406224942117636
Best Sequence: [12, 3, 4, 8, 23, 9, 16, 15, 2, 10, 5, 6, 19, 1, 20, 11, 17, 14, 21, 7, 22, 25, 24, 18, 13]
Run 18:
Best OCplx: 2.1467120598065423
Best Sequence: [3, 4, 16, 8, 19, 12, 7, 17, 5, 20, 14, 6, 22, 10, 23, 21, 2, 9, 25, 24, 1, 18, 15, 11, 13]
Run 19:
Best OCplx: 2.1125367006097764
Best Sequence: [4, 23, 8, 3, 5, 12, 16, 9, 1, 7, 19, 20, 24, 21, 2, 10, 14, 15, 6, 17, 11, 18, 25, 22, 13]
Run 20:
Best OCplx: 2.11267544814196
Best Sequence: [4, 3, 16, 10, 5, 13, 17, 6, 19, 15, 20, 12, 22, 21, 23, 2, 9, 7, 8, 14, 1, 25, 11, 24, 18]
Run 21:
Best OCplx: 2.0090635662351426
Best Sequence: [3, 15, 16, 7, 23, 17, 1, 19, 9, 8, 20, 21, 2, 12, 4, 11, 10, 24, 14, 5, 22, 25, 13, 6, 18]
Run 22:
Best OCplx: 2.031084911264217
Best Sequence: [4, 5, 15, 12, 16, 23, 17, 3, 2, 6, 19, 9, 20, 22, 10, 1, 21, 14, 13, 7, 24, 11, 8, 18, 25]
Run 23:
Best OCplx: 2.1371307036601026
Best Sequence: [14, 15, 5, 12, 3, 4, 16, 1, 10, 22, 20, 8, 19, 23, 2, 17, 9, 11, 6, 21, 24, 13, 25, 18, 7]
Run 24:
Best OCplx: 1.89054570835028
Best Sequence: [12, 4, 16, 19, 3, 8, 20, 21, 7, 2, 25, 10, 22, 13, 17, 6, 14, 23, 5, 1, 15, 9, 18, 11, 24]
Run 25:
Best OCplx: 2.2034898343837797
Best Sequence: [3, 5, 4, 16, 20, 8, 1, 22, 11, 19, 14, 15, 17, 21, 2, 12, 13, 7, 23, 25, 10, 24, 18, 6, 9]
Run 26:
Best OCplx: 1.89799219898392
Best Sequence: [3, 16, 15, 12, 10, 22, 7, 19, 20, 17, 21, 2, 23, 8, 4, 25, 5, 9, 6, 24, 1, 14, 11, 13, 18]
Run 27:
Best OCplx: 2.2251161809266837
Best Sequence: [16, 3, 12, 1, 19, 15, 10, 20, 9, 21, 6, 11, 2, 8, 5, 22, 14, 7, 4, 17, 25, 18, 23, 24, 13]
Run 28:
Best OCplx: 1.9053940042953839
Best Sequence: [4, 23, 12, 16, 19, 3, 9, 20, 22, 13, 1, 10, 21, 2, 7, 6, 5, 15, 24, 17, 8, 11, 18, 14, 25]
Run 29:
Best OCplx: 2.2855394459577076
Best Sequence: [15, 16, 23, 7, 14, 12, 3, 9, 20, 1, 10, 8, 19, 22, 21, 24, 4, 2, 6, 25, 5, 18, 13, 11, 17]
Run 30:
Best OCplx: 2.4393196817836236
Best Sequence: [15, 4, 16, 10, 1, 19, 14, 20, 3, 17, 24, 21, 2, 18, 6, 11, 5, 8, 7, 22, 12, 13, 23, 9, 25]
Actor Learning Rate: 1e-05
Critic Learning Rate: 0.0001
Hidden Dimension: 256
Gamma: 0.99
Lambda: 0.9
Epsilon: 0.2
if_EWM: False

