Run 1:
Best OCplx: 0.4821182598999188
Best Sequence: [19, 6, 21, 12, 1, 8, 13, 9, 18, 22, 7, 17, 5, 4, 2, 11, 20, 23, 3, 16, 10, 15, 14]
Run 2:
Best OCplx: 0.44997704257325755
Best Sequence: [19, 1, 13, 8, 12, 9, 6, 16, 11, 10, 21, 5, 7, 22, 4, 17, 3, 18, 2, 15, 23, 20, 14]
Run 3:
Best OCplx: 0.25712973861329
Best Sequence: [19, 17, 12, 11, 8, 1, 22, 13, 16, 9, 6, 10, 7, 5, 18, 21, 20, 4, 23, 2, 3, 15, 14]
Run 4:
Best OCplx: 0.4178358252465963
Best Sequence: [21, 5, 11, 17, 22, 6, 18, 16, 1, 8, 12, 19, 13, 9, 7, 4, 20, 23, 2, 3, 15, 14, 10]
Run 5:
Best OCplx: 0.32141217326661253
Best Sequence: [18, 13, 12, 7, 17, 1, 16, 11, 10, 8, 9, 4, 5, 2, 19, 6, 20, 3, 15, 21, 23, 22, 14]
Run 6:
Best OCplx: 0.4499770425732575
Best Sequence: [16, 22, 5, 8, 9, 21, 1, 12, 6, 18, 4, 2, 7, 19, 17, 3, 13, 11, 23, 14, 15, 20, 10]
Run 7:
Best OCplx: 0.51425947722658
Best Sequence: [8, 16, 9, 23, 1, 6, 22, 21, 18, 7, 12, 4, 17, 5, 2, 13, 11, 14, 3, 10, 15, 19, 20]
Run 8:
Best OCplx: 0.19284730395996752
Best Sequence: [8, 13, 11, 22, 9, 16, 12, 1, 10, 6, 5, 19, 4, 7, 2, 3, 18, 21, 17, 14, 20, 23, 15]
Run 9:
Best OCplx: 0.4178358252465963
Best Sequence: [23, 18, 21, 12, 17, 8, 9, 16, 6, 13, 7, 4, 1, 11, 14, 10, 5, 2, 22, 20, 3, 19, 15]
Run 10:
Best OCplx: 0.5464006945532414
Best Sequence: [18, 12, 8, 13, 7, 19, 16, 9, 1, 6, 5, 22, 21, 4, 11, 10, 2, 20, 3, 14, 17, 15, 23]
Run 11:
Best OCplx: 0.48211825989991874
Best Sequence: [6, 1, 12, 7, 16, 19, 21, 8, 13, 5, 9, 4, 2, 3, 22, 17, 15, 14, 20, 18, 11, 10, 23]
Run 12:
Best OCplx: 0.2892709559399513
Best Sequence: [6, 13, 16, 11, 22, 9, 8, 12, 1, 7, 4, 10, 17, 19, 23, 18, 5, 2, 21, 3, 15, 14, 20]
Run 13:
Best OCplx: 0.3535533905932738
Best Sequence: [21, 18, 17, 8, 9, 13, 16, 1, 6, 14, 12, 7, 4, 19, 22, 11, 10, 5, 23, 2, 20, 3, 15]
Run 14:
Best OCplx: 0.51425947722658
Best Sequence: [19, 13, 11, 16, 7, 10, 20, 17, 6, 23, 5, 12, 1, 9, 8, 4, 2, 21, 18, 3, 15, 22, 14]
Run 15:
Best OCplx: 0.6532559496186929
Best Sequence: [19, 21, 10, 16, 12, 8, 1, 7, 13, 22, 17, 5, 18, 6, 3, 15, 9, 14, 20, 4, 2, 23, 11]
Run 16:
Best OCplx: 0.6211147322920317
Best Sequence: [8, 1, 18, 17, 16, 6, 9, 12, 10, 11, 4, 21, 23, 13, 14, 19, 7, 5, 2, 3, 15, 20, 22]
Run 17:
Best OCplx: 0.44997704257325755
Best Sequence: [22, 12, 23, 16, 13, 9, 1, 19, 6, 21, 11, 4, 10, 8, 7, 17, 20, 5, 14, 2, 3, 18, 15]
Run 18:
Best OCplx: 0.4178358252465963
Best Sequence: [11, 17, 21, 13, 9, 8, 1, 12, 23, 16, 6, 22, 4, 19, 7, 5, 18, 2, 20, 10, 3, 15, 14]
Run 19:
Best OCplx: 0.2892709559399513
Best Sequence: [12, 8, 21, 19, 17, 16, 20, 7, 1, 6, 9, 11, 13, 23, 10, 5, 4, 2, 14, 22, 18, 3, 15]
Run 20:
Best OCplx: 0.48211825989991874
Best Sequence: [12, 7, 16, 11, 5, 19, 1, 9, 22, 4, 6, 13, 8, 21, 14, 2, 17, 3, 10, 15, 23, 18, 20]
Run 21:
Best OCplx: 0.4821182598999188
Best Sequence: [20, 1, 19, 7, 17, 8, 12, 6, 13, 9, 23, 11, 10, 5, 18, 21, 4, 16, 2, 3, 15, 14, 22]
Run 22:
Best OCplx: 0.4178358252465963
Best Sequence: [12, 18, 13, 8, 11, 9, 4, 10, 16, 1, 7, 5, 2, 22, 14, 19, 6, 3, 17, 21, 20, 23, 15]
Run 23:
Best OCplx: 0.51425947722658
Best Sequence: [16, 1, 9, 7, 12, 23, 8, 21, 22, 6, 14, 11, 4, 5, 19, 18, 17, 2, 10, 13, 3, 15, 20]
Run 24:
Best OCplx: 0.48211825989991874
Best Sequence: [21, 19, 7, 1, 8, 9, 22, 16, 12, 13, 6, 17, 5, 23, 20, 4, 2, 11, 14, 18, 3, 15, 10]
Run 25:
Best OCplx: 0.4821182598999188
Best Sequence: [19, 18, 6, 12, 21, 11, 16, 17, 13, 9, 7, 22, 23, 10, 1, 4, 5, 20, 2, 14, 8, 3, 15]
Run 26:
Best OCplx: 0.51425947722658
Best Sequence: [17, 6, 1, 8, 9, 13, 19, 12, 4, 16, 21, 7, 11, 22, 5, 2, 18, 3, 10, 15, 14, 20, 23]
Run 27:
Best OCplx: 0.3535533905932738
Best Sequence: [7, 11, 1, 19, 6, 8, 13, 16, 22, 9, 10, 5, 12, 18, 21, 20, 17, 4, 23, 2, 3, 14, 15]
Run 28:
Best OCplx: 0.4178358252465963
Best Sequence: [6, 8, 22, 18, 9, 11, 19, 23, 21, 1, 12, 17, 4, 13, 16, 14, 10, 7, 5, 2, 3, 20, 15]
Run 29:
Best OCplx: 0.6106831292065638
Best Sequence: [12, 11, 4, 16, 8, 18, 19, 21, 22, 6, 5, 9, 17, 20, 7, 1, 2, 3, 10, 13, 23, 15, 14]
Run 30:
Best OCplx: 0.6749655638598862
Best Sequence: [8, 21, 7, 16, 19, 6, 11, 1, 22, 5, 9, 12, 4, 17, 14, 15, 13, 10, 18, 2, 3, 20, 23]

