
Learning Rate: 6e-05
Epsilon: 0.99
Gamma: 0.93
Memory Capacity: 20000
Batch Size: 64
if_EWM: False
seed: 41
Run 1:
Best OCplx: 0.8047400822363175
Best Sequence: [38, 2, 36, 39, 3, 7, 1, 16, 30, 28, 17, 24, 21, 22, 23, 20, 13, 34, 12, 11, 19, 15, 26, 18, 14, 25, 29, 32, 35, 31, 8, 33, 5, 37, 27, 10, 9, 6, 4]
Run 2:
Best OCplx: 0.8047400822363175
Best Sequence: [38, 21, 17, 13, 22, 12, 23, 7, 16, 20, 3, 39, 36, 28, 34, 24, 11, 19, 30, 1, 2, 26, 15, 29, 18, 25, 14, 32, 35, 31, 8, 33, 37, 5, 27, 10, 9, 6, 4]
Run 3:
Best OCplx: 0.8400954212956451
Best Sequence: [24, 2, 3, 7, 23, 1, 36, 22, 38, 30, 17, 39, 21, 20, 28, 11, 16, 34, 13, 19, 12, 29, 26, 18, 32, 15, 14, 25, 35, 31, 8, 33, 5, 37, 27, 10, 9, 6, 4]
Run 4:
Best OCplx: 0.8400954212956451
Best Sequence: [3, 21, 2, 38, 11, 20, 13, 7, 16, 39, 24, 22, 1, 17, 23, 36, 30, 34, 12, 28, 19, 32, 26, 18, 15, 14, 25, 35, 29, 31, 8, 33, 37, 5, 27, 10, 9, 6, 4]
Run 5:
Best OCplx: 0.8400954212956451
Best Sequence: [17, 20, 11, 7, 22, 3, 1, 23, 21, 12, 2, 13, 38, 16, 39, 24, 36, 34, 30, 28, 19, 32, 26, 18, 15, 14, 25, 29, 35, 31, 33, 8, 5, 37, 27, 10, 9, 6, 4]
Run 6:
Best OCplx: 0.8047400822363175
Best Sequence: [1, 36, 38, 24, 34, 16, 23, 20, 22, 17, 7, 28, 39, 3, 19, 11, 21, 12, 30, 2, 13, 26, 15, 18, 25, 29, 32, 14, 35, 31, 33, 8, 37, 5, 27, 10, 9, 6, 4]
Run 7:
Best OCplx: 0.8754507603549723
Best Sequence: [17, 16, 2, 23, 38, 20, 24, 3, 11, 7, 39, 1, 36, 19, 22, 30, 21, 12, 13, 28, 34, 26, 32, 15, 18, 14, 25, 29, 35, 31, 33, 8, 5, 37, 10, 27, 9, 6, 4]
Run 8:
Best OCplx: 0.8754507603549725
Best Sequence: [3, 26, 7, 22, 38, 1, 23, 11, 17, 20, 2, 21, 39, 16, 24, 19, 36, 12, 13, 30, 34, 28, 29, 32, 15, 14, 18, 25, 35, 5, 8, 33, 31, 37, 10, 27, 9, 6, 4]
Run 9:
Best OCplx: 0.8047400822363175
Best Sequence: [36, 2, 1, 20, 22, 16, 34, 7, 17, 38, 23, 3, 28, 39, 21, 12, 13, 30, 11, 24, 19, 26, 15, 14, 18, 25, 29, 32, 35, 33, 31, 8, 5, 37, 27, 10, 9, 6, 4]
Run 10:
Best OCplx: 0.8754507603549725
Best Sequence: [36, 20, 11, 23, 24, 34, 17, 22, 21, 3, 39, 13, 16, 7, 30, 19, 1, 28, 38, 12, 2, 26, 29, 15, 18, 14, 25, 32, 35, 8, 33, 31, 5, 37, 10, 27, 9, 6, 4]
Run 11:
Best OCplx: 0.8577730908253087
Best Sequence: [7, 39, 38, 21, 3, 13, 22, 16, 23, 11, 24, 19, 36, 17, 2, 28, 34, 1, 20, 30, 26, 12, 29, 32, 18, 15, 25, 14, 35, 31, 33, 8, 5, 37, 27, 10, 9, 6, 4]
Run 12:
Best OCplx: 0.8754507603549723
Best Sequence: [34, 11, 38, 2, 3, 16, 23, 7, 17, 39, 1, 24, 20, 19, 36, 28, 30, 21, 13, 12, 15, 14, 22, 18, 25, 26, 32, 29, 35, 31, 33, 8, 37, 5, 10, 27, 9, 6, 4]
Run 13:
Best OCplx: 0.8754507603549723
Best Sequence: [23, 24, 3, 21, 11, 38, 39, 17, 7, 13, 12, 20, 1, 16, 22, 2, 36, 19, 30, 28, 34, 26, 15, 18, 25, 14, 29, 32, 35, 33, 8, 31, 37, 5, 10, 27, 9, 6, 4]
Run 14:
Best OCplx: 0.8754507603549723
Best Sequence: [1, 26, 36, 20, 16, 7, 2, 11, 38, 23, 28, 3, 30, 39, 17, 21, 34, 24, 19, 12, 22, 13, 15, 32, 14, 29, 18, 25, 35, 33, 5, 8, 31, 37, 10, 27, 9, 6, 4]
Run 15:
Best OCplx: 0.8577730908253086
Best Sequence: [20, 38, 16, 39, 15, 14, 24, 17, 11, 2, 3, 7, 23, 21, 12, 36, 30, 22, 13, 18, 19, 28, 25, 34, 1, 32, 26, 29, 35, 8, 31, 33, 37, 5, 10, 27, 9, 6, 4]
Run 16:
Best OCplx: 0.8400954212956451
Best Sequence: [36, 38, 20, 17, 30, 24, 23, 34, 3, 39, 16, 2, 19, 11, 28, 21, 22, 7, 1, 12, 13, 26, 32, 18, 15, 25, 14, 29, 35, 31, 8, 5, 33, 37, 27, 10, 9, 6, 4]
Run 17:
Best OCplx: 0.8047400822363175
Best Sequence: [3, 39, 2, 24, 11, 16, 20, 1, 17, 38, 22, 23, 7, 19, 21, 13, 12, 36, 34, 30, 28, 26, 29, 15, 14, 18, 25, 32, 35, 31, 33, 8, 37, 5, 27, 10, 9, 6, 4]
Run 18:
Best OCplx: 0.8577730908253086
Best Sequence: [1, 22, 2, 17, 7, 38, 16, 3, 11, 39, 23, 20, 24, 36, 30, 34, 28, 21, 13, 12, 15, 18, 19, 14, 25, 26, 29, 32, 35, 8, 33, 31, 5, 37, 10, 27, 9, 6, 4]
Run 19:
Best OCplx: 0.8400954212956451
Best Sequence: [21, 1, 22, 38, 20, 13, 24, 39, 16, 3, 34, 30, 2, 7, 17, 19, 36, 28, 11, 23, 12, 26, 29, 15, 14, 18, 25, 32, 35, 31, 8, 33, 5, 37, 27, 10, 9, 6, 4]
Run 20:
Best OCplx: 0.8047400822363175
Best Sequence: [24, 17, 3, 21, 23, 2, 39, 22, 38, 12, 11, 7, 19, 13, 1, 16, 20, 36, 28, 34, 30, 32, 26, 15, 18, 25, 14, 29, 35, 31, 8, 33, 37, 5, 27, 10, 9, 6, 4]
Run 21:
Best OCplx: 0.8754507603549723
Best Sequence: [17, 2, 16, 1, 23, 36, 3, 21, 38, 30, 24, 22, 12, 13, 11, 28, 7, 19, 39, 20, 34, 26, 32, 29, 15, 14, 18, 25, 35, 31, 33, 37, 8, 5, 10, 27, 9, 6, 4]
Run 22:
Best OCplx: 0.5299326740933639
Best Sequence: [22, 39, 11, 17, 3, 38, 35, 1, 2, 7, 24, 21, 16, 23, 20, 36, 13, 28, 27, 30, 10, 34, 26, 19, 9, 15, 32, 14, 5, 29, 12, 6, 18, 31, 33, 25, 8, 37, 4]
Run 23:
Best OCplx: 0.9108060994142998
Best Sequence: [11, 7, 21, 16, 23, 20, 39, 2, 1, 3, 22, 12, 38, 36, 13, 30, 24, 17, 34, 19, 28, 32, 26, 29, 18, 15, 25, 14, 35, 31, 8, 33, 37, 5, 10, 27, 9, 6, 4]
Run 24:
Best OCplx: 0.8047400822363175
Best Sequence: [3, 22, 23, 20, 11, 17, 38, 21, 1, 7, 39, 2, 13, 24, 16, 19, 36, 34, 28, 12, 30, 26, 15, 18, 14, 25, 32, 29, 35, 33, 31, 8, 37, 5, 27, 10, 9, 6, 4]
Run 25:
Best OCplx: 0.8047400822363178
Best Sequence: [7, 21, 36, 11, 1, 20, 34, 13, 17, 12, 30, 23, 38, 39, 16, 3, 22, 24, 2, 19, 28, 26, 32, 15, 14, 18, 29, 25, 35, 8, 31, 33, 5, 37, 27, 10, 9, 6, 4]
Run 26:
Best OCplx: 0.8754507603549723
Best Sequence: [23, 38, 11, 22, 21, 36, 39, 1, 13, 12, 24, 2, 3, 20, 17, 7, 19, 28, 16, 30, 34, 26, 15, 14, 18, 25, 29, 32, 35, 33, 8, 31, 37, 5, 10, 27, 9, 6, 4]
Run 27:
Best OCplx: 0.8754507603549723
Best Sequence: [2, 1, 39, 16, 17, 20, 36, 3, 23, 34, 22, 24, 11, 38, 28, 30, 7, 19, 21, 13, 12, 26, 15, 14, 18, 29, 25, 32, 35, 33, 31, 8, 37, 5, 10, 27, 9, 6, 4]
Run 28:
Best OCplx: 0.6097246102476461
Best Sequence: [16, 21, 23, 11, 24, 38, 17, 22, 39, 3, 1, 2, 20, 10, 7, 13, 27, 34, 12, 36, 32, 30, 28, 5, 9, 19, 26, 6, 14, 31, 15, 29, 18, 35, 33, 25, 8, 37, 4]
Run 29:
Best OCplx: 0.7527530273512886
Best Sequence: [1, 39, 7, 16, 35, 38, 3, 11, 21, 23, 22, 20, 17, 30, 24, 2, 36, 28, 34, 13, 10, 19, 26, 29, 27, 12, 32, 14, 15, 18, 33, 25, 31, 8, 9, 37, 5, 6, 4]
Run 30:
Best OCplx: 0.5363609175586962
Best Sequence: [1, 21, 39, 22, 16, 2, 20, 23, 11, 10, 7, 17, 38, 24, 3, 30, 36, 28, 13, 34, 26, 9, 31, 19, 32, 15, 29, 35, 14, 27, 12, 18, 5, 8, 25, 33, 37, 6, 4]

Mean: 0.8143
Min: 0.5299
Max: 0.9108
Std: 0.0925