Run 1:
Best OCplx: 5.275224500094508
Best Sequence: [56, 49, 21, 8, 36, 18, 61, 39, 26, 41, 31, 60, 25, 10, 27, 47, 15, 29, 17, 4, 9, 57, 14, 59, 37, 46, 54, 43, 58, 40, 28, 45, 35, 2, 13, 5, 7, 30, 53, 16, 44, 22, 11, 55, 6, 48, 34, 19, 23, 1, 3, 32, 38, 52, 20, 51, 42, 24, 50, 12, 33]
Run 2:
Best OCplx: 5.407786374230908
Best Sequence: [49, 53, 36, 17, 61, 31, 25, 28, 5, 40, 27, 9, 44, 10, 59, 15, 46, 8, 39, 13, 60, 43, 37, 47, 21, 57, 16, 56, 32, 19, 58, 41, 34, 22, 23, 33, 35, 29, 2, 20, 14, 24, 26, 4, 55, 50, 52, 11, 30, 18, 12, 1, 48, 54, 51, 45, 3, 38, 6, 42, 7]
Run 3:
Best OCplx: 6.053721317592917
Best Sequence: [8, 21, 28, 27, 11, 61, 5, 25, 36, 31, 39, 15, 44, 9, 17, 47, 49, 10, 48, 58, 60, 46, 59, 41, 13, 22, 14, 40, 6, 1, 24, 55, 57, 34, 23, 33, 4, 32, 29, 50, 54, 35, 43, 37, 18, 51, 3, 2, 56, 16, 52, 12, 42, 7, 38, 30, 45, 19, 53, 20, 26]
Run 4:
Best OCplx: 7.967549543179451
Best Sequence: [19, 37, 8, 17, 40, 27, 25, 10, 3, 28, 13, 36, 15, 5, 21, 9, 49, 60, 31, 11, 46, 45, 29, 16, 58, 22, 57, 24, 18, 6, 30, 2, 39, 53, 48, 1, 14, 26, 43, 32, 55, 61, 42, 44, 23, 50, 54, 12, 52, 56, 47, 4, 38, 20, 51, 35, 7, 59, 34, 41, 33]
Run 5:
Best OCplx: 5.6403230203890375
Best Sequence: [36, 44, 15, 27, 22, 5, 59, 41, 1, 17, 8, 34, 28, 21, 46, 13, 39, 31, 58, 32, 25, 10, 9, 40, 7, 53, 49, 47, 43, 55, 11, 2, 56, 57, 24, 48, 4, 16, 26, 45, 37, 35, 61, 14, 54, 12, 38, 29, 30, 6, 51, 52, 20, 3, 42, 23, 33, 50, 19, 18, 60]
Run 6:
Best OCplx: 8.974505455529389
Best Sequence: [8, 60, 17, 27, 39, 25, 44, 13, 36, 28, 5, 9, 46, 40, 31, 15, 10, 34, 59, 61, 20, 4, 45, 21, 54, 32, 55, 23, 47, 51, 1, 35, 43, 38, 33, 24, 58, 53, 12, 14, 56, 7, 16, 57, 26, 37, 42, 18, 2, 3, 11, 19, 49, 48, 30, 6, 29, 50, 41, 22, 52]
Run 7:
Best OCplx: 4.578785135031822
Best Sequence: [39, 8, 15, 17, 61, 9, 60, 36, 44, 5, 31, 13, 10, 25, 46, 49, 59, 21, 20, 43, 23, 11, 47, 2, 16, 29, 35, 18, 48, 19, 32, 30, 55, 45, 33, 7, 37, 4, 58, 22, 1, 27, 57, 40, 3, 38, 6, 51, 41, 42, 34, 50, 26, 56, 24, 12, 14, 54, 53, 28, 52]
Run 8:
Best OCplx: 7.574012555106682
Best Sequence: [45, 13, 15, 59, 43, 41, 2, 21, 11, 39, 26, 17, 37, 9, 57, 10, 29, 49, 53, 46, 36, 8, 28, 40, 31, 47, 30, 34, 25, 48, 60, 35, 27, 54, 44, 19, 4, 18, 22, 7, 5, 32, 24, 16, 58, 56, 55, 14, 6, 23, 20, 52, 61, 42, 1, 38, 50, 3, 51, 33, 12]
Run 9:
Best OCplx: 6.638386290100193
Best Sequence: [8, 44, 36, 9, 39, 17, 46, 58, 49, 40, 60, 31, 61, 27, 15, 13, 28, 5, 47, 25, 59, 10, 24, 56, 21, 32, 52, 54, 26, 37, 41, 48, 33, 7, 34, 1, 57, 55, 18, 43, 3, 14, 20, 29, 22, 2, 35, 51, 42, 38, 16, 11, 45, 12, 4, 53, 30, 23, 6, 50, 19]
Run 10:
Best OCplx: 8.830327403341096
Best Sequence: [28, 46, 5, 17, 60, 25, 44, 36, 15, 58, 10, 8, 39, 59, 13, 61, 53, 11, 31, 41, 27, 21, 9, 24, 37, 18, 19, 23, 34, 7, 30, 6, 26, 49, 20, 14, 4, 57, 48, 3, 43, 35, 16, 54, 51, 12, 50, 55, 1, 22, 56, 45, 52, 42, 32, 2, 38, 40, 29, 33, 47]
Run 11:
Best OCplx: 8.129668432488094
Best Sequence: [8, 21, 9, 15, 36, 27, 5, 59, 44, 49, 46, 31, 10, 47, 22, 28, 13, 2, 37, 43, 19, 53, 45, 14, 26, 41, 61, 25, 35, 38, 55, 3, 39, 29, 23, 40, 7, 20, 11, 32, 54, 42, 57, 12, 16, 56, 60, 58, 33, 6, 1, 24, 17, 50, 30, 48, 34, 18, 52, 51, 4]
Run 12:
Best OCplx: 9.14083933995767
Best Sequence: [8, 40, 61, 17, 44, 49, 36, 39, 59, 58, 9, 34, 46, 60, 47, 48, 21, 35, 54, 14, 27, 31, 43, 4, 7, 42, 23, 55, 33, 30, 45, 41, 5, 28, 12, 37, 13, 19, 53, 22, 38, 20, 26, 15, 50, 52, 6, 16, 11, 2, 10, 29, 57, 25, 1, 24, 56, 32, 3, 51, 18]
Run 13:
Best OCplx: 4.775014861494489
Best Sequence: [8, 17, 61, 21, 25, 31, 48, 46, 29, 44, 13, 36, 10, 9, 49, 39, 40, 59, 15, 41, 34, 27, 5, 43, 58, 22, 47, 60, 32, 16, 7, 30, 1, 14, 28, 23, 6, 37, 35, 56, 55, 57, 54, 51, 24, 2, 52, 19, 50, 11, 26, 4, 3, 38, 33, 42, 20, 12, 18, 53, 45]
Run 14:
Best OCplx: 7.839972989680091
Best Sequence: [8, 21, 9, 28, 40, 61, 7, 27, 36, 11, 35, 2, 52, 39, 47, 37, 24, 17, 46, 29, 30, 43, 44, 50, 55, 58, 23, 32, 22, 53, 56, 19, 20, 12, 3, 1, 15, 25, 18, 60, 16, 48, 5, 41, 49, 57, 33, 6, 31, 10, 42, 26, 13, 4, 51, 14, 59, 54, 34, 38, 45]
Run 15:
Best OCplx: 5.890306835650843
Best Sequence: [8, 47, 44, 9, 5, 46, 17, 61, 13, 39, 15, 25, 59, 31, 10, 34, 40, 36, 49, 27, 58, 48, 28, 53, 2, 21, 43, 7, 30, 35, 38, 16, 41, 55, 45, 37, 24, 1, 22, 42, 19, 26, 56, 32, 57, 11, 33, 4, 20, 29, 6, 51, 14, 12, 52, 50, 3, 18, 60, 23, 54]
Run 16:
Best OCplx: 6.903468001118347
Best Sequence: [35, 44, 8, 39, 61, 47, 59, 40, 17, 10, 9, 46, 25, 31, 5, 13, 49, 28, 34, 58, 33, 43, 21, 4, 37, 15, 32, 6, 22, 53, 23, 57, 45, 14, 2, 48, 50, 1, 3, 55, 29, 36, 7, 38, 51, 30, 11, 42, 19, 52, 27, 16, 24, 41, 26, 60, 20, 54, 18, 56, 12]
Run 17:
Best OCplx: 6.601343053487591
Best Sequence: [47, 49, 25, 8, 28, 31, 10, 27, 5, 9, 39, 59, 60, 15, 37, 21, 36, 58, 46, 44, 43, 61, 29, 14, 17, 26, 53, 45, 56, 3, 24, 48, 40, 4, 2, 52, 55, 18, 32, 57, 13, 22, 41, 54, 16, 42, 34, 1, 12, 35, 6, 33, 51, 23, 50, 20, 11, 38, 7, 19, 30]
Run 18:
Best OCplx: 7.67734165997509
Best Sequence: [8, 46, 58, 17, 61, 13, 39, 5, 49, 47, 15, 34, 28, 25, 59, 40, 9, 27, 41, 36, 53, 44, 10, 60, 35, 21, 48, 52, 19, 45, 1, 22, 32, 11, 2, 56, 3, 7, 23, 6, 33, 37, 14, 12, 20, 57, 31, 18, 16, 50, 4, 29, 55, 42, 30, 54, 24, 43, 38, 51, 26]
Run 19:
Best OCplx: 6.835949410888195
Best Sequence: [25, 39, 49, 5, 57, 47, 53, 44, 28, 8, 46, 17, 10, 21, 61, 31, 13, 27, 34, 40, 60, 43, 59, 9, 32, 1, 58, 26, 30, 2, 54, 37, 14, 19, 42, 29, 22, 36, 38, 24, 18, 15, 6, 20, 55, 48, 12, 4, 35, 51, 52, 33, 23, 50, 11, 41, 56, 3, 45, 7, 16]
Run 20:
Best OCplx: 8.200550211763579
Best Sequence: [8, 21, 52, 56, 5, 24, 10, 46, 36, 48, 31, 6, 39, 16, 13, 22, 61, 45, 43, 55, 28, 25, 33, 32, 54, 26, 47, 20, 35, 51, 41, 18, 27, 37, 15, 50, 49, 12, 3, 57, 19, 59, 14, 42, 30, 40, 17, 44, 9, 38, 29, 58, 23, 2, 1, 4, 7, 34, 60, 53, 11]
Run 21:
Best OCplx: 9.054007779993741
Best Sequence: [27, 17, 25, 44, 39, 28, 31, 10, 8, 46, 13, 61, 36, 15, 34, 22, 40, 9, 60, 32, 37, 42, 26, 53, 35, 21, 56, 47, 3, 29, 55, 1, 23, 49, 30, 24, 57, 43, 52, 7, 58, 2, 16, 6, 11, 18, 54, 48, 20, 19, 38, 5, 50, 51, 4, 14, 59, 45, 12, 33, 41]
Run 22:
Best OCplx: 8.327953358543084
Best Sequence: [8, 44, 39, 10, 13, 17, 9, 40, 28, 49, 27, 36, 60, 31, 5, 25, 43, 34, 46, 59, 35, 15, 12, 21, 30, 37, 11, 53, 14, 58, 24, 29, 1, 6, 48, 47, 57, 33, 16, 26, 32, 19, 7, 52, 4, 56, 55, 2, 61, 42, 50, 18, 45, 23, 20, 38, 3, 51, 41, 54, 22]
Run 23:
Best OCplx: 8.972372760555253
Best Sequence: [39, 46, 59, 43, 5, 21, 44, 56, 34, 14, 58, 25, 55, 61, 41, 45, 24, 30, 49, 15, 28, 22, 33, 29, 42, 36, 4, 60, 32, 37, 31, 13, 40, 9, 2, 20, 18, 6, 47, 38, 52, 23, 11, 19, 51, 10, 3, 57, 48, 16, 35, 12, 27, 7, 54, 53, 17, 26, 8, 50, 1]
Run 24:
Best OCplx: 7.7091094854060636
Best Sequence: [31, 15, 8, 44, 25, 10, 27, 40, 9, 13, 17, 59, 5, 36, 39, 34, 28, 61, 47, 20, 46, 45, 22, 37, 49, 21, 18, 7, 29, 55, 51, 19, 24, 41, 38, 32, 53, 48, 33, 4, 14, 1, 35, 56, 54, 11, 52, 23, 43, 26, 60, 12, 16, 58, 50, 2, 6, 3, 42, 57, 30]
Run 25:
Best OCplx: 7.637088081900832
Best Sequence: [8, 29, 27, 36, 13, 31, 5, 60, 10, 49, 17, 28, 57, 47, 59, 35, 15, 45, 3, 21, 40, 58, 48, 24, 32, 34, 43, 18, 4, 55, 2, 41, 20, 46, 56, 61, 39, 22, 37, 54, 30, 6, 19, 53, 50, 42, 23, 26, 7, 9, 1, 25, 14, 12, 38, 44, 33, 11, 16, 51, 52]
Run 26:
Best OCplx: 9.860300178863652
Best Sequence: [30, 5, 37, 40, 44, 31, 8, 25, 53, 39, 43, 49, 15, 17, 59, 60, 61, 58, 36, 34, 13, 45, 47, 9, 21, 1, 4, 42, 56, 20, 22, 57, 46, 28, 10, 19, 55, 33, 52, 11, 18, 54, 35, 14, 50, 51, 26, 2, 48, 3, 41, 32, 27, 12, 38, 24, 23, 7, 6, 29, 16]
Run 27:
Best OCplx: 7.857218032019346
Best Sequence: [59, 25, 6, 8, 49, 10, 60, 46, 27, 61, 17, 44, 15, 30, 31, 40, 13, 36, 58, 9, 43, 53, 5, 21, 39, 28, 4, 35, 55, 24, 54, 56, 14, 16, 38, 48, 51, 29, 1, 34, 37, 57, 3, 11, 45, 2, 7, 20, 23, 22, 33, 41, 26, 32, 50, 42, 47, 18, 12, 52, 19]
Run 28:
Best OCplx: 8.704458541816898
Best Sequence: [21, 27, 46, 31, 13, 39, 34, 8, 25, 17, 40, 58, 61, 14, 9, 28, 19, 59, 48, 38, 47, 55, 52, 43, 54, 44, 56, 37, 10, 6, 18, 7, 16, 11, 33, 24, 42, 49, 32, 50, 30, 5, 2, 45, 23, 20, 29, 15, 22, 26, 1, 53, 35, 4, 3, 41, 12, 60, 51, 36, 57]
Run 29:
Best OCplx: 7.66816347135719
Best Sequence: [8, 27, 21, 59, 25, 24, 4, 55, 18, 36, 26, 1, 46, 35, 2, 41, 32, 14, 49, 7, 10, 39, 3, 19, 40, 43, 47, 17, 23, 31, 20, 54, 28, 45, 50, 29, 9, 58, 42, 48, 61, 60, 11, 34, 15, 38, 33, 30, 37, 53, 52, 13, 5, 6, 57, 16, 56, 12, 51, 22, 44]
Run 30:
Best OCplx: 7.341063928726111
Best Sequence: [5, 15, 46, 13, 9, 21, 27, 35, 25, 4, 11, 45, 58, 6, 34, 54, 2, 28, 60, 17, 10, 30, 43, 8, 55, 41, 39, 49, 59, 26, 44, 24, 61, 31, 42, 52, 29, 53, 36, 32, 14, 33, 37, 16, 50, 40, 1, 18, 48, 22, 12, 3, 57, 51, 20, 7, 56, 47, 19, 38, 23]
UPDATE_GLOBAL_ITER: 5
GAMMA: 0.99
MAX_EP: 3000
thread_count: 2
RL: 0.001
if_EWM: False

Mean: 7.4022
Min: 4.5788
Max: 9.8603
Std: 1.3652