
Learning Rate: 0.0007
Epsilon: 0.99
Gamma: 0.93
Memory Capacity: 20000
Batch Size: 64
if_EWM: False
seed: 41
Run 1:
Best OCplx: 2.840662375068494
Best Sequence: [11, 10, 3, 18, 17, 2, 9, 13, 1, 6, 15, 16, 7, 14, 8, 5, 12, 4, 19]
Run 2:
Best OCplx: 3.4092416388640694
Best Sequence: [11, 10, 18, 17, 12, 2, 3, 19, 16, 13, 1, 15, 6, 14, 9, 5, 7, 8, 4]
Run 3:
Best OCplx: 2.904459556116641
Best Sequence: [18, 3, 10, 11, 17, 2, 19, 15, 12, 1, 13, 9, 6, 16, 14, 7, 5, 8, 4]
Run 4:
Best OCplx: 2.8163308522929045
Best Sequence: [11, 10, 18, 17, 2, 12, 3, 9, 13, 14, 15, 19, 1, 6, 16, 8, 4, 7, 5]
Run 5:
Best OCplx: 2.4472828887344344
Best Sequence: [11, 10, 18, 17, 2, 3, 19, 9, 16, 13, 14, 12, 8, 6, 1, 15, 4, 5, 7]
Run 6:
Best OCplx: 3.274982203298254
Best Sequence: [11, 10, 3, 18, 12, 17, 1, 2, 6, 19, 13, 15, 16, 9, 14, 4, 8, 5, 7]
Run 7:
Best OCplx: 3.521089772903928
Best Sequence: [11, 10, 3, 18, 17, 2, 9, 16, 13, 8, 6, 1, 15, 5, 7, 4, 19, 12, 14]
Run 8:
Best OCplx: 2.7157346097768085
Best Sequence: [11, 3, 10, 18, 17, 2, 9, 13, 1, 16, 8, 6, 15, 14, 4, 5, 7, 19, 12]
Run 9:
Best OCplx: 3.409241638864069
Best Sequence: [11, 10, 18, 17, 3, 1, 6, 15, 2, 16, 12, 19, 13, 14, 9, 7, 5, 4, 8]
Run 10:
Best OCplx: 3.2843138735723834
Best Sequence: [11, 3, 10, 18, 17, 2, 19, 12, 1, 6, 13, 16, 15, 14, 9, 8, 5, 7, 4]
Run 11:
Best OCplx: 3.274982203298254
Best Sequence: [11, 3, 10, 12, 6, 18, 17, 1, 15, 2, 19, 13, 16, 9, 14, 4, 7, 5, 8]
Run 12:
Best OCplx: 2.81729824449111
Best Sequence: [12, 11, 10, 18, 3, 17, 2, 19, 1, 16, 9, 6, 13, 15, 14, 5, 4, 8, 7]
Run 13:
Best OCplx: 3.5529920084108846
Best Sequence: [15, 2, 11, 10, 19, 3, 12, 9, 1, 13, 6, 18, 17, 16, 14, 5, 4, 8, 7]
Run 14:
Best OCplx: 2.9410995690407136
Best Sequence: [11, 10, 3, 18, 17, 6, 15, 1, 2, 19, 12, 9, 13, 16, 14, 5, 4, 7, 8]
Run 15:
Best OCplx: 3.0455770035236407
Best Sequence: [11, 3, 10, 18, 15, 17, 1, 2, 19, 12, 13, 6, 9, 16, 14, 8, 7, 5, 4]
Run 16:
Best OCplx: 2.551760323217362
Best Sequence: [11, 3, 10, 18, 17, 2, 19, 16, 9, 12, 1, 6, 13, 15, 14, 8, 5, 4, 7]
Run 17:
Best OCplx: 3.349040351310107
Best Sequence: [11, 10, 15, 18, 17, 3, 2, 19, 16, 12, 14, 13, 9, 7, 5, 4, 8, 1, 6]
Run 18:
Best OCplx: 3.3916291819740225
Best Sequence: [11, 10, 18, 17, 12, 2, 19, 14, 3, 9, 1, 13, 6, 15, 16, 4, 8, 5, 7]
Run 19:
Best OCplx: 3.462733563671154
Best Sequence: [9, 11, 10, 18, 17, 12, 3, 6, 1, 15, 2, 13, 19, 16, 14, 8, 4, 5, 7]
Run 20:
Best OCplx: 2.691403087001219
Best Sequence: [11, 10, 3, 18, 17, 2, 19, 9, 6, 1, 13, 14, 15, 16, 5, 8, 4, 7, 12]
Run 21:
Best OCplx: 2.8303250739368835
Best Sequence: [11, 10, 3, 18, 15, 17, 2, 1, 9, 13, 16, 6, 14, 4, 5, 8, 7, 12, 19]
Run 22:
Best OCplx: 2.6766880885090476
Best Sequence: [11, 10, 18, 17, 12, 2, 19, 3, 13, 9, 6, 1, 16, 15, 14, 7, 8, 4, 5]
Run 23:
Best OCplx: 2.750123922984193
Best Sequence: [11, 10, 18, 17, 12, 2, 19, 9, 3, 13, 6, 1, 15, 16, 14, 7, 8, 5, 4]
Run 24:
Best OCplx: 3.3378057983794682
Best Sequence: [9, 11, 10, 18, 17, 2, 19, 3, 13, 1, 6, 15, 16, 12, 14, 7, 5, 4, 8]
Run 25:
Best OCplx: 3.7253527676876854
Best Sequence: [15, 11, 10, 3, 18, 17, 2, 19, 16, 12, 1, 13, 6, 14, 9, 4, 8, 5, 7]
Run 26:
Best OCplx: 3.140161816512157
Best Sequence: [10, 11, 18, 17, 3, 1, 6, 2, 19, 12, 13, 15, 9, 16, 14, 8, 4, 7, 5]
Run 27:
Best OCplx: 2.715734609776808
Best Sequence: [11, 10, 3, 18, 17, 2, 19, 12, 9, 1, 6, 15, 16, 13, 5, 14, 8, 4, 7]
Run 28:
Best OCplx: 2.4472828887344344
Best Sequence: [11, 10, 18, 17, 2, 19, 3, 9, 6, 1, 15, 13, 12, 16, 14, 8, 7, 5, 4]
Run 29:
Best OCplx: 3.1705047688153267
Best Sequence: [11, 3, 10, 15, 18, 6, 17, 12, 1, 2, 19, 13, 9, 16, 14, 4, 7, 5, 8]
Run 30:
Best OCplx: 2.794192352437748
Best Sequence: [11, 10, 18, 17, 12, 2, 3, 13, 19, 15, 9, 1, 6, 16, 14, 7, 8, 4, 5]

Mean: 3.0430
Min: 2.4473
Max: 3.7254
Std: 0.3503