Run 1:
Best OCplx: 2.1717097410613286
Best Sequence: [20, 6, 16, 2, 21, 1, 7, 3, 17, 19, 4, 5, 18, 8, 9, 10, 12, 13, 14, 15, 11]
Run 2:
Best OCplx: 2.1717097410613286
Best Sequence: [16, 21, 6, 20, 19, 18, 17, 2, 7, 4, 8, 3, 5, 1, 9, 10, 13, 11, 14, 15, 12]
Run 3:
Best OCplx: 2.1717097410613286
Best Sequence: [20, 16, 2, 21, 17, 18, 7, 4, 1, 19, 6, 5, 3, 8, 9, 10, 15, 12, 14, 11, 13]
Run 4:
Best OCplx: 2.1717097410613286
Best Sequence: [16, 17, 6, 7, 4, 20, 21, 19, 2, 18, 3, 8, 5, 1, 9, 10, 12, 14, 15, 11, 13]
Run 5:
Best OCplx: 2.1717097410613286
Best Sequence: [16, 20, 19, 17, 6, 8, 21, 5, 2, 9, 7, 4, 1, 10, 18, 3, 15, 14, 11, 12, 13]
Run 6:
Best OCplx: 2.1717097410613286
Best Sequence: [16, 21, 17, 20, 4, 5, 19, 2, 6, 7, 3, 1, 18, 8, 9, 10, 11, 13, 15, 14, 12]
Run 7:
Best OCplx: 2.1717097410613286
Best Sequence: [16, 20, 2, 3, 17, 4, 19, 7, 21, 6, 5, 18, 8, 1, 9, 10, 14, 12, 15, 13, 11]
Run 8:
Best OCplx: 2.1717097410613286
Best Sequence: [20, 16, 18, 2, 6, 3, 17, 21, 5, 8, 19, 7, 1, 4, 9, 10, 13, 12, 14, 15, 11]
Run 9:
Best OCplx: 2.1717097410613286
Best Sequence: [16, 2, 20, 17, 21, 5, 8, 19, 6, 18, 4, 9, 7, 1, 3, 10, 14, 15, 11, 12, 13]
Run 10:
Best OCplx: 2.1717097410613286
Best Sequence: [21, 7, 16, 20, 2, 6, 17, 19, 5, 8, 4, 3, 18, 9, 10, 1, 12, 11, 14, 13, 15]
Run 11:
Best OCplx: 2.1717097410613286
Best Sequence: [20, 16, 18, 19, 17, 2, 6, 21, 8, 4, 1, 5, 3, 7, 9, 10, 12, 13, 14, 15, 11]
Run 12:
Best OCplx: 2.1717097410613286
Best Sequence: [16, 20, 19, 2, 17, 18, 5, 21, 4, 7, 6, 8, 3, 9, 1, 10, 13, 14, 11, 12, 15]
Run 13:
Best OCplx: 2.1717097410613286
Best Sequence: [21, 20, 18, 16, 2, 6, 17, 8, 3, 5, 1, 4, 9, 19, 7, 10, 11, 14, 13, 12, 15]
Run 14:
Best OCplx: 2.1717097410613286
Best Sequence: [16, 2, 20, 6, 8, 21, 17, 5, 19, 7, 18, 9, 3, 4, 1, 10, 13, 14, 15, 12, 11]
Run 15:
Best OCplx: 2.1717097410613286
Best Sequence: [16, 17, 20, 19, 6, 21, 18, 4, 2, 1, 5, 7, 3, 8, 9, 10, 13, 11, 15, 14, 12]
Run 16:
Best OCplx: 2.1717097410613286
Best Sequence: [7, 16, 20, 2, 18, 21, 8, 17, 3, 19, 6, 9, 4, 5, 1, 10, 12, 13, 15, 11, 14]
Run 17:
Best OCplx: 2.1717097410613286
Best Sequence: [16, 20, 6, 21, 1, 17, 18, 8, 4, 19, 2, 5, 7, 3, 9, 10, 15, 13, 14, 11, 12]
Run 18:
Best OCplx: 2.1717097410613286
Best Sequence: [20, 16, 18, 6, 7, 21, 19, 8, 2, 17, 5, 4, 3, 1, 9, 10, 11, 13, 15, 14, 12]
Run 19:
Best OCplx: 2.1717097410613286
Best Sequence: [16, 17, 2, 20, 6, 5, 21, 3, 7, 1, 4, 19, 18, 8, 9, 10, 15, 13, 12, 11, 14]
Run 20:
Best OCplx: 2.1717097410613286
Best Sequence: [16, 20, 21, 6, 18, 17, 4, 19, 8, 5, 9, 2, 3, 7, 10, 1, 15, 14, 12, 11, 13]
Run 21:
Best OCplx: 2.1717097410613286
Best Sequence: [20, 16, 17, 18, 19, 5, 4, 2, 3, 21, 7, 1, 6, 8, 9, 10, 12, 15, 11, 13, 14]
Run 22:
Best OCplx: 2.1717097410613286
Best Sequence: [21, 20, 16, 2, 17, 19, 7, 18, 1, 5, 6, 3, 4, 8, 9, 10, 11, 13, 14, 12, 15]
Run 23:
Best OCplx: 2.1717097410613286
Best Sequence: [20, 19, 21, 16, 2, 17, 5, 6, 7, 4, 18, 1, 3, 8, 9, 10, 13, 11, 14, 12, 15]
Run 24:
Best OCplx: 2.1717097410613286
Best Sequence: [16, 20, 19, 21, 6, 2, 8, 7, 17, 4, 3, 18, 9, 5, 1, 10, 15, 14, 12, 13, 11]
Run 25:
Best OCplx: 2.1717097410613286
Best Sequence: [20, 16, 8, 6, 21, 2, 17, 3, 9, 4, 18, 19, 5, 7, 1, 10, 13, 12, 14, 11, 15]
Run 26:
Best OCplx: 2.1717097410613286
Best Sequence: [16, 20, 7, 2, 21, 3, 18, 1, 17, 19, 4, 6, 5, 8, 9, 10, 13, 14, 11, 12, 15]
Run 27:
Best OCplx: 2.1717097410613286
Best Sequence: [6, 16, 2, 7, 20, 21, 18, 1, 17, 19, 5, 8, 9, 3, 4, 10, 12, 14, 13, 15, 11]
Run 28:
Best OCplx: 2.1717097410613286
Best Sequence: [16, 17, 21, 20, 18, 19, 2, 1, 4, 5, 3, 6, 7, 8, 9, 10, 14, 15, 13, 11, 12]
Run 29:
Best OCplx: 2.1717097410613286
Best Sequence: [20, 6, 16, 19, 18, 7, 21, 17, 2, 1, 3, 5, 8, 4, 9, 10, 11, 13, 12, 15, 14]
Run 30:
Best OCplx: 2.1717097410613286
Best Sequence: [21, 16, 2, 20, 8, 1, 17, 7, 5, 6, 3, 4, 9, 18, 19, 10, 15, 12, 13, 11, 14]
