Run 1:
Best OCplx: 2.2864383840163898
Best Sequence: [19, 20, 16, 21, 8, 1, 9, 10, 6, 13, 2, 11, 15, 17, 12, 18, 5, 14, 7, 4, 3]
Run 2:
Best OCplx: 2.4884688929268313
Best Sequence: [8, 17, 20, 19, 4, 7, 21, 9, 16, 5, 10, 15, 2, 14, 1, 18, 6, 11, 13, 12, 3]
Run 3:
Best OCplx: 2.536918737937897
Best Sequence: [6, 20, 7, 8, 21, 9, 17, 18, 1, 10, 11, 12, 4, 13, 5, 19, 15, 2, 14, 3, 16]
Run 4:
Best OCplx: 2.4418464677936527
Best Sequence: [8, 21, 20, 9, 6, 2, 16, 10, 13, 14, 1, 3, 15, 7, 19, 17, 5, 18, 11, 4, 12]
Run 5:
Best OCplx: 2.3737402499717706
Best Sequence: [20, 21, 8, 9, 10, 18, 15, 14, 6, 17, 5, 12, 13, 4, 16, 19, 2, 1, 11, 3, 7]
Run 6:
Best OCplx: 2.1717097410613286
Best Sequence: [21, 16, 2, 20, 8, 1, 17, 7, 5, 6, 3, 4, 9, 18, 19, 10, 15, 12, 13, 11, 14]
Run 7:
Best OCplx: 2.6306243128815723
Best Sequence: [18, 6, 21, 16, 2, 3, 8, 19, 17, 9, 10, 20, 5, 15, 13, 4, 7, 12, 1, 14, 11]
Run 8:
Best OCplx: 2.522193613555356
Best Sequence: [21, 20, 6, 8, 17, 7, 18, 3, 5, 4, 16, 9, 10, 12, 11, 13, 1, 14, 2, 15, 19]
Run 9:
Best OCplx: 2.4211783591001352
Best Sequence: [20, 3, 17, 16, 18, 4, 5, 8, 1, 21, 2, 9, 19, 7, 10, 13, 11, 12, 15, 6, 14]
Run 10:
Best OCplx: 2.320163104644914
Best Sequence: [16, 20, 17, 8, 21, 19, 9, 3, 6, 5, 10, 13, 4, 12, 14, 11, 15, 7, 2, 1, 18]
Run 11:
Best OCplx: 2.3874536384716105
Best Sequence: [8, 20, 16, 18, 17, 4, 21, 2, 5, 9, 1, 10, 11, 19, 6, 12, 3, 15, 7, 13, 14]
Run 12:
Best OCplx: 2.1717097410613286
Best Sequence: [16, 20, 19, 2, 17, 18, 5, 21, 4, 7, 6, 8, 3, 9, 1, 10, 13, 14, 11, 12, 15]
Run 13:
Best OCplx: 2.3201631046449145
Best Sequence: [20, 16, 8, 17, 18, 21, 5, 9, 7, 10, 14, 13, 6, 19, 3, 2, 1, 4, 12, 15, 11]
Run 14:
Best OCplx: 2.5099526856155348
Best Sequence: [7, 20, 18, 1, 16, 5, 21, 6, 8, 9, 10, 11, 19, 17, 12, 2, 4, 13, 15, 14, 3]
Run 15:
Best OCplx: 2.1717097410613286
Best Sequence: [20, 16, 8, 6, 21, 2, 17, 3, 9, 4, 18, 19, 5, 7, 1, 10, 13, 12, 14, 11, 15]
Run 16:
Best OCplx: 2.1717097410613286
Best Sequence: [16, 20, 7, 2, 21, 3, 18, 1, 17, 19, 4, 6, 5, 8, 9, 10, 13, 14, 11, 12, 15]
Run 17:
Best OCplx: 2.1717097410613286
Best Sequence: [20, 16, 2, 17, 19, 21, 3, 6, 18, 5, 7, 4, 1, 8, 9, 10, 11, 15, 12, 13, 14]
Run 18:
Best OCplx: 2.27272499551655
Best Sequence: [20, 17, 5, 4, 16, 7, 6, 2, 1, 19, 21, 18, 3, 8, 9, 10, 15, 12, 11, 14, 13]
Run 19:
Best OCplx: 2.2864383840163893
Best Sequence: [16, 8, 21, 9, 2, 20, 18, 3, 10, 11, 1, 14, 13, 6, 17, 5, 4, 7, 15, 12, 19]
Run 20:
Best OCplx: 2.4211783591001352
Best Sequence: [20, 18, 21, 8, 9, 3, 10, 15, 11, 19, 16, 17, 2, 13, 7, 5, 6, 14, 1, 4, 12]
Run 21:
Best OCplx: 2.4011670269714505
Best Sequence: [20, 16, 8, 1, 18, 19, 2, 4, 21, 9, 17, 10, 14, 12, 5, 7, 15, 6, 3, 13, 11]
Run 22:
Best OCplx: 2.5158956699265116
Best Sequence: [6, 19, 20, 16, 7, 2, 4, 21, 8, 17, 1, 9, 10, 15, 5, 3, 18, 12, 13, 11, 14]
Run 23:
Best OCplx: 2.4281330792938127
Best Sequence: [20, 2, 19, 7, 8, 21, 17, 16, 1, 9, 18, 5, 10, 14, 4, 12, 3, 15, 6, 11, 13]
Run 24:
Best OCplx: 2.1717097410613286
Best Sequence: [20, 16, 6, 17, 8, 18, 7, 2, 1, 19, 5, 3, 21, 4, 9, 10, 13, 14, 11, 12, 15]
Run 25:
Best OCplx: 2.280495399705413
Best Sequence: [7, 20, 1, 19, 16, 21, 8, 17, 9, 10, 12, 5, 2, 11, 13, 4, 14, 3, 18, 15, 6]
Run 26:
Best OCplx: 2.5158956699265116
Best Sequence: [16, 21, 7, 2, 8, 20, 5, 9, 1, 10, 14, 19, 12, 3, 15, 18, 6, 17, 11, 4, 13]
Run 27:
Best OCplx: 2.536918737937897
Best Sequence: [21, 20, 8, 9, 2, 10, 14, 19, 18, 12, 6, 15, 7, 1, 17, 13, 4, 5, 16, 11, 3]
Run 28:
Best OCplx: 2.3737402499717706
Best Sequence: [7, 20, 8, 21, 17, 6, 19, 16, 9, 2, 10, 15, 3, 12, 14, 5, 4, 11, 13, 18, 1]
Run 29:
Best OCplx: 2.4011670269714505
Best Sequence: [21, 20, 16, 7, 2, 8, 9, 10, 11, 18, 5, 3, 6, 19, 1, 13, 14, 17, 12, 4, 15]
Run 30:
Best OCplx: 2.1717097410613286
Best Sequence: [20, 16, 17, 21, 5, 2, 3, 8, 9, 18, 10, 19, 13, 6, 1, 4, 11, 12, 14, 15, 7]

Mean: 2.3625
Min: 2.1717
Max: 2.6306
Std: 0.1353