Run 1:
Best OCplx: 9.658415972000347
Best Sequence: [15, 13, 36, 6, 12, 29, 16, 10, 19, 9, 20, 11, 21, 38, 14, 43, 18, 3, 1, 5, 4, 26, 31, 42, 41, 8, 22, 28, 32, 39, 45, 33, 35, 2, 34, 44, 30, 25, 37, 27, 7, 24, 17, 40, 23]
Run 2:
Best OCplx: 9.99617818219758
Best Sequence: [38, 11, 17, 7, 13, 12, 43, 18, 10, 42, 26, 1, 6, 20, 8, 19, 44, 37, 36, 28, 40, 5, 31, 39, 14, 22, 35, 30, 15, 16, 32, 34, 41, 29, 25, 21, 33, 2, 3, 4, 27, 9, 45, 23, 24]
Run 3:
Best OCplx: 9.791973261512254
Best Sequence: [41, 6, 31, 32, 18, 22, 42, 43, 5, 39, 20, 28, 37, 14, 9, 13, 10, 34, 35, 21, 25, 8, 7, 30, 4, 29, 11, 44, 45, 40, 33, 36, 2, 3, 38, 27, 1, 12, 16, 17, 26, 19, 23, 15, 24]
Run 4:
Best OCplx: 8.777160956131299
Best Sequence: [6, 8, 20, 10, 13, 18, 19, 29, 42, 1, 16, 12, 17, 5, 11, 25, 14, 15, 39, 44, 40, 43, 21, 33, 30, 22, 38, 28, 37, 31, 36, 27, 26, 9, 3, 41, 2, 34, 4, 7, 32, 35, 45, 24, 23]
Run 5:
Best OCplx: 9.24549625916791
Best Sequence: [7, 18, 1, 20, 5, 31, 17, 25, 28, 39, 4, 43, 45, 36, 40, 33, 22, 29, 37, 44, 38, 41, 19, 14, 2, 16, 15, 30, 21, 13, 9, 32, 12, 42, 26, 11, 8, 3, 10, 27, 6, 34, 35, 24, 23]
Run 6:
Best OCplx: 10.311911175488005
Best Sequence: [17, 36, 26, 37, 16, 15, 9, 5, 4, 31, 13, 11, 19, 40, 42, 20, 14, 18, 41, 34, 29, 32, 25, 39, 2, 38, 35, 27, 44, 8, 1, 45, 21, 12, 30, 22, 10, 7, 33, 6, 43, 28, 3, 24, 23]
Run 7:
Best OCplx: 9.3220047354411
Best Sequence: [5, 8, 12, 16, 20, 11, 18, 36, 43, 10, 14, 42, 29, 44, 39, 13, 30, 40, 21, 35, 1, 28, 33, 22, 26, 37, 3, 17, 4, 25, 2, 9, 7, 41, 6, 19, 31, 15, 27, 38, 34, 45, 32, 23, 24]
Run 8:
Best OCplx: 10.561475344101467
Best Sequence: [18, 5, 38, 41, 31, 30, 40, 32, 26, 9, 11, 3, 44, 15, 1, 42, 20, 25, 16, 14, 35, 33, 45, 22, 37, 34, 19, 36, 43, 10, 7, 21, 39, 27, 4, 17, 24, 28, 29, 6, 13, 12, 2, 8, 23]
Run 9:
Best OCplx: 9.499695084024685
Best Sequence: [9, 12, 33, 1, 8, 18, 31, 29, 10, 5, 41, 7, 17, 20, 40, 16, 21, 36, 2, 32, 3, 15, 25, 44, 34, 14, 26, 22, 4, 13, 28, 35, 30, 27, 11, 37, 42, 43, 6, 39, 19, 38, 45, 24, 23]
Run 10:
Best OCplx: 9.383917160617068
Best Sequence: [10, 25, 18, 8, 20, 4, 43, 33, 14, 29, 31, 19, 5, 38, 39, 28, 40, 45, 37, 11, 9, 27, 44, 42, 13, 2, 12, 17, 16, 35, 26, 36, 6, 22, 15, 30, 32, 3, 7, 34, 21, 41, 1, 23, 24]
Run 11:
Best OCplx: 9.125739080964882
Best Sequence: [12, 20, 4, 31, 18, 33, 25, 34, 11, 17, 2, 21, 35, 41, 36, 42, 7, 30, 38, 29, 43, 5, 10, 14, 26, 32, 9, 22, 28, 37, 16, 3, 1, 8, 15, 27, 39, 6, 40, 19, 13, 44, 45, 24, 23]
Run 12:
Best OCplx: 9.859889739716962
Best Sequence: [44, 26, 11, 4, 12, 10, 7, 9, 25, 18, 5, 1, 43, 8, 38, 20, 31, 14, 42, 6, 17, 39, 32, 13, 29, 33, 19, 30, 45, 34, 41, 3, 37, 35, 2, 16, 22, 27, 36, 21, 15, 40, 28, 24, 23]
Run 13:
Best OCplx: 9.276322939393935
Best Sequence: [20, 33, 36, 14, 43, 28, 26, 5, 34, 8, 35, 11, 37, 31, 18, 4, 25, 15, 40, 17, 41, 9, 7, 10, 39, 12, 19, 2, 44, 30, 45, 27, 42, 16, 13, 29, 38, 6, 32, 1, 21, 3, 22, 24, 23]
Run 14:
Best OCplx: 11.621472192069037
Best Sequence: [25, 39, 11, 35, 32, 8, 43, 41, 17, 5, 20, 31, 38, 4, 33, 3, 40, 42, 34, 10, 13, 9, 19, 18, 2, 14, 37, 21, 7, 12, 15, 44, 27, 16, 28, 22, 26, 1, 45, 6, 30, 29, 36, 24, 23]
Run 15:
Best OCplx: 9.921271893514746
Best Sequence: [43, 25, 2, 36, 22, 20, 28, 9, 18, 17, 31, 33, 41, 27, 39, 42, 10, 35, 15, 21, 26, 32, 11, 44, 19, 1, 29, 13, 38, 34, 40, 30, 14, 8, 45, 3, 16, 12, 37, 6, 5, 4, 7, 24, 23]
Run 16:
Best OCplx: 10.843962586841815
Best Sequence: [8, 15, 20, 43, 22, 37, 19, 13, 33, 44, 18, 32, 17, 5, 14, 12, 34, 40, 42, 6, 2, 4, 28, 26, 10, 45, 36, 30, 3, 31, 21, 9, 29, 1, 11, 35, 38, 27, 7, 25, 16, 41, 24, 23, 39]
Run 17:
Best OCplx: 9.087008155437191
Best Sequence: [9, 29, 11, 25, 10, 1, 20, 18, 19, 8, 28, 15, 39, 30, 33, 31, 12, 21, 38, 40, 4, 16, 26, 43, 7, 36, 34, 37, 6, 42, 22, 3, 41, 32, 13, 17, 45, 2, 24, 44, 14, 35, 5, 27, 23]
Run 18:
Best OCplx: 9.568063146611808
Best Sequence: [22, 18, 32, 12, 4, 19, 17, 41, 10, 20, 37, 31, 38, 44, 40, 16, 2, 1, 14, 28, 35, 27, 8, 9, 42, 36, 39, 26, 30, 45, 25, 11, 21, 13, 3, 7, 5, 34, 6, 33, 15, 43, 29, 24, 23]
Run 19:
Best OCplx: 8.632961247054572
Best Sequence: [20, 1, 18, 28, 27, 15, 19, 39, 31, 4, 29, 32, 14, 7, 8, 35, 17, 36, 38, 9, 10, 33, 30, 5, 43, 22, 3, 2, 11, 41, 16, 45, 40, 42, 25, 44, 26, 12, 13, 6, 34, 21, 37, 24, 23]
Run 20:
Best OCplx: 9.43336258108293
Best Sequence: [13, 1, 34, 20, 42, 41, 22, 43, 36, 18, 15, 40, 25, 5, 32, 9, 39, 12, 30, 14, 4, 38, 17, 2, 11, 27, 21, 37, 16, 44, 35, 33, 6, 10, 26, 31, 7, 3, 19, 28, 24, 29, 23, 45, 8]
Run 21:
Best OCplx: 9.631528557212782
Best Sequence: [9, 6, 36, 31, 10, 20, 18, 19, 39, 15, 14, 37, 5, 41, 25, 13, 12, 32, 22, 38, 21, 34, 3, 35, 8, 33, 7, 2, 4, 43, 26, 27, 40, 42, 45, 16, 28, 30, 11, 44, 1, 29, 17, 24, 23]
Run 22:
Best OCplx: 9.667667241851989
Best Sequence: [22, 25, 11, 41, 20, 19, 26, 43, 5, 8, 17, 10, 2, 35, 7, 9, 14, 28, 15, 6, 36, 12, 33, 16, 18, 34, 31, 42, 4, 29, 38, 37, 13, 44, 39, 32, 27, 30, 40, 24, 45, 23, 1, 21, 3]
Run 23:
Best OCplx: 10.25080075559553
Best Sequence: [36, 20, 22, 33, 19, 14, 11, 6, 38, 5, 4, 13, 21, 39, 35, 18, 34, 8, 7, 44, 26, 10, 41, 40, 29, 28, 45, 15, 43, 30, 16, 17, 37, 2, 31, 3, 12, 32, 27, 9, 24, 1, 42, 23, 25]
Run 24:
Best OCplx: 10.754013736612272
Best Sequence: [36, 17, 43, 8, 40, 5, 7, 37, 15, 13, 11, 18, 20, 30, 34, 39, 32, 4, 33, 9, 29, 28, 19, 16, 10, 3, 14, 42, 31, 45, 6, 22, 35, 21, 25, 27, 44, 1, 12, 41, 2, 26, 24, 23, 38]
Run 25:
Best OCplx: 11.992229297289853
Best Sequence: [31, 16, 34, 30, 41, 12, 39, 18, 43, 32, 40, 3, 1, 11, 9, 26, 20, 4, 33, 7, 28, 36, 24, 42, 22, 21, 38, 6, 35, 14, 5, 29, 13, 8, 17, 10, 45, 44, 19, 37, 25, 15, 23, 2, 27]
Run 26:
Best OCplx: 9.478885622964862
Best Sequence: [4, 18, 42, 20, 8, 41, 36, 2, 22, 39, 10, 12, 33, 14, 44, 1, 28, 40, 26, 37, 16, 6, 34, 32, 25, 17, 19, 38, 35, 5, 30, 3, 43, 29, 31, 45, 11, 27, 9, 13, 7, 21, 15, 24, 23]
Run 27:
Best OCplx: 9.630044543169443
Best Sequence: [10, 20, 16, 7, 3, 43, 38, 5, 8, 33, 12, 31, 36, 18, 4, 41, 30, 1, 13, 45, 22, 32, 34, 9, 44, 14, 6, 25, 37, 26, 2, 35, 11, 28, 19, 39, 17, 21, 29, 42, 15, 27, 40, 24, 23]
Run 28:
Best OCplx: 9.741145809335954
Best Sequence: [20, 12, 14, 29, 18, 33, 43, 22, 15, 8, 11, 41, 9, 1, 26, 27, 34, 10, 21, 44, 6, 30, 4, 42, 39, 7, 13, 17, 36, 19, 38, 3, 45, 25, 40, 31, 5, 24, 32, 35, 37, 16, 28, 2, 23]
Run 29:
Best OCplx: 10.062749225661669
Best Sequence: [18, 20, 42, 14, 32, 25, 30, 29, 41, 22, 27, 34, 31, 39, 43, 38, 12, 37, 4, 7, 45, 40, 19, 44, 13, 1, 6, 8, 5, 17, 3, 9, 2, 33, 16, 36, 28, 11, 21, 26, 35, 15, 10, 24, 23]
Run 30:
Best OCplx: 10.932398771375485
Best Sequence: [4, 12, 9, 18, 5, 20, 30, 32, 40, 16, 25, 26, 22, 10, 15, 31, 37, 39, 17, 28, 14, 2, 7, 42, 13, 33, 3, 44, 29, 41, 27, 38, 45, 35, 36, 6, 1, 34, 21, 8, 24, 11, 43, 19, 23]
