Run 1:
Best OCplx: 2.033834032763987
Best Sequence: [12, 3, 8, 9, 16, 7, 22, 1, 10, 17, 19, 24, 21, 20, 4, 11, 2, 23, 25, 5, 14, 18, 15, 13, 6]
Run 2:
Best OCplx: 2.003492905957594
Best Sequence: [9, 12, 3, 8, 14, 23, 4, 16, 22, 1, 7, 10, 11, 24, 19, 15, 17, 20, 21, 2, 6, 5, 18, 25, 13]
Run 3:
Best OCplx: 2.0232481403179055
Best Sequence: [5, 15, 3, 4, 9, 8, 16, 17, 22, 1, 10, 7, 19, 24, 23, 14, 11, 20, 21, 13, 2, 25, 6, 12, 18]
Run 4:
Best OCplx: 1.8683049297294132
Best Sequence: [15, 3, 8, 9, 16, 22, 7, 17, 1, 10, 19, 20, 24, 21, 2, 12, 6, 14, 11, 18, 23, 5, 4, 13, 25]
Run 5:
Best OCplx: 1.8577279322935263
Best Sequence: [15, 3, 8, 12, 16, 17, 10, 22, 7, 1, 19, 20, 21, 18, 11, 23, 2, 4, 9, 6, 13, 14, 25, 24, 5]
Run 6:
Best OCplx: 1.8616916843306566
Best Sequence: [5, 15, 4, 3, 9, 16, 10, 7, 1, 11, 22, 17, 12, 19, 21, 8, 2, 24, 20, 13, 6, 23, 14, 18, 25]
Run 7:
Best OCplx: 1.7771083880226661
Best Sequence: [12, 3, 15, 23, 5, 16, 17, 22, 10, 7, 1, 11, 24, 19, 20, 21, 2, 25, 18, 9, 14, 4, 6, 13, 8]
Run 8:
Best OCplx: 2.0108861111681975
Best Sequence: [12, 3, 8, 2, 9, 23, 4, 5, 14, 15, 16, 17, 1, 7, 22, 10, 11, 19, 20, 21, 18, 13, 24, 25, 6]
Run 9:
Best OCplx: 1.6569581871532213
Best Sequence: [12, 3, 15, 5, 16, 17, 7, 1, 22, 10, 11, 19, 24, 21, 20, 2, 9, 25, 23, 8, 6, 4, 18, 13, 14]
Run 10:
Best OCplx: 2.0786191259272138
Best Sequence: [15, 5, 8, 3, 4, 23, 9, 12, 6, 14, 16, 10, 22, 17, 19, 1, 7, 24, 11, 20, 21, 2, 25, 18, 13]
Run 11:
Best OCplx: 2.0384708545167567
Best Sequence: [9, 12, 3, 8, 14, 5, 23, 4, 16, 7, 10, 1, 17, 20, 19, 21, 2, 25, 22, 24, 18, 6, 13, 11, 15]
Run 12:
Best OCplx: 1.9201157645983296
Best Sequence: [15, 12, 3, 9, 4, 8, 14, 23, 5, 16, 17, 19, 10, 1, 22, 24, 20, 7, 13, 2, 11, 21, 25, 18, 6]
Run 13:
Best OCplx: 1.8013387820473952
Best Sequence: [15, 12, 5, 3, 2, 4, 14, 23, 16, 17, 10, 22, 7, 1, 8, 19, 6, 11, 24, 9, 20, 21, 18, 13, 25]
Run 14:
Best OCplx: 2.0556578805724226
Best Sequence: [9, 15, 5, 4, 8, 3, 12, 16, 10, 1, 17, 7, 11, 22, 21, 19, 24, 20, 18, 6, 2, 14, 25, 13, 23]
Run 15:
Best OCplx: 2.063317404041632
Best Sequence: [12, 3, 9, 5, 2, 8, 23, 4, 16, 7, 10, 22, 1, 19, 20, 11, 24, 21, 14, 18, 25, 13, 15, 17, 6]
Run 16:
Best OCplx: 1.7289400413700804
Best Sequence: [5, 12, 3, 6, 15, 4, 8, 16, 10, 7, 1, 17, 9, 22, 19, 20, 21, 13, 23, 2, 25, 14, 24, 18, 11]
Run 17:
Best OCplx: 2.133431867645923
Best Sequence: [9, 5, 15, 12, 3, 2, 4, 16, 6, 19, 8, 14, 23, 10, 20, 24, 21, 1, 11, 25, 13, 18, 17, 7, 22]
Run 18:
Best OCplx: 2.1018017259706676
Best Sequence: [8, 15, 12, 9, 3, 16, 20, 21, 19, 7, 10, 17, 23, 2, 4, 5, 18, 22, 24, 13, 6, 1, 25, 14, 11]
Run 19:
Best OCplx: 1.9971011610310985
Best Sequence: [9, 12, 4, 3, 8, 23, 15, 16, 22, 7, 1, 19, 17, 11, 10, 5, 24, 21, 18, 2, 6, 25, 20, 14, 13]
Run 20:
Best OCplx: 1.7416003305966066
Best Sequence: [8, 4, 12, 15, 3, 5, 9, 16, 10, 17, 23, 22, 1, 11, 19, 24, 20, 2, 21, 13, 7, 25, 14, 6, 18]
Run 21:
Best OCplx: 1.8988416963041916
Best Sequence: [3, 12, 15, 8, 9, 23, 5, 4, 6, 16, 17, 10, 7, 22, 1, 19, 24, 21, 20, 18, 2, 13, 25, 14, 11]
Run 22:
Best OCplx: 1.9617762196894206
Best Sequence: [12, 3, 15, 23, 4, 8, 16, 1, 22, 10, 7, 17, 21, 19, 2, 9, 25, 5, 24, 6, 20, 11, 14, 18, 13]
Run 23:
Best OCplx: 1.8361643894676305
Best Sequence: [12, 15, 9, 5, 3, 4, 14, 16, 1, 22, 17, 10, 11, 7, 19, 23, 20, 21, 18, 2, 24, 13, 25, 6, 8]
Run 24:
Best OCplx: 1.9346493953944806
Best Sequence: [12, 9, 3, 5, 15, 23, 4, 14, 8, 16, 17, 10, 1, 22, 19, 24, 7, 13, 20, 21, 11, 2, 25, 18, 6]
Run 25:
Best OCplx: 1.5909894662405675
Best Sequence: [12, 15, 23, 3, 4, 5, 16, 7, 10, 22, 17, 1, 19, 20, 13, 21, 2, 25, 14, 24, 6, 9, 18, 11, 8]
Run 26:
Best OCplx: 2.0429602353168526
Best Sequence: [15, 5, 3, 12, 8, 16, 1, 10, 7, 22, 17, 20, 19, 2, 9, 4, 6, 11, 21, 24, 23, 18, 13, 25, 14]
Run 27:
Best OCplx: 2.0213966924909568
Best Sequence: [12, 15, 5, 23, 9, 14, 4, 3, 16, 1, 22, 11, 10, 17, 7, 20, 19, 2, 21, 24, 18, 13, 25, 6, 8]
Run 28:
Best OCplx: 1.9453228658961235
Best Sequence: [15, 12, 3, 16, 10, 7, 22, 1, 17, 21, 19, 20, 2, 24, 5, 14, 6, 18, 4, 9, 25, 11, 23, 13, 8]
Run 29:
Best OCplx: 2.01611064272942
Best Sequence: [12, 3, 9, 8, 15, 14, 4, 16, 1, 17, 2, 22, 19, 10, 11, 6, 20, 21, 24, 18, 25, 23, 13, 5, 7]
Run 30:
Best OCplx: 2.0211463025934227
Best Sequence: [12, 15, 3, 8, 9, 16, 17, 10, 22, 7, 1, 14, 11, 24, 19, 20, 5, 21, 2, 18, 4, 6, 23, 25, 13]
Learning Rate: 0.0001
Epsilon: 0.1
Gamma: 0.99
Reward Version: v6
if_EWM: True

Mean: 1.9341
Min: 1.5910
Max: 2.1334
Std: 0.1343
