Run 1:
Best OCplx: 3.741326762784366
Best Sequence: [2, 18, 10, 11, 19, 12, 17, 3, 13, 1, 9, 16, 14, 7, 6, 4, 8, 15, 5]
Run 2:
Best OCplx: 4.205468842426402
Best Sequence: [10, 18, 3, 2, 9, 11, 15, 14, 19, 1, 12, 13, 17, 6, 8, 7, 4, 16, 5]
Run 3:
Best OCplx: 3.264053805041678
Best Sequence: [11, 18, 17, 2, 10, 12, 19, 3, 9, 14, 1, 13, 7, 16, 6, 15, 4, 5, 8]
Run 4:
Best OCplx: 3.4516255177490884
Best Sequence: [2, 10, 18, 11, 17, 19, 12, 3, 1, 15, 16, 9, 6, 14, 13, 7, 5, 8, 4]
Run 5:
Best OCplx: 3.049617244034348
Best Sequence: [3, 12, 18, 17, 11, 10, 2, 19, 16, 13, 9, 8, 14, 15, 1, 6, 7, 4, 5]
Run 6:
Best OCplx: 3.9310460737349837
Best Sequence: [2, 11, 3, 14, 10, 18, 9, 6, 13, 15, 1, 17, 19, 4, 5, 16, 7, 8, 12]
Run 7:
Best OCplx: 3.551294354566801
Best Sequence: [17, 3, 2, 1, 12, 19, 15, 11, 10, 18, 6, 16, 9, 14, 13, 5, 4, 8, 7]
Run 8:
Best OCplx: 4.446699992179182
Best Sequence: [3, 18, 1, 10, 15, 12, 17, 11, 2, 6, 19, 5, 16, 9, 13, 14, 4, 8, 7]
Run 9:
Best OCplx: 4.320877891043033
Best Sequence: [2, 9, 18, 11, 16, 3, 12, 6, 17, 10, 1, 15, 4, 13, 14, 7, 8, 5, 19]
Run 10:
Best OCplx: 3.324735923750914
Best Sequence: [3, 18, 2, 19, 10, 17, 12, 11, 6, 9, 16, 15, 13, 14, 7, 1, 5, 4, 8]
Run 11:
Best OCplx: 5.072123837245563
Best Sequence: [3, 2, 9, 11, 12, 19, 1, 10, 15, 17, 6, 14, 16, 5, 8, 4, 13, 7, 18]
Run 12:
Best OCplx: 3.3341212538203884
Best Sequence: [3, 2, 10, 18, 19, 12, 11, 17, 1, 16, 9, 15, 14, 13, 6, 7, 8, 4, 5]
Run 13:
Best OCplx: 4.050992413485033
Best Sequence: [3, 2, 18, 17, 10, 11, 12, 19, 6, 15, 1, 16, 13, 14, 9, 8, 7, 5, 4]
Run 14:
Best OCplx: 4.127962270185492
Best Sequence: [18, 3, 11, 10, 19, 6, 17, 15, 2, 12, 9, 1, 13, 16, 8, 7, 14, 4, 5]
Run 15:
Best OCplx: 3.861194686198462
Best Sequence: [3, 11, 18, 2, 10, 17, 1, 19, 12, 6, 15, 13, 9, 16, 7, 14, 5, 8, 4]
Run 16:
Best OCplx: 3.8019930238885893
Best Sequence: [18, 3, 17, 10, 6, 2, 11, 12, 19, 15, 1, 13, 9, 16, 4, 8, 14, 7, 5]
Run 17:
Best OCplx: 3.3929311468641528
Best Sequence: [3, 18, 10, 12, 11, 17, 2, 19, 15, 13, 6, 9, 1, 16, 5, 14, 7, 8, 4]
Run 18:
Best OCplx: 3.5746584851441847
Best Sequence: [3, 17, 18, 12, 11, 2, 19, 10, 6, 15, 9, 13, 1, 16, 4, 14, 8, 5, 7]
Run 19:
Best OCplx: 3.2669469323134708
Best Sequence: [2, 19, 10, 9, 3, 11, 1, 18, 13, 15, 6, 12, 17, 16, 14, 8, 7, 4, 5]
Run 20:
Best OCplx: 4.187451692398979
Best Sequence: [12, 17, 2, 10, 11, 18, 19, 1, 3, 9, 15, 6, 14, 13, 8, 16, 7, 4, 5]
Run 21:
Best OCplx: 3.6587881459680007
Best Sequence: [10, 17, 11, 2, 18, 19, 12, 9, 3, 15, 1, 16, 14, 7, 4, 6, 13, 5, 8]
Run 22:
Best OCplx: 4.939543482831418
Best Sequence: [18, 3, 6, 2, 11, 17, 15, 12, 13, 14, 1, 4, 19, 10, 16, 9, 5, 8, 7]
Run 23:
Best OCplx: 3.4092416388640694
Best Sequence: [3, 12, 1, 18, 17, 2, 6, 11, 19, 15, 10, 16, 14, 13, 9, 7, 8, 5, 4]
Run 24:
Best OCplx: 3.157329431948171
Best Sequence: [18, 17, 2, 12, 19, 11, 10, 9, 3, 13, 16, 14, 1, 7, 4, 6, 15, 8, 5]
Run 25:
Best OCplx: 3.119376615658568
Best Sequence: [11, 3, 10, 12, 2, 9, 1, 13, 6, 19, 18, 17, 16, 15, 14, 4, 7, 8, 5]
Run 26:
Best OCplx: 3.363496813925352
Best Sequence: [2, 18, 11, 3, 12, 19, 9, 6, 1, 10, 17, 15, 14, 13, 16, 7, 5, 4, 8]
Run 27:
Best OCplx: 3.8610284988545156
Best Sequence: [3, 2, 9, 13, 14, 5, 10, 19, 1, 11, 15, 18, 12, 17, 16, 7, 6, 8, 4]
Run 28:
Best OCplx: 3.9511786893206278
Best Sequence: [3, 9, 2, 11, 19, 10, 6, 12, 18, 1, 17, 15, 13, 14, 16, 4, 8, 5, 7]
Run 29:
Best OCplx: 3.409209514961596
Best Sequence: [17, 10, 18, 11, 2, 12, 19, 3, 15, 9, 6, 16, 1, 14, 5, 13, 4, 7, 8]
Run 30:
Best OCplx: 3.533541302846216
Best Sequence: [3, 10, 18, 17, 2, 12, 11, 19, 1, 15, 6, 16, 9, 13, 7, 14, 4, 8, 5]

Mean: 3.7453
Min: 3.0496
Max: 5.0721
Std: 0.4998UPDATE_GLOBAL_ITER: 15
GAMMA: 0.99
MAX_EP: 3000
thread_count: 3
RL: 8e-05
if_EWM: True

