Run 1:
Best OCplx: 2.307357953080966
Best Sequence: [65, 14, 2, 39, 27, 30, 1, 49, 58, 40, 11, 34, 5, 33, 3, 47, 13, 62, 32, 4, 16, 54, 9, 50, 35, 63, 48, 22, 8, 37, 45, 15, 7, 24, 51, 60, 6, 52, 64, 10, 43, 21, 55, 57, 12, 59, 38, 56, 61, 28, 18, 19, 41, 46, 31, 25, 29, 23, 26, 17, 36, 44, 20, 53, 42]
Run 2:
Best OCplx: 1.831182438491306
Best Sequence: [24, 65, 58, 25, 33, 8, 12, 50, 22, 16, 54, 14, 62, 29, 28, 64, 37, 13, 3, 55, 56, 31, 35, 59, 41, 42, 27, 11, 47, 49, 61, 2, 36, 4, 23, 17, 40, 52, 18, 43, 15, 30, 60, 1, 9, 34, 57, 32, 63, 5, 10, 45, 53, 21, 46, 6, 44, 51, 38, 7, 19, 26, 20, 39, 48]
Run 3:
Best OCplx: 2.099046644484829
Best Sequence: [36, 37, 44, 65, 3, 58, 17, 24, 35, 1, 6, 7, 27, 63, 33, 13, 28, 12, 14, 22, 50, 11, 49, 60, 18, 41, 30, 43, 51, 25, 38, 8, 4, 46, 23, 40, 2, 15, 10, 42, 9, 39, 47, 32, 52, 26, 62, 31, 29, 21, 57, 59, 34, 56, 54, 16, 45, 48, 5, 53, 61, 19, 55, 20, 64]
Run 4:
Best OCplx: 1.9611425623042515
Best Sequence: [58, 32, 9, 56, 3, 65, 27, 22, 33, 43, 10, 19, 23, 49, 16, 64, 47, 60, 46, 17, 37, 55, 48, 28, 26, 51, 41, 12, 61, 54, 63, 45, 29, 39, 31, 44, 13, 30, 52, 38, 14, 40, 15, 6, 42, 62, 24, 25, 8, 34, 36, 21, 57, 2, 4, 11, 1, 35, 5, 20, 18, 50, 53, 7, 59]
Run 5:
Best OCplx: 2.2020164719637925
Best Sequence: [64, 65, 60, 15, 9, 49, 30, 2, 12, 4, 24, 16, 19, 33, 8, 1, 53, 13, 11, 58, 47, 22, 43, 32, 51, 46, 55, 61, 10, 20, 35, 18, 54, 37, 36, 50, 42, 48, 34, 27, 63, 40, 57, 29, 45, 23, 14, 38, 56, 21, 28, 17, 59, 26, 5, 44, 52, 39, 3, 6, 41, 62, 25, 31, 7]
Run 6:
Best OCplx: 1.7782211894556916
Best Sequence: [65, 6, 58, 41, 45, 34, 38, 27, 35, 60, 22, 17, 62, 40, 4, 64, 54, 37, 23, 7, 43, 59, 13, 48, 55, 49, 8, 44, 10, 3, 16, 24, 28, 12, 32, 26, 51, 56, 57, 50, 19, 33, 31, 47, 21, 9, 61, 46, 20, 1, 14, 52, 63, 53, 39, 30, 36, 11, 5, 42, 25, 2, 29, 15, 18]
Run 7:
Best OCplx: 2.081839641937962
Best Sequence: [65, 58, 22, 46, 18, 14, 13, 36, 49, 6, 62, 55, 9, 63, 61, 11, 48, 43, 34, 8, 52, 2, 64, 12, 32, 51, 3, 57, 56, 38, 39, 29, 33, 37, 40, 42, 59, 54, 47, 1, 35, 4, 23, 27, 19, 16, 17, 15, 50, 5, 60, 44, 28, 21, 41, 53, 31, 20, 30, 7, 26, 25, 24, 10, 45]
Run 8:
Best OCplx: 2.2303892627200343
Best Sequence: [44, 6, 17, 42, 58, 2, 13, 1, 27, 56, 24, 3, 10, 22, 38, 49, 39, 52, 34, 30, 36, 45, 11, 55, 54, 14, 8, 19, 62, 53, 51, 33, 40, 50, 25, 31, 37, 21, 59, 29, 63, 26, 41, 48, 16, 28, 20, 32, 64, 4, 60, 35, 15, 57, 43, 7, 46, 9, 23, 18, 65, 61, 47, 5, 12]
Run 9:
Best OCplx: 1.8904222318113648
Best Sequence: [14, 29, 17, 64, 65, 58, 4, 52, 2, 40, 50, 24, 35, 57, 22, 27, 61, 63, 32, 38, 8, 42, 11, 23, 13, 31, 47, 20, 16, 36, 26, 3, 48, 51, 60, 5, 21, 1, 59, 10, 44, 34, 7, 53, 30, 19, 49, 6, 46, 37, 54, 56, 9, 45, 62, 18, 41, 43, 12, 55, 39, 15, 33, 28, 25]
Run 10:
Best OCplx: 2.2757360956885155
Best Sequence: [65, 58, 56, 43, 28, 22, 35, 51, 10, 48, 29, 20, 14, 61, 50, 39, 24, 7, 12, 9, 25, 55, 16, 2, 33, 21, 47, 60, 18, 41, 52, 13, 1, 63, 40, 59, 38, 54, 57, 37, 44, 27, 26, 31, 53, 4, 30, 32, 34, 6, 3, 5, 11, 17, 42, 23, 15, 45, 19, 49, 8, 36, 62, 46, 64]
Run 11:
Best OCplx: 2.0953513652544
Best Sequence: [27, 58, 35, 19, 39, 24, 22, 12, 13, 10, 14, 6, 26, 43, 57, 48, 9, 45, 36, 17, 25, 30, 32, 59, 61, 2, 23, 62, 53, 51, 42, 55, 40, 46, 49, 37, 65, 44, 50, 28, 1, 54, 5, 4, 21, 64, 38, 29, 41, 15, 52, 11, 7, 3, 33, 16, 8, 56, 20, 31, 47, 18, 60, 34, 63]
Run 12:
Best OCplx: 1.8393314986997393
Best Sequence: [65, 58, 46, 1, 60, 22, 14, 10, 53, 48, 3, 28, 6, 37, 30, 50, 2, 24, 12, 17, 5, 41, 54, 44, 35, 52, 31, 32, 20, 15, 64, 16, 21, 47, 62, 49, 51, 63, 43, 19, 23, 40, 42, 29, 13, 56, 55, 39, 8, 25, 38, 34, 57, 9, 36, 59, 4, 45, 33, 7, 61, 27, 26, 11, 18]
Run 13:
Best OCplx: 2.255632494326163
Best Sequence: [13, 14, 37, 10, 65, 40, 60, 53, 24, 11, 47, 5, 27, 58, 45, 6, 2, 64, 41, 22, 43, 55, 30, 51, 56, 32, 36, 26, 20, 62, 44, 15, 42, 50, 18, 4, 3, 48, 57, 35, 19, 1, 29, 23, 52, 31, 16, 28, 9, 8, 12, 63, 39, 49, 46, 38, 7, 54, 34, 33, 21, 25, 61, 17, 59]
Run 14:
Best OCplx: 2.1661009173628134
Best Sequence: [17, 15, 65, 31, 58, 23, 53, 27, 61, 60, 21, 63, 30, 26, 50, 33, 13, 44, 20, 43, 7, 22, 19, 10, 14, 11, 42, 64, 3, 12, 49, 51, 24, 2, 18, 45, 52, 47, 28, 37, 6, 5, 62, 55, 9, 25, 16, 4, 32, 57, 39, 8, 56, 36, 1, 38, 35, 40, 54, 29, 34, 41, 59, 48, 46]
Run 15:
Best OCplx: 1.9379098179422034
Best Sequence: [59, 65, 3, 15, 58, 24, 13, 27, 2, 48, 16, 43, 9, 7, 10, 39, 46, 56, 14, 12, 53, 20, 29, 36, 17, 31, 60, 22, 34, 52, 11, 25, 28, 57, 19, 35, 62, 44, 23, 38, 37, 18, 26, 40, 42, 47, 51, 5, 50, 21, 32, 6, 49, 41, 4, 54, 8, 61, 64, 33, 55, 45, 30, 63, 1]
Run 16:
Best OCplx: 2.0513760293220455
Best Sequence: [6, 2, 56, 30, 9, 65, 58, 41, 52, 8, 47, 15, 34, 44, 42, 13, 16, 24, 22, 38, 10, 49, 60, 40, 59, 27, 50, 21, 64, 14, 57, 25, 46, 19, 54, 28, 37, 11, 17, 63, 31, 18, 26, 20, 1, 29, 43, 33, 12, 45, 55, 7, 39, 23, 3, 51, 36, 48, 4, 61, 32, 35, 53, 5, 62]
Run 17:
Best OCplx: 2.137402446024886
Best Sequence: [56, 13, 24, 34, 65, 62, 2, 31, 63, 27, 55, 58, 30, 22, 64, 23, 20, 39, 6, 19, 43, 37, 52, 14, 15, 16, 35, 46, 4, 59, 29, 32, 33, 11, 28, 60, 54, 8, 47, 25, 10, 49, 45, 5, 12, 9, 48, 36, 42, 40, 17, 61, 53, 38, 57, 51, 44, 3, 18, 1, 21, 50, 26, 41, 7]
Run 18:
Best OCplx: 1.6804569535378908
Best Sequence: [65, 24, 58, 57, 53, 22, 38, 21, 27, 29, 59, 34, 4, 14, 5, 61, 37, 6, 63, 62, 20, 31, 50, 13, 40, 7, 41, 12, 45, 32, 8, 55, 2, 25, 54, 60, 52, 64, 1, 47, 42, 15, 30, 36, 46, 33, 26, 48, 11, 23, 17, 3, 43, 35, 39, 44, 56, 9, 10, 16, 49, 19, 51, 28, 18]
Run 19:
Best OCplx: 2.1799194324922584
Best Sequence: [65, 14, 16, 9, 39, 58, 4, 53, 51, 30, 61, 46, 62, 19, 29, 43, 3, 8, 52, 48, 50, 27, 35, 31, 24, 45, 26, 7, 18, 22, 11, 37, 25, 34, 60, 10, 17, 47, 28, 38, 32, 12, 59, 44, 21, 5, 1, 63, 55, 33, 36, 20, 64, 40, 54, 41, 23, 2, 15, 42, 57, 56, 13, 6, 49]
Run 20:
Best OCplx: 2.181184601516427
Best Sequence: [27, 59, 47, 65, 58, 62, 55, 46, 52, 8, 39, 17, 51, 30, 26, 3, 12, 15, 11, 34, 32, 6, 48, 1, 61, 56, 29, 9, 63, 36, 40, 42, 22, 54, 14, 37, 16, 31, 57, 13, 45, 49, 64, 20, 23, 24, 44, 28, 5, 2, 53, 38, 33, 18, 25, 60, 35, 19, 41, 21, 7, 50, 43, 10, 4]
Run 21:
Best OCplx: 1.7522381422111355
Best Sequence: [65, 58, 14, 33, 6, 56, 51, 24, 61, 27, 57, 59, 34, 22, 38, 1, 7, 55, 35, 39, 45, 15, 32, 43, 25, 44, 8, 40, 13, 29, 19, 60, 53, 23, 2, 37, 30, 9, 46, 50, 52, 11, 17, 36, 10, 4, 62, 31, 47, 18, 26, 54, 16, 12, 63, 49, 28, 48, 5, 21, 20, 3, 42, 41, 64]
Run 22:
Best OCplx: 1.7535932010240909
Best Sequence: [2, 65, 58, 8, 56, 13, 3, 51, 60, 24, 9, 44, 11, 47, 17, 22, 1, 53, 49, 16, 48, 27, 40, 50, 42, 21, 29, 43, 59, 63, 33, 38, 12, 6, 18, 14, 57, 10, 37, 52, 61, 30, 5, 55, 7, 34, 26, 28, 23, 39, 64, 32, 36, 19, 20, 46, 54, 45, 31, 35, 15, 4, 25, 62, 41]
Run 23:
Best OCplx: 2.148573582358655
Best Sequence: [50, 24, 65, 58, 51, 55, 36, 40, 32, 17, 61, 14, 22, 64, 12, 63, 57, 8, 59, 56, 43, 23, 11, 38, 44, 29, 53, 6, 15, 10, 33, 31, 28, 2, 18, 30, 3, 46, 16, 21, 60, 39, 9, 42, 52, 4, 25, 1, 62, 49, 7, 35, 37, 26, 47, 41, 27, 48, 34, 54, 20, 45, 13, 5, 19]
Run 24:
Best OCplx: 2.2749727385519463
Best Sequence: [4, 17, 12, 64, 42, 38, 59, 65, 58, 45, 52, 1, 23, 14, 44, 60, 61, 55, 8, 41, 32, 53, 43, 31, 27, 18, 9, 7, 39, 47, 51, 10, 24, 20, 16, 46, 25, 5, 50, 26, 11, 22, 54, 48, 40, 34, 36, 30, 37, 57, 19, 35, 49, 2, 33, 62, 6, 28, 3, 56, 21, 15, 13, 63, 29]
Run 25:
Best OCplx: 2.1164977686686943
Best Sequence: [1, 62, 65, 58, 57, 33, 9, 14, 61, 34, 20, 36, 11, 56, 50, 63, 13, 24, 55, 22, 48, 60, 15, 3, 5, 10, 39, 19, 8, 37, 18, 49, 16, 38, 45, 26, 46, 4, 31, 51, 54, 28, 29, 43, 17, 47, 32, 23, 53, 2, 27, 42, 44, 64, 52, 12, 25, 40, 59, 41, 6, 21, 7, 35, 30]
Run 26:
Best OCplx: 1.8876861221418026
Best Sequence: [65, 4, 34, 58, 41, 45, 50, 60, 13, 19, 29, 42, 27, 59, 11, 14, 25, 5, 28, 24, 53, 33, 22, 44, 52, 39, 57, 20, 21, 18, 64, 51, 8, 35, 6, 62, 54, 36, 30, 43, 40, 61, 1, 32, 23, 37, 2, 31, 3, 7, 38, 55, 48, 49, 10, 17, 15, 16, 56, 63, 12, 26, 46, 47, 9]
Run 27:
Best OCplx: 2.152286457374442
Best Sequence: [9, 27, 15, 49, 16, 62, 36, 65, 3, 58, 50, 23, 26, 8, 32, 22, 14, 10, 28, 4, 30, 6, 40, 48, 19, 7, 33, 34, 24, 37, 20, 55, 60, 53, 46, 31, 39, 47, 18, 12, 17, 2, 44, 43, 45, 61, 21, 5, 63, 35, 54, 64, 52, 1, 13, 59, 57, 38, 29, 51, 11, 25, 41, 56, 42]
Run 28:
Best OCplx: 1.7525638202571139
Best Sequence: [9, 65, 58, 48, 59, 22, 56, 38, 26, 33, 34, 28, 10, 42, 24, 63, 47, 1, 60, 29, 40, 52, 4, 31, 27, 51, 46, 35, 55, 62, 43, 20, 61, 16, 17, 14, 39, 21, 25, 3, 12, 13, 30, 11, 2, 64, 32, 54, 53, 8, 44, 18, 15, 41, 57, 5, 50, 6, 49, 23, 37, 36, 7, 45, 19]
Run 29:
Best OCplx: 1.9221045518281341
Best Sequence: [65, 14, 58, 27, 22, 50, 18, 64, 8, 15, 16, 26, 17, 49, 34, 36, 13, 24, 29, 9, 45, 54, 56, 23, 25, 19, 35, 39, 33, 44, 51, 59, 4, 21, 46, 48, 6, 1, 37, 60, 43, 11, 52, 10, 2, 20, 12, 31, 7, 30, 38, 53, 3, 63, 62, 28, 5, 57, 32, 47, 42, 41, 61, 55, 40]
Run 30:
Best OCplx: 1.8440309788856974
Best Sequence: [48, 65, 59, 35, 58, 22, 10, 41, 12, 27, 13, 8, 52, 50, 23, 60, 2, 1, 39, 45, 14, 17, 53, 29, 16, 31, 6, 30, 34, 62, 43, 51, 56, 26, 28, 19, 21, 63, 37, 24, 38, 33, 4, 15, 54, 9, 11, 57, 46, 32, 44, 64, 3, 55, 18, 20, 61, 49, 5, 47, 40, 7, 36, 25, 42]
