Learning Rate: 8e-05
Epsilon: 0.99
Gamma: 0.97
Target Update: 100
Memory Capacity: 20000
Batch Size: 64
if_EWM: False
Run 1:
Best OCplx: 0.128564869306645
Best Sequence: [7, 1, 13, 8, 22, 16, 6, 11, 21, 10, 19, 5, 9, 17, 23, 18, 20, 12, 4, 2, 3, 15, 14]
Run 2:
Best OCplx: 0.19284730395996752
Best Sequence: [7, 19, 12, 22, 1, 16, 13, 21, 9, 11, 4, 10, 6, 17, 23, 18, 20, 5, 8, 2, 3, 15, 14]
Run 3:
Best OCplx: 0.16070608663330627
Best Sequence: [9, 7, 11, 19, 16, 21, 13, 22, 10, 8, 6, 12, 17, 18, 23, 20, 5, 1, 4, 2, 3, 15, 14]
Run 4:
Best OCplx: 0.128564869306645
Best Sequence: [22, 13, 11, 7, 1, 8, 21, 6, 19, 9, 10, 5, 12, 17, 23, 4, 2, 3, 18, 20, 16, 15, 14]
Run 5:
Best OCplx: 0.128564869306645
Best Sequence: [12, 11, 21, 9, 17, 13, 22, 19, 8, 23, 6, 7, 16, 18, 20, 10, 5, 4, 1, 2, 3, 15, 14]
Run 6:
Best OCplx: 0.128564869306645
Best Sequence: [8, 19, 6, 13, 16, 21, 12, 11, 22, 1, 9, 4, 7, 17, 23, 18, 20, 10, 5, 2, 3, 15, 14]
Run 7:
Best OCplx: 0.128564869306645
Best Sequence: [16, 13, 8, 21, 19, 11, 6, 7, 1, 9, 12, 22, 4, 17, 23, 18, 10, 5, 2, 20, 3, 15, 14]
Run 8:
Best OCplx: 0.128564869306645
Best Sequence: [1, 19, 22, 16, 11, 8, 6, 9, 21, 13, 12, 7, 10, 5, 17, 23, 18, 4, 2, 3, 15, 14, 20]
Run 9:
Best OCplx: 0.16070608663330627
Best Sequence: [12, 13, 1, 8, 19, 16, 22, 6, 9, 11, 7, 4, 21, 10, 18, 17, 23, 20, 5, 2, 3, 15, 14]
Run 10:
Best OCplx: 0.19284730395996752
Best Sequence: [6, 16, 21, 19, 8, 13, 11, 1, 9, 7, 12, 10, 5, 4, 2, 3, 17, 23, 15, 22, 18, 20, 14]
Run 11:
Best OCplx: 0.128564869306645
Best Sequence: [7, 19, 9, 16, 22, 11, 10, 5, 1, 21, 12, 8, 6, 13, 4, 2, 17, 23, 18, 20, 3, 15, 14]
Run 12:
Best OCplx: 0.128564869306645
Best Sequence: [9, 19, 13, 11, 7, 21, 8, 22, 6, 1, 16, 10, 12, 5, 4, 17, 23, 18, 20, 2, 3, 15, 14]
Run 13:
Best OCplx: 0.16070608663330627
Best Sequence: [7, 16, 19, 21, 13, 11, 8, 10, 5, 22, 6, 1, 12, 9, 18, 17, 20, 4, 23, 2, 3, 15, 14]
Run 14:
Best OCplx: 0.16070608663330627
Best Sequence: [8, 12, 19, 7, 11, 13, 6, 21, 9, 16, 1, 22, 18, 17, 10, 5, 23, 4, 20, 2, 3, 15, 14]
Run 15:
Best OCplx: 0.19284730395996752
Best Sequence: [16, 1, 8, 6, 19, 22, 7, 11, 13, 10, 9, 5, 21, 12, 4, 17, 2, 23, 20, 3, 15, 14, 18]
Run 16:
Best OCplx: 0.128564869306645
Best Sequence: [9, 8, 21, 1, 11, 6, 22, 7, 10, 13, 19, 12, 4, 16, 5, 2, 17, 23, 18, 3, 15, 20, 14]
Run 17:
Best OCplx: 0.128564869306645
Best Sequence: [19, 21, 13, 22, 8, 6, 16, 12, 17, 7, 11, 9, 4, 23, 18, 1, 20, 10, 5, 2, 3, 15, 14]
Run 18:
Best OCplx: 0.128564869306645
Best Sequence: [1, 13, 7, 9, 19, 21, 12, 11, 10, 5, 4, 16, 8, 2, 6, 22, 17, 3, 23, 18, 20, 15, 14]
Run 19:
Best OCplx: 0.19284730395996752
Best Sequence: [16, 1, 9, 7, 21, 19, 13, 11, 22, 10, 5, 12, 17, 23, 4, 8, 6, 2, 20, 18, 3, 15, 14]
Run 20:
Best OCplx: 0.22498852128662877
Best Sequence: [1, 7, 6, 9, 16, 22, 21, 11, 10, 13, 8, 19, 5, 17, 12, 18, 23, 4, 2, 20, 3, 15, 14]
Run 21:
Best OCplx: 0.128564869306645
Best Sequence: [9, 16, 13, 8, 1, 7, 6, 11, 10, 5, 21, 12, 19, 22, 17, 23, 18, 20, 4, 2, 3, 15, 14]
Run 22:
Best OCplx: 0.19284730395996752
Best Sequence: [21, 1, 7, 9, 22, 8, 6, 19, 11, 13, 10, 5, 12, 17, 20, 23, 18, 4, 16, 2, 3, 15, 14]
Run 23:
Best OCplx: 0.19284730395996752
Best Sequence: [6, 16, 22, 13, 11, 10, 1, 9, 21, 5, 12, 8, 19, 7, 17, 23, 18, 20, 4, 2, 3, 15, 14]
Run 24:
Best OCplx: 0.16070608663330627
Best Sequence: [13, 21, 7, 16, 11, 10, 22, 5, 1, 9, 19, 8, 6, 12, 4, 17, 18, 23, 2, 20, 3, 15, 14]
Run 25:
Best OCplx: 0.22498852128662877
Best Sequence: [1, 13, 9, 19, 6, 12, 16, 7, 4, 11, 21, 8, 10, 22, 5, 17, 18, 20, 2, 3, 15, 14, 23]
Run 26:
Best OCplx: 0.128564869306645
Best Sequence: [22, 16, 13, 21, 7, 1, 11, 12, 19, 9, 10, 5, 8, 4, 2, 6, 17, 23, 18, 3, 20, 15, 14]
Run 27:
Best OCplx: 0.128564869306645
Best Sequence: [13, 11, 9, 10, 8, 12, 7, 22, 1, 5, 16, 21, 6, 4, 17, 23, 18, 19, 20, 2, 3, 15, 14]
Run 28:
Best OCplx: 0.128564869306645
Best Sequence: [19, 8, 12, 22, 1, 6, 7, 21, 9, 13, 11, 10, 5, 17, 23, 18, 20, 16, 4, 2, 3, 15, 14]
Run 29:
Best OCplx: 0.16070608663330627
Best Sequence: [11, 22, 7, 21, 13, 8, 6, 10, 19, 9, 1, 12, 17, 23, 18, 16, 20, 5, 4, 2, 3, 14, 15]
Run 30:
Best OCplx: 0.128564869306645
Best Sequence: [1, 16, 11, 19, 7, 8, 12, 21, 9, 22, 10, 4, 5, 13, 17, 23, 18, 20, 2, 6, 3, 15, 14]
