Learning Rate: 8e-05
Epsilon: 0.9
Gamma: 0.99
Target Update: 50
Memory Capacity: 20000
Batch Size: 64
if_EWM: True
Run 1:
Best OCplx: 0.6323571358292663
Best Sequence: [11, 26, 2, 3, 38, 15, 39, 20, 33, 23, 22, 7, 17, 36, 16, 10, 21, 1, 13, 24, 12, 27, 34, 28, 30, 14, 19, 9, 8, 32, 31, 18, 25, 35, 6, 5, 29, 4, 37]
Run 2:
Best OCplx: 0.8044355965987218
Best Sequence: [11, 23, 2, 21, 22, 39, 26, 38, 36, 16, 20, 30, 17, 13, 3, 1, 24, 19, 12, 28, 34, 7, 32, 29, 15, 18, 25, 14, 35, 5, 33, 8, 31, 37, 27, 10, 9, 6, 4]
Run 3:
Best OCplx: 0.8931094739566615
Best Sequence: [11, 39, 1, 20, 2, 22, 3, 17, 24, 38, 7, 23, 19, 21, 12, 16, 13, 30, 36, 34, 28, 26, 32, 15, 18, 14, 25, 29, 35, 5, 33, 31, 8, 10, 37, 27, 9, 6, 4]
Run 4:
Best OCplx: 0.6655428692352592
Best Sequence: [11, 26, 2, 3, 38, 15, 36, 20, 33, 22, 7, 34, 17, 23, 29, 10, 21, 1, 28, 24, 30, 18, 39, 14, 19, 16, 13, 9, 32, 25, 8, 35, 27, 12, 6, 5, 37, 31, 4]
Run 5:
Best OCplx: 0.5836087327945695
Best Sequence: [11, 26, 2, 3, 20, 15, 22, 21, 35, 1, 16, 36, 39, 13, 34, 10, 7, 12, 28, 14, 30, 24, 38, 19, 23, 17, 29, 9, 8, 32, 18, 33, 27, 25, 6, 4, 31, 5, 37]
Run 6:
Best OCplx: 0.8044355965987218
Best Sequence: [2, 24, 11, 23, 22, 7, 1, 3, 20, 16, 38, 21, 12, 13, 36, 34, 39, 30, 28, 17, 26, 19, 32, 29, 15, 14, 18, 25, 35, 31, 33, 8, 5, 37, 27, 10, 9, 6, 4]
Run 7:
Best OCplx: 0.6323571358292663
Best Sequence: [11, 26, 2, 3, 34, 15, 21, 20, 35, 24, 7, 16, 22, 36, 28, 10, 23, 1, 12, 14, 18, 27, 17, 30, 13, 19, 39, 9, 29, 32, 6, 8, 25, 31, 5, 38, 33, 4, 37]
Run 8:
Best OCplx: 0.6500919113008543
Best Sequence: [11, 26, 2, 3, 16, 15, 20, 22, 35, 7, 21, 24, 13, 28, 36, 10, 1, 39, 23, 19, 14, 27, 12, 34, 38, 30, 17, 9, 32, 31, 18, 8, 29, 33, 6, 25, 4, 5, 37]
Run 9:
Best OCplx: 0.9108442494282495
Best Sequence: [11, 38, 2, 26, 3, 17, 1, 7, 20, 24, 39, 16, 23, 19, 36, 34, 21, 28, 13, 30, 22, 12, 32, 18, 15, 29, 14, 25, 8, 35, 33, 5, 31, 37, 10, 27, 9, 6, 4]
Run 10:
Best OCplx: 0.8044355965987218
Best Sequence: [22, 26, 20, 1, 17, 11, 2, 38, 3, 24, 39, 7, 23, 21, 13, 16, 36, 28, 19, 30, 12, 34, 32, 15, 14, 18, 25, 29, 35, 31, 33, 8, 5, 37, 27, 10, 9, 6, 4]
Run 11:
Best OCplx: 0.8044355965987218
Best Sequence: [11, 26, 2, 17, 7, 16, 3, 22, 23, 24, 39, 1, 20, 21, 38, 36, 30, 34, 13, 19, 28, 29, 15, 18, 14, 32, 35, 33, 5, 8, 31, 25, 37, 12, 27, 10, 9, 6, 4]
Run 12:
Best OCplx: 0.7473517483936792
Best Sequence: [26, 11, 2, 3, 24, 15, 22, 20, 35, 36, 34, 1, 28, 17, 39, 10, 21, 19, 7, 13, 29, 23, 30, 12, 16, 8, 32, 14, 18, 38, 5, 33, 25, 27, 9, 37, 31, 6, 4]
Run 13:
Best OCplx: 0.6323571358292663
Best Sequence: [11, 26, 2, 3, 23, 15, 20, 21, 35, 13, 36, 22, 1, 17, 24, 10, 16, 29, 7, 28, 14, 27, 34, 30, 12, 18, 32, 9, 39, 38, 6, 8, 19, 25, 5, 33, 4, 31, 37]
Run 14:
Best OCplx: 0.6511153355811614
Best Sequence: [11, 7, 22, 26, 2, 16, 3, 24, 21, 39, 12, 20, 17, 23, 36, 10, 34, 28, 38, 29, 30, 13, 5, 19, 1, 15, 14, 18, 32, 33, 8, 31, 25, 35, 37, 27, 9, 6, 4]
Run 15:
Best OCplx: 0.6820172514499712
Best Sequence: [11, 26, 2, 3, 7, 16, 1, 22, 35, 21, 23, 36, 34, 39, 38, 12, 13, 24, 28, 17, 20, 19, 32, 14, 27, 8, 15, 10, 29, 18, 25, 33, 5, 31, 9, 6, 30, 37, 4]
Run 16:
Best OCplx: 0.8673651403399767
Best Sequence: [26, 11, 2, 3, 1, 16, 34, 21, 35, 39, 22, 17, 20, 36, 23, 10, 13, 24, 12, 28, 30, 19, 38, 7, 18, 32, 15, 9, 33, 31, 14, 25, 29, 8, 6, 4, 5, 27, 37]
Run 17:
Best OCplx: 0.5860178076140223
Best Sequence: [11, 26, 2, 3, 24, 15, 38, 20, 34, 22, 14, 36, 16, 7, 28, 10, 23, 1, 21, 12, 13, 27, 32, 19, 17, 30, 29, 9, 39, 18, 6, 25, 5, 31, 4, 35, 33, 8, 37]
Run 18:
Best OCplx: 0.8753746984850737
Best Sequence: [11, 3, 20, 23, 1, 22, 2, 21, 17, 38, 39, 24, 12, 7, 19, 36, 13, 30, 28, 34, 26, 16, 29, 15, 14, 18, 25, 35, 8, 31, 33, 32, 5, 37, 10, 27, 9, 6, 4]
Run 19:
Best OCplx: 0.7220544374675132
Best Sequence: [11, 2, 26, 3, 38, 7, 16, 20, 22, 21, 34, 36, 17, 39, 23, 10, 28, 30, 13, 32, 19, 12, 5, 1, 15, 18, 24, 29, 33, 35, 25, 8, 14, 31, 37, 27, 9, 6, 4]
Run 20:
Best OCplx: 0.6974546637964055
Best Sequence: [11, 26, 2, 3, 1, 16, 7, 22, 35, 30, 21, 13, 20, 36, 15, 12, 24, 28, 39, 14, 38, 23, 17, 19, 32, 18, 5, 10, 8, 34, 9, 29, 31, 25, 33, 27, 6, 4, 37]
Run 21:
Best OCplx: 0.8753746984850735
Best Sequence: [11, 16, 3, 26, 2, 22, 20, 23, 21, 36, 1, 34, 30, 24, 38, 7, 17, 39, 13, 15, 18, 14, 19, 5, 12, 28, 25, 29, 32, 35, 33, 31, 8, 10, 37, 27, 9, 6, 4]
Run 22:
Best OCplx: 0.8044355965987218
Best Sequence: [11, 3, 21, 2, 22, 1, 17, 16, 12, 38, 39, 7, 20, 23, 13, 34, 24, 19, 36, 28, 30, 15, 18, 25, 26, 14, 32, 29, 35, 31, 33, 5, 8, 37, 27, 10, 9, 6, 4]
Run 23:
Best OCplx: 0.6831523874245774
Best Sequence: [11, 26, 2, 36, 13, 16, 3, 34, 21, 20, 23, 38, 17, 7, 22, 10, 1, 5, 24, 39, 28, 19, 8, 29, 15, 18, 35, 30, 31, 14, 32, 25, 33, 12, 37, 27, 9, 6, 4]
Run 24:
Best OCplx: 0.8931094739566616
Best Sequence: [11, 38, 21, 23, 2, 24, 3, 17, 13, 7, 20, 22, 16, 1, 39, 19, 26, 28, 36, 34, 12, 30, 32, 29, 15, 18, 25, 14, 35, 33, 8, 31, 37, 5, 10, 27, 9, 6, 4]
Run 25:
Best OCplx: 0.8753746984850737
Best Sequence: [11, 21, 1, 24, 3, 13, 16, 7, 39, 12, 22, 36, 34, 2, 20, 17, 30, 23, 26, 15, 28, 19, 14, 32, 5, 18, 38, 25, 29, 8, 35, 33, 31, 37, 10, 27, 9, 6, 4]
Run 26:
Best OCplx: 0.73349649471237
Best Sequence: [11, 26, 2, 20, 7, 23, 39, 17, 21, 22, 13, 36, 24, 19, 38, 34, 28, 16, 3, 30, 32, 15, 12, 14, 18, 1, 25, 33, 29, 8, 35, 31, 5, 27, 10, 37, 9, 6, 4]
Run 27:
Best OCplx: 0.8542074239137257
Best Sequence: [11, 22, 26, 7, 2, 39, 1, 16, 23, 20, 17, 28, 36, 34, 30, 24, 19, 3, 38, 15, 29, 13, 21, 18, 32, 14, 25, 35, 8, 5, 12, 31, 33, 37, 27, 10, 9, 6, 4]
Run 28:
Best OCplx: 0.8044355965987218
Best Sequence: [11, 26, 2, 3, 22, 39, 20, 16, 21, 36, 34, 24, 38, 1, 7, 17, 23, 28, 13, 32, 12, 15, 18, 30, 19, 25, 29, 14, 35, 31, 5, 33, 8, 10, 27, 9, 37, 6, 4]
Run 29:
Best OCplx: 0.8665409348561249
Best Sequence: [11, 7, 26, 2, 1, 20, 23, 22, 21, 17, 24, 36, 28, 3, 19, 12, 13, 16, 38, 39, 32, 15, 14, 25, 18, 30, 34, 35, 29, 33, 8, 5, 31, 37, 27, 10, 9, 6, 4]
Run 30:
Best OCplx: 0.8753746984850735
Best Sequence: [11, 26, 2, 3, 38, 21, 24, 1, 20, 22, 23, 12, 36, 13, 7, 28, 34, 17, 30, 16, 39, 19, 15, 18, 25, 14, 32, 5, 29, 35, 8, 33, 31, 10, 37, 27, 9, 6, 4]

Mean: 0.7637
Min: 0.5836
Max: 0.9108
Std: 0.1026
Learning Rate: 6e-05
Epsilon: 0.99
Gamma: 0.93
Memory Capacity: 20000
Batch Size: 64
if_EWM: True
seed: 41
