Run 1:
Best OCplx: 2.179345361215069
Best Sequence: [29, 38, 40, 118, 53, 25, 59, 28, 111, 37, 74, 70, 100, 121, 124, 3, 76, 81, 122, 7, 116, 13, 9, 104, 112, 64, 50, 126, 5, 67, 72, 90, 125, 39, 105, 107, 60, 12, 57, 18, 71, 23, 61, 88, 95, 110, 1, 24, 32, 65, 22, 11, 43, 52, 47, 49, 84, 82, 46, 55, 94, 102, 15, 91, 48, 16, 114, 87, 30, 6, 36, 128, 54, 75, 14, 66, 93, 58, 10, 45, 86, 33, 80, 56, 99, 117, 62, 27, 119, 4, 20, 41, 8, 85, 113, 26, 44, 19, 31, 101, 97, 109, 123, 2, 89, 34, 129, 42, 78, 63, 103, 92, 17, 96, 120, 21, 106, 73, 69, 108, 77, 68, 115, 127, 83, 51, 98, 79, 35]
Run 2:
Best OCplx: 2.050525526970597
Best Sequence: [14, 118, 123, 62, 42, 34, 119, 45, 100, 48, 75, 8, 83, 25, 43, 109, 78, 13, 24, 113, 95, 67, 66, 61, 63, 1, 57, 69, 117, 73, 59, 101, 32, 125, 41, 4, 17, 77, 87, 97, 18, 49, 89, 28, 16, 19, 27, 26, 74, 88, 30, 68, 23, 82, 92, 103, 104, 33, 15, 126, 65, 108, 111, 10, 52, 86, 76, 71, 22, 85, 80, 38, 110, 50, 29, 90, 93, 107, 47, 37, 102, 79, 99, 106, 12, 56, 112, 115, 44, 3, 122, 121, 94, 6, 5, 35, 54, 58, 46, 9, 120, 84, 21, 127, 105, 72, 39, 64, 91, 53, 20, 81, 116, 36, 31, 124, 70, 2, 96, 51, 98, 114, 11, 55, 7, 128, 129, 40, 60]
Run 3:
Best OCplx: 2.1743235792921287
Best Sequence: [87, 98, 50, 118, 6, 8, 128, 55, 99, 11, 3, 29, 83, 43, 91, 129, 59, 15, 51, 90, 16, 40, 65, 77, 52, 70, 13, 64, 1, 76, 56, 114, 88, 68, 121, 69, 104, 36, 19, 21, 12, 125, 124, 67, 61, 39, 37, 34, 122, 25, 14, 126, 115, 120, 94, 4, 28, 32, 41, 86, 18, 89, 24, 38, 53, 101, 108, 10, 84, 71, 127, 23, 42, 33, 80, 44, 82, 97, 9, 5, 58, 74, 45, 119, 81, 107, 109, 48, 66, 7, 116, 123, 78, 75, 95, 27, 113, 100, 96, 105, 63, 2, 26, 20, 117, 22, 112, 111, 85, 73, 49, 30, 92, 46, 31, 79, 57, 102, 17, 54, 103, 110, 62, 47, 93, 72, 106, 35, 60]
Run 4:
Best OCplx: 2.2077678189428434
Best Sequence: [118, 102, 43, 70, 115, 107, 13, 69, 7, 8, 42, 103, 28, 67, 74, 41, 62, 50, 84, 55, 125, 61, 6, 95, 1, 25, 71, 48, 66, 31, 60, 38, 89, 63, 16, 15, 124, 54, 51, 9, 112, 99, 121, 72, 92, 46, 36, 87, 117, 14, 126, 93, 91, 83, 116, 110, 80, 17, 37, 65, 78, 86, 59, 57, 127, 52, 68, 40, 56, 29, 109, 3, 21, 23, 49, 47, 123, 20, 101, 119, 24, 75, 111, 12, 88, 128, 73, 98, 45, 90, 100, 129, 53, 26, 64, 58, 27, 82, 120, 97, 113, 106, 76, 77, 10, 39, 108, 5, 94, 85, 34, 19, 114, 32, 104, 11, 18, 105, 96, 2, 79, 81, 44, 33, 30, 22, 122, 4, 35]
Run 5:
Best OCplx: 2.0950000571508904
Best Sequence: [31, 84, 122, 64, 118, 127, 8, 59, 19, 21, 99, 18, 123, 75, 65, 9, 40, 12, 41, 39, 102, 125, 36, 55, 89, 33, 5, 14, 38, 88, 115, 70, 63, 1, 53, 61, 79, 101, 11, 85, 120, 57, 121, 51, 6, 111, 95, 58, 91, 50, 28, 16, 117, 116, 106, 129, 71, 87, 100, 82, 23, 108, 32, 68, 7, 54, 126, 37, 52, 98, 43, 45, 29, 46, 2, 66, 42, 104, 90, 24, 48, 112, 72, 22, 62, 105, 67, 25, 34, 97, 110, 17, 30, 92, 26, 76, 128, 74, 124, 20, 44, 83, 96, 13, 47, 103, 27, 80, 93, 69, 113, 49, 109, 77, 4, 86, 78, 60, 15, 107, 114, 56, 81, 10, 3, 73, 119, 35, 94]
Run 6:
Best OCplx: 2.1406875301593717
Best Sequence: [66, 118, 58, 64, 29, 111, 1, 9, 18, 38, 7, 126, 39, 36, 95, 122, 26, 128, 30, 75, 79, 87, 78, 52, 56, 119, 14, 92, 23, 90, 17, 83, 34, 115, 69, 71, 32, 28, 127, 60, 125, 82, 51, 61, 6, 93, 57, 72, 85, 16, 76, 86, 3, 63, 42, 124, 116, 81, 12, 27, 33, 106, 24, 68, 50, 120, 15, 13, 84, 89, 114, 41, 10, 62, 101, 67, 103, 11, 44, 80, 110, 47, 49, 105, 53, 8, 91, 35, 45, 77, 117, 46, 54, 55, 43, 4, 65, 59, 20, 129, 96, 112, 21, 108, 113, 88, 2, 5, 70, 19, 121, 104, 123, 25, 31, 40, 94, 97, 98, 99, 74, 22, 48, 100, 37, 73, 107, 109, 102]
Run 7:
Best OCplx: 2.10337558555187
Best Sequence: [41, 118, 82, 19, 34, 61, 54, 69, 121, 27, 104, 95, 38, 87, 29, 36, 75, 65, 15, 2, 6, 51, 12, 50, 5, 24, 108, 103, 98, 105, 47, 60, 52, 7, 122, 25, 85, 109, 91, 1, 99, 28, 124, 21, 94, 77, 9, 64, 42, 67, 20, 96, 90, 11, 81, 100, 128, 45, 86, 46, 120, 57, 10, 49, 129, 117, 80, 30, 68, 63, 22, 93, 84, 88, 112, 8, 110, 37, 3, 107, 74, 125, 17, 58, 119, 66, 113, 14, 55, 31, 43, 16, 127, 101, 32, 83, 62, 56, 106, 123, 126, 26, 111, 71, 73, 23, 13, 72, 89, 79, 92, 39, 53, 78, 40, 76, 4, 59, 115, 97, 114, 33, 48, 18, 70, 44, 35, 116, 102]
Run 8:
Best OCplx: 2.1380416605628656
Best Sequence: [16, 74, 17, 44, 118, 114, 56, 51, 49, 104, 43, 84, 67, 127, 124, 63, 22, 24, 42, 46, 72, 129, 55, 95, 40, 3, 37, 94, 122, 4, 123, 57, 59, 28, 6, 21, 70, 11, 109, 38, 8, 121, 66, 120, 36, 107, 96, 68, 39, 79, 31, 99, 119, 23, 76, 78, 19, 12, 82, 105, 88, 87, 26, 86, 101, 13, 115, 83, 71, 7, 15, 35, 102, 81, 125, 128, 10, 29, 33, 60, 89, 5, 50, 25, 110, 18, 58, 97, 41, 100, 14, 116, 1, 90, 61, 117, 65, 85, 34, 113, 75, 106, 47, 48, 126, 54, 52, 27, 92, 91, 53, 80, 9, 62, 112, 108, 20, 111, 64, 77, 30, 45, 2, 98, 103, 32, 73, 93, 69]
Run 9:
Best OCplx: 2.1743235792921287
Best Sequence: [129, 34, 118, 41, 122, 51, 128, 25, 71, 24, 60, 114, 77, 67, 92, 64, 103, 62, 115, 37, 111, 36, 42, 59, 32, 87, 3, 44, 73, 10, 50, 120, 76, 16, 11, 28, 5, 78, 14, 74, 61, 4, 39, 100, 119, 98, 15, 117, 94, 12, 29, 43, 79, 40, 55, 72, 17, 91, 18, 46, 123, 58, 52, 124, 112, 6, 108, 125, 56, 45, 70, 85, 8, 86, 21, 83, 69, 81, 47, 54, 121, 38, 31, 19, 88, 96, 93, 30, 1, 106, 127, 126, 84, 26, 2, 65, 113, 80, 9, 107, 13, 110, 23, 20, 105, 57, 97, 22, 109, 90, 53, 48, 101, 68, 104, 75, 7, 33, 99, 95, 49, 102, 35, 116, 89, 82, 66, 27, 63]
Run 10:
Best OCplx: 2.1210755073360983
Best Sequence: [105, 118, 109, 124, 77, 62, 59, 24, 14, 42, 12, 11, 47, 73, 78, 44, 30, 51, 72, 68, 18, 87, 112, 70, 114, 50, 34, 31, 84, 67, 64, 94, 120, 125, 4, 57, 36, 19, 5, 28, 29, 22, 85, 106, 71, 113, 101, 27, 65, 82, 66, 75, 23, 41, 54, 126, 128, 89, 100, 99, 26, 111, 9, 13, 123, 97, 25, 107, 32, 121, 116, 63, 83, 49, 92, 17, 119, 10, 52, 93, 20, 115, 76, 110, 35, 69, 15, 21, 108, 45, 60, 95, 40, 129, 7, 55, 98, 117, 104, 3, 91, 16, 2, 33, 37, 1, 8, 38, 90, 53, 81, 43, 74, 46, 6, 48, 96, 58, 39, 122, 56, 80, 103, 127, 102, 61, 86, 88, 79]
Run 11:
Best OCplx: 2.1545197469868134
Best Sequence: [118, 50, 32, 67, 48, 110, 103, 78, 44, 75, 120, 89, 2, 53, 94, 126, 10, 54, 22, 119, 102, 31, 104, 11, 39, 124, 36, 63, 71, 127, 47, 18, 4, 73, 33, 25, 8, 55, 72, 45, 74, 57, 106, 65, 29, 30, 5, 88, 109, 125, 49, 40, 122, 129, 108, 121, 24, 51, 87, 117, 38, 46, 84, 15, 37, 34, 90, 59, 27, 62, 128, 3, 115, 114, 111, 61, 100, 85, 12, 99, 123, 9, 28, 79, 105, 86, 66, 112, 1, 98, 16, 113, 56, 20, 96, 82, 93, 77, 14, 101, 6, 97, 64, 26, 83, 91, 23, 41, 60, 116, 43, 80, 68, 69, 7, 35, 13, 17, 76, 42, 52, 70, 92, 21, 81, 107, 95, 19, 58]
Run 12:
Best OCplx: 2.113379887412713
Best Sequence: [106, 116, 47, 87, 63, 56, 34, 51, 28, 45, 126, 8, 118, 61, 82, 58, 70, 62, 65, 50, 121, 36, 17, 76, 127, 27, 31, 39, 128, 9, 4, 42, 71, 43, 108, 89, 100, 103, 29, 41, 93, 38, 1, 107, 44, 111, 59, 52, 104, 97, 67, 98, 102, 78, 16, 19, 112, 66, 53, 12, 40, 21, 101, 119, 74, 69, 113, 110, 13, 54, 80, 79, 60, 124, 14, 33, 20, 46, 94, 64, 57, 81, 10, 84, 23, 88, 90, 115, 85, 11, 114, 24, 6, 73, 30, 3, 120, 91, 105, 68, 2, 26, 129, 5, 49, 18, 35, 37, 7, 117, 77, 96, 122, 83, 48, 15, 22, 95, 75, 32, 72, 92, 109, 125, 123, 99, 55, 25, 86]
Run 13:
Best OCplx: 2.295464760848312
Best Sequence: [16, 118, 103, 90, 18, 29, 38, 97, 15, 74, 83, 53, 76, 87, 128, 57, 59, 11, 10, 111, 12, 44, 110, 25, 27, 79, 20, 122, 32, 36, 48, 40, 55, 46, 3, 113, 69, 9, 92, 61, 125, 67, 119, 127, 21, 65, 2, 114, 88, 39, 14, 99, 37, 64, 82, 95, 73, 23, 8, 86, 6, 43, 30, 89, 66, 1, 100, 107, 45, 85, 4, 102, 5, 68, 106, 98, 101, 120, 112, 52, 34, 80, 58, 22, 78, 81, 115, 129, 116, 28, 77, 96, 42, 123, 35, 62, 104, 19, 124, 31, 75, 50, 41, 105, 94, 109, 70, 33, 126, 49, 24, 72, 56, 54, 60, 93, 117, 91, 13, 51, 26, 17, 63, 7, 47, 71, 121, 108, 84]
Run 14:
Best OCplx: 2.136345624521292
Best Sequence: [118, 18, 104, 3, 120, 103, 32, 1, 74, 47, 48, 37, 17, 34, 91, 119, 55, 28, 42, 56, 71, 87, 99, 19, 64, 44, 51, 39, 23, 50, 9, 10, 14, 40, 61, 98, 128, 52, 69, 72, 43, 24, 46, 57, 29, 30, 86, 4, 13, 92, 95, 97, 60, 65, 36, 77, 58, 73, 49, 106, 41, 33, 54, 7, 127, 8, 70, 68, 110, 27, 62, 102, 16, 101, 125, 22, 66, 76, 117, 84, 45, 109, 21, 114, 35, 123, 107, 38, 79, 26, 96, 108, 88, 63, 112, 126, 129, 75, 111, 124, 25, 90, 83, 85, 122, 113, 89, 6, 93, 12, 116, 31, 115, 15, 2, 82, 121, 78, 53, 105, 11, 5, 81, 100, 67, 80, 94, 59, 20]
Run 15:
Best OCplx: 2.217567349387315
Best Sequence: [118, 13, 51, 42, 120, 68, 125, 126, 113, 30, 94, 52, 59, 122, 16, 33, 25, 28, 62, 34, 96, 61, 67, 44, 15, 104, 46, 109, 37, 2, 65, 24, 14, 128, 3, 73, 7, 36, 58, 129, 38, 97, 93, 55, 107, 66, 115, 72, 27, 75, 6, 9, 92, 79, 40, 78, 108, 116, 1, 124, 80, 121, 101, 87, 71, 10, 119, 102, 83, 127, 43, 117, 50, 39, 23, 31, 99, 41, 22, 89, 35, 49, 8, 74, 12, 32, 48, 88, 103, 18, 85, 17, 26, 4, 70, 54, 11, 69, 64, 29, 56, 114, 5, 20, 84, 106, 21, 82, 90, 76, 110, 60, 57, 86, 100, 112, 95, 45, 53, 105, 98, 63, 19, 123, 81, 77, 47, 111, 91]
Run 16:
Best OCplx: 2.193696203384968
Best Sequence: [78, 77, 87, 61, 70, 44, 38, 119, 4, 27, 66, 129, 21, 69, 9, 49, 74, 85, 55, 50, 51, 79, 15, 34, 125, 58, 40, 56, 111, 121, 23, 3, 46, 32, 12, 86, 62, 33, 122, 10, 123, 102, 14, 11, 67, 30, 72, 118, 104, 13, 68, 89, 19, 106, 52, 108, 29, 84, 17, 39, 35, 8, 82, 105, 7, 101, 76, 124, 71, 128, 88, 94, 90, 31, 57, 28, 24, 18, 43, 120, 81, 26, 126, 95, 54, 73, 109, 113, 63, 6, 53, 22, 48, 97, 110, 103, 92, 42, 59, 37, 96, 64, 83, 45, 16, 2, 1, 47, 41, 93, 65, 91, 60, 25, 116, 100, 20, 114, 98, 5, 127, 112, 80, 117, 36, 107, 99, 115, 75]
Run 17:
Best OCplx: 2.4600106886251
Best Sequence: [101, 57, 98, 118, 75, 30, 39, 49, 32, 123, 63, 40, 53, 21, 15, 60, 11, 103, 1, 46, 62, 31, 7, 47, 24, 37, 59, 116, 64, 19, 72, 65, 70, 52, 128, 33, 41, 76, 117, 79, 108, 67, 43, 82, 87, 90, 61, 92, 14, 104, 5, 28, 81, 119, 86, 115, 27, 13, 48, 122, 102, 45, 56, 114, 36, 71, 106, 84, 83, 73, 69, 121, 94, 23, 42, 93, 8, 16, 96, 18, 29, 107, 99, 85, 78, 68, 17, 97, 66, 58, 109, 54, 6, 26, 112, 100, 4, 2, 124, 120, 111, 50, 77, 91, 9, 88, 125, 105, 44, 3, 113, 126, 22, 55, 12, 35, 127, 38, 20, 51, 95, 25, 74, 129, 34, 110, 80, 89, 10]
Run 18:
Best OCplx: 1.9394702720749062
Best Sequence: [118, 34, 121, 52, 16, 58, 50, 6, 56, 54, 61, 78, 59, 79, 38, 63, 32, 60, 112, 14, 83, 18, 40, 103, 72, 11, 37, 39, 41, 125, 66, 48, 92, 33, 126, 129, 29, 36, 45, 87, 28, 84, 100, 30, 46, 104, 26, 119, 106, 2, 107, 94, 13, 113, 44, 101, 85, 20, 99, 82, 69, 17, 64, 74, 43, 21, 9, 110, 1, 117, 76, 88, 7, 71, 31, 102, 68, 23, 120, 77, 42, 49, 35, 127, 12, 3, 19, 91, 53, 124, 75, 123, 25, 105, 22, 98, 24, 122, 10, 57, 65, 70, 67, 15, 81, 93, 80, 95, 47, 73, 89, 5, 62, 90, 8, 97, 114, 96, 86, 116, 27, 51, 108, 55, 128, 109, 111, 115, 4]
Run 19:
Best OCplx: 2.1408767349082525
Best Sequence: [127, 118, 123, 27, 68, 30, 75, 12, 62, 84, 121, 69, 5, 77, 124, 51, 6, 119, 44, 88, 47, 9, 10, 36, 18, 45, 72, 54, 90, 24, 50, 85, 70, 128, 41, 63, 120, 112, 17, 104, 65, 46, 29, 113, 25, 126, 49, 56, 79, 74, 99, 28, 82, 19, 73, 96, 32, 23, 102, 95, 97, 80, 37, 43, 4, 66, 39, 100, 103, 101, 94, 16, 105, 2, 55, 26, 11, 13, 111, 53, 59, 33, 125, 42, 87, 114, 116, 1, 20, 57, 86, 8, 40, 92, 83, 107, 91, 14, 31, 78, 38, 129, 110, 34, 76, 71, 115, 21, 64, 52, 48, 61, 106, 122, 60, 15, 109, 7, 35, 89, 98, 58, 67, 3, 108, 22, 93, 81, 117]
Run 20:
Best OCplx: 2.2357414718528346
Best Sequence: [19, 1, 118, 28, 55, 46, 6, 125, 81, 50, 29, 84, 129, 101, 43, 59, 17, 72, 20, 54, 58, 122, 66, 15, 87, 117, 21, 94, 24, 64, 8, 98, 123, 70, 119, 3, 34, 36, 16, 65, 14, 32, 5, 105, 60, 128, 74, 9, 42, 18, 62, 37, 89, 22, 25, 52, 124, 51, 107, 68, 127, 126, 100, 44, 67, 61, 2, 48, 86, 69, 30, 96, 71, 77, 114, 73, 75, 120, 39, 33, 99, 4, 12, 23, 7, 49, 90, 79, 13, 88, 47, 26, 85, 38, 103, 112, 56, 111, 10, 11, 82, 40, 35, 91, 53, 108, 76, 41, 31, 27, 95, 113, 121, 106, 109, 83, 57, 78, 63, 80, 116, 104, 92, 93, 110, 45, 97, 102, 115]
Run 21:
Best OCplx: 2.2615971119593303
Best Sequence: [118, 11, 45, 120, 48, 24, 13, 32, 61, 111, 29, 87, 71, 15, 115, 107, 110, 40, 59, 96, 51, 93, 91, 58, 128, 20, 79, 84, 74, 47, 73, 116, 76, 39, 70, 44, 62, 100, 4, 129, 31, 97, 81, 119, 34, 125, 27, 126, 67, 54, 64, 56, 83, 30, 25, 78, 92, 5, 112, 123, 82, 23, 101, 72, 6, 10, 57, 108, 8, 17, 53, 113, 124, 41, 94, 66, 77, 63, 117, 12, 68, 36, 21, 65, 103, 80, 49, 102, 52, 105, 55, 95, 35, 7, 121, 1, 38, 122, 9, 33, 46, 14, 28, 85, 16, 22, 60, 26, 19, 69, 104, 89, 75, 114, 42, 3, 127, 90, 37, 50, 86, 109, 99, 106, 18, 2, 43, 98, 88]
Run 22:
Best OCplx: 2.2046861064628853
Best Sequence: [65, 118, 26, 124, 16, 41, 58, 60, 51, 76, 87, 27, 47, 8, 78, 128, 59, 49, 68, 34, 50, 72, 4, 19, 54, 13, 2, 37, 22, 57, 126, 96, 84, 93, 109, 63, 56, 33, 119, 79, 28, 9, 44, 62, 71, 38, 74, 83, 121, 123, 116, 105, 25, 29, 20, 70, 66, 98, 122, 103, 48, 40, 5, 102, 23, 113, 18, 55, 104, 43, 3, 89, 117, 12, 82, 86, 31, 67, 7, 85, 97, 112, 45, 46, 21, 90, 39, 99, 52, 10, 17, 125, 111, 91, 69, 77, 95, 88, 100, 35, 114, 108, 106, 11, 64, 53, 80, 73, 36, 107, 6, 42, 75, 92, 94, 101, 1, 129, 115, 30, 14, 15, 120, 32, 81, 24, 110, 61, 127]
Run 23:
Best OCplx: 2.1692991926360268
Best Sequence: [118, 8, 115, 67, 102, 123, 129, 52, 91, 7, 28, 45, 50, 16, 57, 84, 38, 58, 51, 65, 86, 32, 106, 98, 68, 128, 66, 126, 88, 112, 39, 31, 25, 9, 120, 37, 64, 101, 13, 19, 82, 43, 18, 27, 29, 89, 54, 47, 108, 21, 122, 46, 97, 3, 26, 77, 76, 100, 90, 2, 105, 33, 15, 24, 114, 93, 20, 104, 117, 119, 61, 6, 79, 23, 73, 14, 42, 75, 92, 96, 94, 11, 103, 60, 41, 78, 110, 48, 22, 107, 72, 127, 5, 40, 99, 34, 53, 4, 17, 10, 56, 49, 36, 55, 70, 1, 69, 87, 30, 44, 80, 83, 116, 125, 74, 113, 62, 85, 12, 95, 109, 121, 124, 81, 63, 71, 35, 59, 111]
Run 24:
Best OCplx: 2.092855216291536
Best Sequence: [118, 31, 127, 15, 8, 110, 55, 6, 52, 121, 4, 2, 64, 86, 122, 67, 108, 19, 44, 115, 28, 128, 23, 95, 123, 14, 75, 106, 1, 59, 87, 120, 111, 29, 112, 42, 66, 77, 74, 54, 104, 50, 109, 46, 9, 98, 63, 49, 99, 57, 129, 5, 102, 117, 124, 36, 84, 41, 17, 60, 82, 12, 103, 18, 73, 94, 80, 93, 7, 58, 89, 62, 43, 30, 76, 91, 10, 34, 69, 78, 72, 53, 71, 48, 68, 126, 79, 96, 51, 11, 81, 65, 105, 3, 37, 27, 21, 33, 16, 85, 20, 22, 32, 116, 24, 35, 26, 125, 38, 114, 56, 70, 13, 90, 101, 61, 47, 25, 83, 100, 39, 113, 97, 40, 107, 45, 92, 119, 88]
Run 25:
Best OCplx: 2.507997579927756
Best Sequence: [87, 58, 105, 2, 68, 44, 21, 72, 65, 56, 122, 45, 24, 76, 119, 17, 43, 3, 123, 10, 50, 84, 75, 38, 54, 18, 64, 112, 1, 25, 51, 129, 79, 80, 98, 16, 61, 8, 9, 114, 42, 7, 53, 121, 118, 32, 13, 99, 66, 34, 70, 62, 59, 88, 55, 93, 115, 82, 106, 104, 107, 28, 30, 29, 78, 89, 101, 46, 85, 27, 120, 36, 94, 108, 71, 91, 33, 102, 31, 109, 39, 111, 41, 128, 26, 5, 83, 14, 35, 63, 47, 40, 127, 95, 100, 86, 90, 60, 15, 113, 73, 67, 23, 6, 124, 48, 97, 12, 125, 117, 11, 81, 4, 74, 126, 110, 52, 69, 77, 116, 57, 103, 92, 22, 19, 96, 49, 37, 20]
Run 26:
Best OCplx: 2.0278684808279803
Best Sequence: [118, 42, 96, 82, 123, 95, 13, 99, 87, 102, 24, 124, 34, 119, 112, 50, 84, 101, 100, 68, 73, 111, 72, 3, 19, 128, 29, 116, 8, 10, 60, 2, 44, 83, 66, 114, 32, 81, 86, 15, 79, 57, 47, 89, 7, 37, 51, 113, 105, 108, 28, 30, 65, 12, 127, 97, 92, 33, 67, 14, 103, 39, 115, 21, 59, 56, 109, 18, 5, 52, 126, 76, 98, 46, 93, 20, 9, 78, 63, 25, 62, 69, 54, 23, 38, 120, 122, 22, 107, 71, 58, 77, 36, 11, 88, 125, 75, 1, 45, 43, 74, 64, 90, 61, 110, 104, 35, 26, 6, 121, 40, 80, 70, 53, 55, 106, 4, 31, 117, 94, 49, 27, 91, 41, 129, 16, 17, 48, 85]
Run 27:
Best OCplx: 2.4789070501900943
Best Sequence: [118, 75, 40, 50, 129, 7, 126, 37, 48, 105, 36, 68, 51, 9, 13, 123, 43, 3, 119, 62, 79, 113, 45, 93, 10, 52, 32, 125, 33, 44, 64, 88, 70, 38, 104, 116, 69, 27, 30, 71, 55, 94, 111, 56, 77, 107, 39, 53, 41, 60, 2, 34, 112, 11, 16, 61, 80, 128, 57, 5, 84, 100, 24, 95, 96, 102, 22, 54, 4, 124, 29, 46, 115, 83, 106, 8, 47, 82, 28, 23, 6, 20, 1, 87, 67, 12, 42, 109, 81, 91, 101, 110, 85, 25, 90, 103, 21, 121, 26, 98, 122, 65, 73, 74, 18, 108, 17, 78, 76, 114, 99, 19, 66, 35, 86, 97, 72, 120, 89, 15, 92, 59, 127, 58, 117, 49, 63, 31, 14]
Run 28:
Best OCplx: 2.2135755933426116
Best Sequence: [75, 122, 103, 118, 94, 84, 100, 63, 17, 32, 87, 38, 37, 47, 45, 62, 9, 39, 107, 68, 6, 77, 74, 14, 44, 10, 64, 2, 23, 88, 33, 25, 78, 36, 110, 42, 19, 5, 11, 79, 65, 43, 121, 55, 129, 28, 113, 57, 27, 105, 69, 30, 109, 83, 128, 54, 72, 119, 111, 95, 127, 125, 24, 15, 50, 56, 31, 29, 98, 70, 48, 82, 18, 49, 21, 40, 96, 99, 3, 13, 46, 4, 71, 12, 112, 101, 53, 86, 108, 22, 61, 126, 117, 90, 41, 80, 124, 92, 115, 116, 73, 67, 89, 85, 8, 26, 102, 120, 34, 106, 76, 51, 20, 52, 97, 93, 104, 81, 58, 123, 1, 66, 7, 59, 91, 35, 114, 60, 16]
Run 29:
Best OCplx: 2.0989096288258757
Best Sequence: [126, 118, 87, 123, 119, 73, 78, 68, 45, 69, 128, 50, 2, 60, 18, 12, 43, 6, 94, 34, 97, 88, 40, 75, 125, 54, 30, 21, 41, 79, 56, 64, 25, 111, 1, 127, 90, 114, 59, 8, 117, 84, 27, 46, 77, 7, 26, 53, 86, 124, 82, 29, 102, 23, 81, 62, 57, 107, 91, 89, 96, 17, 52, 39, 116, 105, 47, 92, 48, 9, 71, 32, 70, 121, 42, 65, 122, 120, 55, 44, 3, 74, 112, 109, 51, 13, 98, 22, 83, 37, 76, 93, 100, 61, 80, 66, 129, 103, 58, 33, 115, 85, 95, 14, 101, 67, 72, 15, 24, 106, 28, 108, 110, 10, 99, 5, 4, 63, 20, 49, 38, 104, 35, 16, 11, 36, 31, 113, 19]
Run 30:
Best OCplx: 1.9818547900483732
Best Sequence: [117, 53, 8, 76, 31, 33, 29, 9, 62, 18, 129, 104, 118, 87, 102, 73, 55, 71, 4, 84, 7, 16, 82, 115, 116, 59, 58, 125, 70, 26, 34, 3, 81, 94, 47, 52, 88, 67, 23, 61, 21, 51, 41, 24, 12, 97, 90, 43, 28, 22, 63, 109, 95, 74, 92, 128, 44, 110, 119, 65, 121, 50, 66, 64, 105, 39, 48, 37, 56, 10, 15, 6, 46, 103, 68, 40, 36, 54, 27, 2, 11, 25, 98, 49, 101, 60, 85, 75, 91, 114, 89, 122, 108, 80, 5, 113, 106, 72, 100, 35, 79, 38, 123, 120, 42, 99, 77, 14, 30, 32, 111, 45, 17, 107, 20, 127, 1, 86, 124, 13, 78, 126, 69, 112, 83, 96, 57, 19, 93]
