Run 1:
Best OCplx: 2.427798757666063
Best Sequence: [16, 3, 13, 55, 15, 12, 58, 21, 27, 37, 1, 35, 30, 41, 14, 29, 22, 52, 38, 46, 25, 47, 31, 49, 61, 6, 39, 34, 44, 5, 26, 19, 9, 32, 8, 7, 36, 2, 10, 23, 11, 59, 53, 54, 45, 42, 24, 65, 18, 33, 56, 64, 28, 60, 50, 4, 62, 63, 40, 20, 57, 43, 17, 48, 51]
Run 2:
Best OCplx: 2.3423214280590545
Best Sequence: [59, 17, 40, 62, 56, 64, 2, 4, 65, 43, 27, 58, 26, 29, 30, 1, 20, 61, 60, 51, 25, 14, 33, 5, 38, 8, 63, 11, 46, 16, 37, 47, 44, 41, 13, 49, 54, 22, 28, 21, 45, 10, 7, 9, 36, 34, 55, 39, 6, 32, 53, 35, 31, 23, 24, 52, 12, 3, 57, 15, 42, 48, 19, 18, 50]
Run 3:
Best OCplx: 2.481729968099731
Best Sequence: [14, 55, 8, 52, 65, 37, 58, 30, 12, 61, 59, 19, 25, 24, 17, 15, 41, 42, 6, 32, 5, 39, 18, 57, 33, 47, 26, 22, 51, 4, 53, 21, 54, 63, 48, 62, 9, 23, 36, 13, 50, 31, 44, 40, 60, 34, 43, 2, 10, 35, 38, 45, 29, 46, 1, 3, 56, 20, 7, 16, 64, 49, 11, 27, 28]
Run 4:
Best OCplx: 2.228793554849432
Best Sequence: [42, 1, 65, 51, 6, 58, 61, 44, 24, 19, 30, 38, 31, 53, 22, 57, 17, 50, 55, 8, 35, 62, 16, 14, 25, 37, 27, 45, 21, 20, 34, 64, 59, 56, 10, 52, 48, 13, 18, 29, 63, 47, 39, 32, 46, 12, 7, 11, 49, 28, 41, 9, 60, 4, 2, 15, 36, 23, 54, 33, 5, 3, 43, 40, 26]
Run 5:
Best OCplx: 2.1386676150490564
Best Sequence: [64, 30, 43, 44, 15, 13, 65, 45, 54, 4, 27, 58, 2, 16, 22, 32, 14, 53, 37, 42, 8, 52, 59, 55, 23, 47, 41, 26, 7, 12, 9, 6, 31, 56, 46, 17, 35, 19, 39, 61, 21, 25, 48, 28, 20, 49, 33, 57, 36, 24, 29, 34, 62, 63, 50, 11, 40, 38, 51, 1, 18, 3, 60, 10, 5]
Run 6:
Best OCplx: 2.668809830969909
Best Sequence: [60, 48, 38, 4, 64, 58, 7, 62, 55, 42, 20, 59, 53, 35, 27, 61, 40, 45, 14, 65, 63, 46, 22, 16, 15, 30, 12, 3, 49, 57, 13, 44, 54, 31, 33, 24, 36, 10, 21, 8, 28, 9, 34, 41, 52, 11, 29, 47, 26, 51, 5, 1, 25, 18, 17, 39, 50, 2, 43, 19, 37, 32, 6, 56, 23]
Run 7:
Best OCplx: 2.3932058349871186
Best Sequence: [2, 10, 13, 6, 59, 65, 33, 63, 48, 23, 27, 1, 36, 58, 51, 45, 31, 15, 52, 47, 60, 64, 14, 17, 61, 32, 5, 26, 57, 49, 16, 24, 9, 35, 54, 39, 3, 55, 7, 40, 28, 19, 29, 4, 34, 50, 46, 22, 44, 25, 11, 53, 41, 37, 12, 21, 43, 38, 8, 42, 30, 20, 56, 18, 62]
Run 8:
Best OCplx: 2.1246953058401896
Best Sequence: [62, 6, 51, 13, 1, 2, 64, 10, 31, 43, 46, 61, 9, 65, 27, 60, 58, 24, 14, 4, 3, 56, 42, 17, 22, 28, 16, 33, 57, 37, 50, 8, 59, 41, 35, 44, 49, 7, 36, 52, 29, 21, 18, 47, 54, 25, 26, 23, 45, 63, 5, 12, 53, 19, 48, 15, 39, 11, 34, 55, 20, 38, 30, 32, 40]
Run 9:
Best OCplx: 2.2440121468494967
Best Sequence: [37, 65, 12, 33, 4, 58, 28, 62, 9, 22, 14, 20, 3, 61, 39, 46, 6, 10, 52, 54, 30, 2, 8, 34, 16, 50, 27, 53, 18, 44, 64, 47, 7, 45, 17, 40, 21, 56, 13, 41, 49, 51, 42, 63, 24, 26, 11, 55, 31, 43, 15, 48, 59, 60, 57, 25, 32, 29, 35, 1, 23, 19, 36, 5, 38]
Run 10:
Best OCplx: 2.5006083201127693
Best Sequence: [2, 21, 6, 1, 31, 62, 58, 33, 59, 23, 16, 27, 18, 13, 15, 3, 17, 57, 39, 24, 8, 12, 65, 34, 14, 54, 60, 11, 22, 29, 44, 43, 53, 42, 40, 46, 35, 36, 25, 51, 20, 10, 52, 30, 64, 48, 9, 41, 19, 61, 5, 45, 7, 55, 32, 50, 56, 63, 4, 28, 26, 49, 37, 38, 47]
Run 11:
Best OCplx: 2.6482783149525777
Best Sequence: [58, 64, 32, 44, 33, 21, 14, 31, 57, 35, 24, 36, 34, 10, 26, 61, 37, 60, 47, 62, 6, 41, 42, 49, 9, 45, 5, 29, 3, 50, 30, 4, 59, 8, 46, 63, 13, 65, 48, 54, 55, 17, 19, 38, 53, 43, 11, 39, 28, 51, 27, 2, 1, 7, 12, 22, 23, 25, 18, 16, 56, 15, 52, 40, 20]
Run 12:
Best OCplx: 2.5613710223064756
Best Sequence: [46, 35, 16, 33, 56, 65, 54, 58, 3, 25, 4, 52, 47, 24, 51, 10, 22, 20, 43, 28, 48, 34, 14, 57, 62, 17, 30, 50, 64, 7, 13, 27, 5, 2, 36, 32, 61, 42, 15, 38, 19, 39, 37, 9, 29, 41, 26, 63, 6, 45, 40, 49, 18, 59, 8, 53, 11, 21, 60, 12, 31, 1, 23, 44, 55]
Run 13:
Best OCplx: 2.6066557464254605
Best Sequence: [58, 15, 63, 35, 42, 14, 60, 38, 29, 30, 51, 24, 3, 34, 45, 9, 39, 47, 6, 13, 37, 4, 43, 16, 40, 41, 18, 2, 33, 20, 52, 10, 36, 53, 8, 5, 50, 61, 11, 27, 57, 19, 26, 22, 23, 54, 31, 1, 56, 59, 28, 64, 55, 46, 25, 62, 17, 32, 48, 65, 21, 7, 12, 44, 49]
Run 14:
Best OCplx: 2.586468797222785
Best Sequence: [58, 60, 22, 6, 55, 13, 7, 29, 4, 3, 47, 34, 57, 53, 36, 15, 65, 35, 43, 59, 54, 9, 14, 50, 45, 63, 32, 26, 52, 33, 8, 16, 39, 19, 11, 48, 62, 38, 25, 37, 10, 42, 31, 41, 56, 28, 21, 64, 51, 2, 30, 49, 23, 61, 40, 17, 5, 24, 44, 46, 20, 18, 1, 27, 12]
Run 15:
Best OCplx: 1.8135947468988123
Best Sequence: [10, 15, 65, 62, 17, 27, 58, 38, 40, 14, 46, 31, 3, 63, 39, 4, 22, 12, 30, 13, 7, 9, 64, 60, 8, 45, 35, 26, 57, 34, 37, 51, 53, 41, 47, 55, 50, 44, 16, 6, 25, 21, 29, 52, 23, 18, 56, 36, 1, 59, 19, 28, 54, 42, 32, 2, 43, 33, 61, 20, 11, 24, 48, 49, 5]
Run 16:
Best OCplx: 2.513742826962932
Best Sequence: [58, 51, 39, 38, 57, 35, 13, 34, 63, 40, 17, 23, 24, 64, 19, 14, 56, 15, 21, 2, 50, 45, 43, 22, 30, 37, 49, 1, 31, 41, 28, 59, 42, 8, 20, 36, 9, 16, 46, 18, 32, 12, 48, 53, 44, 29, 26, 61, 11, 10, 54, 52, 7, 5, 3, 55, 27, 47, 6, 65, 25, 60, 62, 4, 33]
Run 17:
Best OCplx: 2.3221865936298514
Best Sequence: [13, 45, 59, 36, 17, 18, 65, 14, 23, 2, 27, 58, 8, 9, 16, 47, 61, 20, 34, 26, 52, 31, 6, 39, 49, 37, 25, 42, 12, 28, 63, 33, 15, 4, 38, 19, 11, 60, 53, 10, 21, 51, 35, 24, 22, 30, 48, 57, 54, 55, 62, 3, 7, 56, 1, 40, 41, 50, 5, 32, 43, 64, 29, 44, 46]
Run 18:
Best OCplx: 2.6777105070001843
Best Sequence: [45, 11, 6, 43, 16, 14, 65, 52, 58, 2, 22, 61, 63, 5, 12, 53, 38, 55, 28, 41, 20, 26, 7, 54, 3, 32, 9, 46, 42, 27, 60, 31, 33, 34, 59, 19, 25, 18, 21, 8, 17, 24, 29, 15, 47, 64, 44, 23, 48, 56, 62, 49, 37, 30, 36, 10, 50, 51, 39, 1, 13, 4, 57, 35, 40]
Run 19:
Best OCplx: 2.6616842970578203
Best Sequence: [65, 17, 58, 10, 55, 19, 62, 59, 49, 33, 7, 42, 15, 61, 8, 26, 30, 32, 43, 27, 56, 18, 57, 12, 34, 2, 51, 35, 21, 9, 41, 48, 23, 52, 16, 60, 47, 37, 13, 1, 39, 54, 50, 38, 4, 46, 31, 3, 63, 40, 45, 64, 14, 36, 24, 5, 53, 29, 6, 20, 28, 11, 25, 44, 22]
Run 20:
Best OCplx: 2.4885742432521245
Best Sequence: [10, 21, 1, 42, 13, 16, 29, 9, 65, 27, 4, 49, 50, 58, 24, 26, 60, 8, 33, 11, 19, 22, 53, 31, 15, 7, 25, 45, 48, 23, 63, 54, 12, 40, 34, 28, 41, 57, 61, 5, 32, 52, 20, 37, 3, 46, 6, 55, 64, 36, 14, 59, 62, 38, 56, 35, 2, 39, 44, 30, 51, 17, 47, 43, 18]
Run 21:
Best OCplx: 2.5301801263638515
Best Sequence: [63, 14, 58, 57, 37, 9, 42, 34, 56, 38, 27, 1, 31, 26, 30, 21, 46, 22, 19, 3, 44, 4, 49, 2, 16, 17, 5, 23, 6, 28, 60, 61, 50, 48, 59, 24, 12, 39, 35, 47, 8, 29, 53, 15, 62, 33, 51, 25, 32, 10, 54, 65, 64, 11, 40, 36, 52, 13, 18, 43, 45, 20, 55, 7, 41]
Run 22:
Best OCplx: 2.2294341349632436
Best Sequence: [65, 58, 36, 49, 33, 54, 19, 62, 1, 44, 60, 27, 6, 53, 12, 61, 50, 2, 64, 8, 46, 42, 55, 11, 15, 26, 17, 45, 13, 59, 9, 47, 4, 3, 43, 20, 18, 14, 25, 63, 38, 31, 22, 52, 24, 56, 51, 29, 16, 7, 5, 21, 41, 23, 30, 37, 57, 39, 34, 40, 35, 28, 48, 10, 32]
Run 23:
Best OCplx: 2.585953340111751
Best Sequence: [12, 43, 19, 40, 7, 49, 9, 14, 16, 58, 30, 57, 50, 2, 13, 61, 17, 27, 22, 35, 53, 48, 45, 39, 10, 51, 62, 8, 33, 26, 52, 21, 5, 44, 54, 37, 15, 42, 29, 32, 64, 3, 38, 24, 59, 55, 25, 47, 31, 1, 63, 56, 36, 20, 28, 18, 46, 11, 41, 4, 23, 6, 65, 34, 60]
Run 24:
Best OCplx: 2.423025380247485
Best Sequence: [16, 38, 1, 13, 14, 8, 58, 2, 34, 48, 12, 62, 54, 21, 63, 59, 53, 7, 56, 19, 52, 22, 50, 65, 47, 4, 36, 27, 5, 35, 57, 26, 51, 25, 10, 31, 23, 60, 46, 9, 64, 41, 61, 37, 40, 33, 39, 28, 3, 6, 24, 49, 55, 43, 32, 17, 11, 15, 44, 42, 20, 29, 30, 18, 45]
Run 25:
Best OCplx: 2.4795414603170762
Best Sequence: [58, 35, 22, 31, 2, 27, 7, 43, 61, 42, 16, 52, 38, 20, 29, 41, 51, 64, 62, 28, 15, 36, 12, 30, 60, 56, 47, 46, 1, 9, 40, 37, 13, 32, 18, 26, 63, 45, 50, 53, 49, 14, 44, 21, 11, 34, 33, 17, 3, 54, 23, 5, 6, 24, 39, 65, 59, 4, 19, 57, 8, 25, 55, 10, 48]
Run 26:
Best OCplx: 2.2863793784921533
Best Sequence: [65, 9, 52, 64, 17, 59, 48, 13, 58, 16, 43, 44, 33, 56, 38, 47, 27, 45, 19, 62, 54, 57, 31, 15, 4, 28, 32, 36, 55, 12, 30, 61, 37, 41, 8, 60, 35, 53, 22, 24, 10, 6, 25, 18, 2, 39, 3, 26, 42, 51, 49, 34, 46, 40, 29, 50, 7, 21, 63, 11, 14, 5, 20, 1, 23]
Run 27:
Best OCplx: 2.5488751377600156
Best Sequence: [11, 4, 38, 61, 20, 65, 60, 58, 43, 47, 24, 45, 16, 12, 48, 30, 29, 40, 50, 53, 55, 49, 22, 44, 10, 32, 14, 26, 15, 3, 23, 8, 56, 34, 57, 37, 52, 36, 33, 35, 5, 7, 27, 62, 41, 9, 54, 19, 59, 39, 46, 25, 6, 51, 42, 17, 31, 2, 28, 1, 63, 21, 64, 13, 18]
Run 28:
Best OCplx: 2.3304005798121503
Best Sequence: [15, 63, 1, 10, 47, 43, 31, 17, 65, 2, 62, 58, 39, 14, 64, 53, 5, 20, 54, 19, 36, 55, 24, 51, 37, 11, 42, 46, 16, 27, 23, 26, 52, 35, 13, 9, 48, 25, 30, 32, 50, 22, 3, 12, 61, 28, 41, 40, 60, 45, 57, 34, 38, 8, 29, 49, 56, 6, 44, 33, 21, 7, 18, 4, 59]
Run 29:
Best OCplx: 2.44512241971902
Best Sequence: [48, 61, 11, 31, 64, 13, 32, 54, 65, 14, 18, 58, 63, 33, 28, 59, 27, 15, 3, 38, 9, 47, 2, 6, 4, 56, 17, 55, 23, 50, 25, 12, 22, 35, 19, 57, 21, 49, 52, 42, 8, 60, 26, 51, 41, 39, 24, 5, 43, 20, 36, 34, 1, 7, 46, 29, 45, 40, 37, 10, 44, 53, 62, 30, 16]
Run 30:
Best OCplx: 2.1948491144681395
Best Sequence: [7, 52, 26, 62, 65, 14, 10, 58, 8, 39, 22, 3, 51, 27, 19, 64, 30, 54, 12, 38, 56, 37, 29, 46, 23, 1, 5, 41, 25, 45, 55, 63, 2, 32, 36, 21, 24, 13, 49, 31, 60, 43, 47, 9, 34, 17, 61, 53, 50, 48, 16, 20, 44, 18, 4, 59, 28, 57, 6, 40, 35, 42, 33, 15, 11]
Learning Rate: 1e-05
Epsilon: 0.1
Gamma: 0.99
Reward Version: v6
if_EWM: True

Mean: 2.4162
Min: 1.8136
Max: 2.6777
Std: 0.1946Run 1:
Best OCplx: 2.1499123639646927
Best Sequence: [40, 17, 14, 37, 58, 6, 60, 47, 27, 65, 53, 24, 22, 61, 16, 63, 41, 57, 13, 39, 11, 23, 21, 48, 45, 10, 52, 25, 50, 20, 9, 28, 32, 5, 34, 64, 36, 8, 18, 42, 62, 46, 56, 51, 1, 30, 29, 55, 43, 12, 19, 7, 2, 59, 54, 26, 3, 44, 4, 38, 35, 33, 49, 15, 31]
Run 2:
Best OCplx: 2.226514996261737
Best Sequence: [58, 27, 55, 10, 31, 47, 28, 39, 16, 13, 64, 46, 56, 37, 11, 33, 4, 65, 26, 59, 48, 19, 30, 61, 22, 34, 51, 9, 8, 1, 54, 52, 17, 29, 53, 3, 36, 12, 49, 57, 62, 14, 23, 21, 15, 45, 42, 41, 6, 50, 60, 44, 18, 2, 5, 32, 20, 7, 24, 38, 25, 40, 43, 63, 35]
Run 3:
Best OCplx: 2.1746617195984586
Best Sequence: [45, 13, 1, 25, 43, 63, 24, 14, 65, 11, 58, 27, 15, 56, 8, 50, 20, 29, 53, 22, 2, 40, 57, 49, 34, 30, 23, 41, 36, 44, 39, 33, 28, 21, 7, 46, 10, 4, 42, 62, 61, 52, 6, 12, 18, 35, 48, 38, 3, 47, 31, 26, 16, 32, 64, 37, 54, 17, 59, 19, 55, 5, 51, 9, 60]
Run 4:
Best OCplx: 2.4133877836082993
Best Sequence: [40, 48, 24, 13, 9, 47, 62, 14, 31, 10, 65, 54, 58, 8, 25, 64, 30, 60, 11, 51, 17, 56, 29, 22, 43, 16, 26, 7, 3, 44, 15, 52, 27, 49, 42, 59, 46, 57, 34, 53, 2, 6, 23, 38, 55, 41, 20, 33, 18, 35, 21, 4, 36, 28, 19, 63, 61, 39, 37, 45, 1, 32, 50, 5, 12]
Run 5:
Best OCplx: 2.469064157410483
Best Sequence: [52, 16, 21, 60, 43, 58, 40, 14, 48, 10, 46, 17, 22, 20, 51, 13, 6, 32, 3, 35, 27, 42, 50, 1, 26, 25, 59, 44, 39, 9, 29, 63, 38, 45, 37, 62, 47, 34, 56, 53, 31, 57, 8, 24, 36, 5, 19, 33, 64, 4, 15, 55, 7, 12, 30, 11, 23, 54, 2, 61, 41, 18, 28, 49, 65]
Run 6:
Best OCplx: 2.1524694864063867
Best Sequence: [33, 62, 39, 8, 19, 9, 3, 1, 55, 65, 58, 27, 22, 51, 60, 26, 41, 37, 44, 21, 24, 63, 30, 57, 35, 48, 34, 10, 29, 64, 28, 43, 56, 32, 17, 31, 50, 40, 47, 16, 6, 36, 23, 13, 59, 18, 49, 61, 38, 46, 45, 15, 20, 12, 54, 2, 14, 11, 4, 7, 5, 42, 53, 25, 52]
Run 7:
Best OCplx: 2.4325989194779942
Best Sequence: [29, 14, 5, 37, 59, 58, 65, 30, 6, 50, 24, 22, 10, 31, 46, 64, 8, 52, 63, 3, 17, 61, 2, 51, 28, 4, 27, 41, 60, 49, 44, 39, 7, 35, 18, 21, 62, 1, 15, 40, 26, 34, 54, 9, 19, 33, 45, 55, 42, 11, 48, 36, 25, 53, 23, 12, 47, 16, 43, 38, 57, 20, 56, 32, 13]
