Run 1:
Best OCplx: 4.4819988183584885
Best Sequence: [58, 41, 47, 8, 21, 59, 20, 61, 14, 53, 36, 48, 9, 60, 27, 28, 17, 31, 10, 22, 46, 16, 29, 5, 15, 34, 13, 54, 43, 49, 4, 57, 7, 37, 19, 56, 18, 1, 44, 39, 25, 23, 24, 32, 26, 11, 2, 40, 55, 35, 6, 30, 45, 42, 50, 33, 38, 51, 3, 12, 52]
Run 2:
Best OCplx: 3.9395538812692523
Best Sequence: [28, 31, 36, 21, 8, 43, 61, 13, 17, 23, 37, 27, 46, 45, 39, 15, 59, 30, 44, 58, 47, 60, 26, 29, 4, 11, 5, 34, 49, 24, 10, 14, 9, 25, 19, 6, 40, 53, 55, 16, 7, 20, 2, 57, 18, 1, 35, 54, 22, 56, 48, 32, 51, 3, 42, 33, 12, 50, 52, 41, 38]
Run 3:
Best OCplx: 4.4238021898993285
Best Sequence: [21, 34, 47, 8, 25, 22, 17, 26, 14, 58, 59, 49, 28, 37, 27, 5, 39, 46, 60, 44, 31, 61, 53, 10, 41, 54, 13, 15, 29, 40, 45, 36, 24, 9, 6, 19, 48, 4, 30, 18, 43, 7, 35, 56, 1, 16, 11, 2, 57, 55, 32, 23, 3, 20, 42, 52, 50, 38, 12, 33, 51]
Run 4:
Best OCplx: 3.5819803483262853
Best Sequence: [9, 61, 41, 37, 59, 8, 39, 17, 46, 27, 34, 24, 36, 49, 31, 13, 16, 28, 10, 47, 5, 21, 35, 18, 25, 53, 7, 45, 48, 43, 44, 58, 40, 1, 26, 4, 14, 22, 15, 2, 55, 29, 6, 56, 57, 19, 60, 32, 20, 11, 51, 38, 52, 50, 33, 54, 12, 30, 3, 42, 23]
Run 5:
Best OCplx: 4.679917468322905
Best Sequence: [13, 58, 31, 35, 8, 22, 41, 40, 28, 53, 37, 5, 9, 46, 44, 59, 15, 36, 60, 27, 61, 43, 34, 17, 47, 49, 10, 21, 4, 2, 1, 54, 45, 57, 48, 39, 16, 18, 14, 19, 32, 6, 25, 26, 30, 55, 11, 56, 7, 24, 23, 51, 29, 3, 42, 20, 52, 50, 33, 12, 38]
Run 6:
Best OCplx: 4.756998058230883
Best Sequence: [10, 5, 59, 8, 40, 43, 28, 53, 47, 27, 36, 15, 60, 17, 39, 9, 46, 44, 58, 34, 37, 13, 61, 41, 31, 21, 32, 54, 33, 3, 19, 20, 55, 24, 22, 6, 42, 1, 2, 30, 48, 14, 16, 25, 45, 23, 56, 57, 18, 35, 49, 26, 38, 4, 50, 7, 11, 12, 29, 52, 51]
Run 7:
Best OCplx: 4.500836317053176
Best Sequence: [5, 21, 22, 31, 8, 15, 60, 39, 57, 59, 13, 28, 58, 48, 53, 7, 1, 41, 47, 24, 61, 49, 18, 17, 2, 11, 44, 37, 34, 27, 43, 25, 26, 6, 23, 14, 9, 4, 46, 45, 40, 19, 30, 16, 32, 54, 20, 10, 36, 35, 56, 3, 55, 29, 42, 38, 51, 50, 52, 33, 12]
Run 8:
Best OCplx: 4.529170088571747
Best Sequence: [32, 5, 21, 28, 13, 59, 46, 58, 29, 48, 54, 15, 47, 60, 8, 9, 53, 37, 56, 31, 40, 49, 34, 43, 26, 11, 22, 6, 17, 24, 30, 61, 2, 39, 19, 44, 27, 14, 7, 25, 57, 16, 18, 4, 45, 1, 10, 41, 20, 35, 36, 23, 55, 51, 38, 3, 50, 52, 33, 42, 12]
Run 9:
Best OCplx: 4.502476625454877
Best Sequence: [21, 10, 39, 37, 48, 60, 36, 7, 61, 45, 59, 46, 8, 31, 40, 28, 9, 58, 44, 13, 27, 15, 47, 22, 41, 34, 5, 17, 49, 23, 26, 53, 16, 43, 11, 4, 35, 29, 1, 24, 30, 56, 18, 32, 54, 19, 6, 57, 55, 2, 12, 3, 25, 14, 20, 51, 33, 42, 52, 50, 38]
Run 10:
Best OCplx: 3.8117454337052123
Best Sequence: [46, 36, 5, 37, 13, 47, 53, 61, 49, 17, 8, 9, 28, 44, 40, 22, 58, 57, 27, 34, 59, 21, 43, 15, 4, 16, 31, 39, 45, 41, 35, 48, 29, 6, 24, 60, 18, 55, 54, 11, 32, 20, 52, 56, 2, 23, 50, 42, 19, 51, 26, 30, 38, 33, 10, 25, 14, 1, 7, 12, 3]
Run 11:
Best OCplx: 3.7258721343035286
Best Sequence: [8, 44, 61, 5, 9, 46, 37, 13, 21, 27, 31, 59, 15, 49, 6, 39, 17, 10, 1, 53, 40, 36, 60, 34, 28, 48, 29, 14, 11, 47, 22, 7, 41, 26, 35, 58, 43, 24, 30, 4, 19, 16, 45, 54, 2, 56, 25, 18, 23, 57, 3, 52, 32, 20, 55, 51, 50, 38, 12, 42, 33]
Run 12:
Best OCplx: 4.2114631644526135
Best Sequence: [11, 58, 13, 17, 10, 37, 27, 15, 46, 9, 43, 8, 36, 5, 34, 40, 60, 31, 47, 21, 59, 22, 49, 41, 44, 53, 26, 39, 7, 30, 48, 2, 56, 1, 54, 35, 6, 32, 55, 45, 61, 24, 19, 16, 18, 20, 4, 38, 42, 57, 51, 12, 3, 52, 14, 33, 28, 25, 23, 29, 50]
Run 13:
Best OCplx: 4.225462010210022
Best Sequence: [44, 28, 8, 36, 21, 7, 58, 4, 60, 6, 17, 34, 59, 31, 61, 13, 32, 53, 37, 10, 39, 15, 16, 40, 27, 49, 41, 14, 5, 47, 23, 19, 22, 46, 18, 9, 43, 24, 57, 45, 2, 56, 54, 26, 48, 35, 30, 1, 25, 11, 20, 3, 55, 42, 50, 12, 51, 38, 29, 52, 33]
Run 14:
Best OCplx: 4.630593572147022
Best Sequence: [34, 47, 31, 46, 61, 22, 13, 21, 37, 16, 8, 24, 15, 48, 17, 39, 18, 9, 44, 53, 41, 5, 14, 56, 59, 45, 11, 25, 7, 1, 40, 28, 23, 49, 2, 6, 60, 4, 57, 58, 10, 29, 54, 43, 30, 32, 36, 35, 27, 19, 20, 42, 3, 55, 26, 38, 33, 52, 50, 12, 51]
Run 15:
Best OCplx: 4.5508788165164065
Best Sequence: [61, 5, 47, 60, 21, 9, 44, 31, 16, 13, 28, 43, 46, 22, 53, 15, 59, 18, 25, 34, 36, 40, 58, 54, 29, 39, 8, 17, 27, 10, 14, 30, 49, 11, 37, 7, 41, 35, 57, 4, 23, 6, 45, 1, 19, 48, 3, 56, 26, 2, 55, 32, 24, 33, 52, 38, 42, 20, 50, 51, 12]
Run 16:
Best OCplx: 4.327793689592827
Best Sequence: [27, 43, 44, 5, 59, 21, 47, 49, 53, 34, 22, 24, 35, 7, 60, 30, 17, 8, 15, 31, 13, 46, 36, 61, 45, 58, 37, 28, 48, 6, 19, 26, 18, 23, 4, 56, 54, 25, 10, 16, 9, 1, 39, 40, 29, 11, 41, 32, 12, 2, 55, 57, 14, 3, 52, 38, 20, 51, 42, 50, 33]
Run 17:
Best OCplx: 3.0845829588087925
Best Sequence: [5, 28, 40, 61, 46, 59, 17, 8, 60, 47, 13, 21, 34, 27, 22, 31, 36, 10, 23, 30, 18, 26, 58, 49, 25, 32, 19, 33, 35, 43, 29, 39, 55, 54, 56, 41, 9, 2, 14, 42, 4, 37, 16, 3, 57, 11, 48, 15, 24, 38, 45, 6, 52, 44, 50, 20, 7, 51, 53, 12, 1]
Run 18:
Best OCplx: 4.656371187525558
Best Sequence: [9, 21, 17, 8, 54, 37, 5, 27, 44, 46, 43, 60, 10, 31, 57, 53, 24, 25, 56, 28, 40, 36, 35, 14, 30, 58, 59, 49, 29, 7, 23, 41, 22, 2, 13, 34, 18, 48, 45, 47, 16, 6, 61, 26, 11, 4, 15, 42, 19, 1, 55, 39, 32, 20, 3, 12, 38, 33, 52, 51, 50]
Run 19:
Best OCplx: 3.350044760550309
Best Sequence: [5, 43, 27, 34, 21, 25, 13, 15, 53, 36, 9, 58, 59, 61, 46, 45, 8, 31, 49, 35, 30, 41, 39, 47, 37, 40, 17, 54, 11, 14, 10, 26, 16, 23, 6, 22, 48, 18, 19, 60, 2, 57, 32, 24, 7, 29, 20, 44, 1, 28, 55, 52, 4, 42, 56, 51, 50, 12, 38, 3, 33]
Run 20:
Best OCplx: 4.4011832354111995
Best Sequence: [53, 43, 49, 9, 47, 34, 44, 13, 40, 59, 31, 39, 60, 27, 61, 10, 17, 36, 8, 22, 5, 21, 57, 2, 46, 37, 58, 18, 55, 16, 35, 25, 23, 15, 48, 38, 6, 28, 11, 56, 52, 4, 33, 14, 29, 26, 32, 51, 41, 19, 1, 7, 12, 20, 42, 50, 24, 30, 54, 45, 3]
Run 21:
Best OCplx: 5.4503375392394835
Best Sequence: [28, 59, 60, 15, 22, 31, 44, 9, 10, 34, 39, 40, 49, 53, 61, 17, 27, 36, 41, 47, 58, 43, 37, 46, 13, 5, 8, 25, 21, 7, 55, 32, 48, 11, 14, 18, 45, 38, 23, 29, 19, 57, 4, 6, 35, 54, 30, 16, 3, 12, 42, 20, 52, 2, 50, 1, 33, 24, 51, 56, 26]
Run 22:
Best OCplx: 5.1983363117843755
Best Sequence: [21, 27, 61, 8, 45, 31, 2, 41, 9, 39, 15, 58, 22, 53, 23, 37, 60, 46, 13, 36, 43, 17, 49, 47, 59, 44, 14, 30, 7, 24, 26, 28, 34, 56, 10, 25, 40, 57, 18, 4, 5, 19, 6, 16, 48, 11, 35, 55, 32, 3, 54, 1, 20, 29, 42, 51, 33, 38, 50, 12, 52]
Run 23:
Best OCplx: 4.060822972381456
Best Sequence: [49, 8, 21, 25, 61, 47, 23, 40, 15, 27, 9, 37, 36, 58, 39, 28, 43, 34, 31, 29, 17, 5, 45, 59, 13, 10, 48, 53, 44, 41, 35, 54, 16, 56, 30, 11, 19, 6, 14, 22, 7, 46, 57, 55, 1, 2, 20, 26, 24, 32, 4, 60, 18, 51, 12, 42, 3, 38, 50, 33, 52]
Run 24:
Best OCplx: 3.304191297615551
Best Sequence: [21, 5, 30, 35, 8, 7, 25, 59, 60, 36, 27, 46, 15, 53, 58, 20, 10, 23, 11, 44, 54, 34, 13, 39, 31, 47, 9, 17, 6, 18, 4, 28, 41, 48, 1, 14, 56, 22, 49, 16, 40, 19, 29, 61, 43, 45, 32, 26, 55, 37, 51, 42, 38, 57, 24, 12, 50, 33, 3, 52, 2]
Run 25:
Best OCplx: 6.385938775739223
Best Sequence: [37, 43, 21, 3, 41, 27, 19, 15, 5, 28, 8, 44, 59, 47, 14, 58, 31, 9, 7, 40, 35, 49, 10, 29, 30, 25, 13, 36, 2, 61, 34, 4, 22, 26, 60, 23, 46, 45, 56, 11, 18, 1, 39, 57, 24, 16, 17, 6, 55, 54, 53, 48, 32, 20, 42, 51, 50, 12, 38, 33, 52]
Run 26:
Best OCplx: 4.297162366355508
Best Sequence: [8, 9, 26, 59, 31, 21, 15, 7, 39, 46, 40, 27, 17, 28, 22, 58, 14, 37, 30, 56, 44, 34, 6, 24, 11, 13, 43, 47, 53, 35, 18, 41, 29, 45, 1, 25, 5, 60, 10, 36, 49, 4, 57, 2, 48, 16, 61, 54, 19, 20, 23, 32, 55, 3, 38, 52, 42, 33, 50, 51, 12]
Run 27:
Best OCplx: 3.7883215465070266
Best Sequence: [31, 49, 44, 46, 8, 15, 36, 58, 53, 43, 9, 34, 40, 60, 5, 41, 37, 21, 59, 45, 18, 61, 28, 11, 47, 35, 56, 24, 22, 17, 54, 29, 10, 1, 16, 57, 14, 13, 27, 48, 25, 19, 23, 55, 39, 2, 3, 4, 51, 7, 30, 38, 6, 32, 26, 42, 12, 50, 52, 20, 33]
Run 28:
Best OCplx: 4.603894816545094
Best Sequence: [47, 21, 46, 17, 16, 6, 39, 8, 49, 23, 7, 61, 43, 13, 15, 28, 9, 11, 31, 27, 41, 5, 58, 10, 36, 44, 22, 30, 40, 53, 59, 37, 26, 60, 57, 34, 14, 25, 45, 4, 54, 29, 19, 24, 56, 35, 48, 1, 18, 2, 55, 32, 33, 42, 50, 12, 3, 51, 38, 52, 20]
Run 29:
Best OCplx: 4.569026555492343
Best Sequence: [40, 17, 49, 31, 28, 53, 9, 15, 61, 8, 13, 27, 5, 59, 34, 47, 46, 10, 58, 21, 60, 7, 25, 55, 44, 45, 35, 36, 39, 30, 56, 33, 32, 4, 6, 20, 50, 37, 23, 22, 43, 19, 2, 24, 38, 12, 26, 29, 3, 48, 18, 14, 51, 57, 11, 1, 41, 52, 54, 42, 16]
Run 30:
Best OCplx: 4.257592367088028
Best Sequence: [8, 21, 57, 15, 29, 22, 34, 39, 31, 43, 41, 13, 46, 17, 56, 54, 61, 58, 10, 49, 44, 28, 9, 19, 14, 30, 59, 40, 47, 53, 16, 24, 1, 60, 18, 48, 11, 37, 4, 27, 36, 23, 5, 26, 25, 6, 3, 32, 7, 2, 20, 45, 35, 55, 50, 42, 38, 52, 51, 33, 12]
