Run 1:
Best OCplx: 2.284318051479046
Best Sequence: [20, 11, 17, 9, 18, 22, 14, 13, 1, 8, 19, 6, 2, 7, 4, 21, 5, 12, 23, 16, 3, 10, 15]
Run 2:
Best OCplx: 2.1135564307948553
Best Sequence: [7, 9, 20, 2, 10, 8, 17, 1, 4, 11, 5, 16, 22, 18, 3, 23, 13, 6, 14, 19, 15, 12, 21]
Run 3:
Best OCplx: 2.11676497479753
Best Sequence: [18, 16, 6, 7, 22, 9, 8, 13, 23, 5, 2, 1, 11, 10, 3, 4, 17, 20, 14, 19, 21, 15, 12]
Run 4:
Best OCplx: 1.98499156148821
Best Sequence: [22, 5, 17, 9, 6, 10, 8, 2, 1, 7, 20, 11, 3, 13, 16, 4, 18, 14, 19, 15, 12, 21, 23]
Run 5:
Best OCplx: 2.3668194203474684
Best Sequence: [3, 5, 17, 10, 18, 4, 1, 7, 12, 20, 23, 22, 8, 6, 13, 2, 11, 14, 19, 21, 16, 9, 15]
Run 6:
Best OCplx: 2.1135564307948553
Best Sequence: [11, 9, 1, 6, 16, 2, 4, 22, 18, 20, 3, 10, 23, 17, 7, 8, 5, 13, 14, 19, 15, 12, 21]
Run 7:
Best OCplx: 2.11676497479753
Best Sequence: [8, 18, 5, 17, 23, 4, 13, 6, 9, 20, 22, 16, 1, 11, 2, 14, 10, 19, 21, 7, 3, 15, 12]
Run 8:
Best OCplx: 2.032105708457874
Best Sequence: [4, 8, 7, 23, 18, 6, 10, 16, 22, 5, 13, 20, 2, 11, 1, 9, 14, 19, 12, 17, 3, 21, 15]
Run 9:
Best OCplx: 2.1135564307948553
Best Sequence: [10, 16, 5, 6, 11, 8, 20, 17, 1, 2, 7, 23, 9, 22, 4, 13, 18, 3, 14, 19, 15, 12, 21]
Run 10:
Best OCplx: 2.1135564307948553
Best Sequence: [10, 5, 18, 22, 9, 23, 1, 3, 16, 8, 20, 4, 6, 13, 17, 7, 2, 14, 19, 15, 12, 11, 21]
Run 11:
Best OCplx: 2.1135564307948553
Best Sequence: [8, 17, 13, 22, 1, 18, 7, 20, 3, 5, 2, 6, 9, 16, 11, 10, 4, 23, 14, 19, 15, 12, 21]
Run 12:
Best OCplx: 1.8821133609334548
Best Sequence: [10, 11, 22, 13, 2, 17, 20, 9, 4, 5, 18, 6, 14, 7, 19, 16, 8, 1, 12, 3, 21, 15, 23]
Run 13:
Best OCplx: 2.1135564307948553
Best Sequence: [8, 16, 9, 7, 4, 6, 5, 20, 10, 11, 1, 3, 22, 13, 18, 17, 2, 23, 14, 19, 15, 12, 21]
Run 14:
Best OCplx: 2.11676497479753
Best Sequence: [20, 11, 7, 4, 8, 13, 3, 1, 9, 10, 5, 6, 22, 2, 18, 16, 17, 23, 14, 19, 21, 15, 12]
Run 15:
Best OCplx: 2.3453919421296936
Best Sequence: [10, 4, 20, 2, 5, 18, 9, 17, 19, 11, 13, 16, 14, 23, 3, 12, 7, 8, 22, 6, 21, 1, 15]
Run 16:
Best OCplx: 1.9678232738045514
Best Sequence: [7, 11, 18, 8, 6, 22, 10, 20, 4, 3, 14, 19, 5, 12, 9, 1, 21, 2, 17, 23, 13, 15, 16]
Run 17:
Best OCplx: 1.787388579930068
Best Sequence: [11, 22, 9, 2, 16, 13, 5, 18, 20, 7, 3, 14, 21, 8, 1, 19, 23, 4, 17, 10, 15, 6, 12]
Run 18:
Best OCplx: 2.4086237302515756
Best Sequence: [5, 17, 9, 18, 11, 7, 20, 8, 19, 4, 13, 22, 14, 1, 16, 2, 3, 21, 15, 23, 10, 6, 12]
Run 19:
Best OCplx: 2.469697620902224
Best Sequence: [8, 1, 13, 10, 4, 3, 6, 18, 2, 22, 11, 16, 17, 20, 7, 23, 19, 5, 14, 15, 12, 9, 21]
Run 20:
Best OCplx: 2.1135564307948553
Best Sequence: [3, 11, 22, 16, 6, 9, 18, 2, 7, 17, 4, 20, 8, 13, 1, 5, 23, 10, 14, 19, 15, 12, 21]
Run 21:
Best OCplx: 1.8606858827156805
Best Sequence: [11, 13, 20, 6, 16, 17, 9, 22, 3, 18, 5, 1, 14, 2, 8, 19, 12, 4, 10, 21, 23, 7, 15]
Run 22:
Best OCplx: 2.1135564307948553
Best Sequence: [10, 1, 11, 9, 6, 8, 18, 22, 5, 13, 7, 17, 16, 2, 20, 3, 4, 23, 14, 19, 15, 12, 21]
Run 23:
Best OCplx: 2.1135564307948553
Best Sequence: [6, 13, 11, 5, 10, 8, 1, 18, 22, 23, 16, 17, 2, 4, 9, 3, 7, 20, 14, 19, 15, 12, 21]
Run 24:
Best OCplx: 2.1135564307948553
Best Sequence: [18, 3, 5, 10, 23, 1, 20, 13, 17, 16, 22, 11, 2, 9, 14, 19, 15, 4, 12, 21, 6, 7, 8]
Run 25:
Best OCplx: 2.1135564307948553
Best Sequence: [6, 4, 18, 3, 17, 9, 2, 20, 22, 23, 7, 10, 16, 11, 8, 5, 1, 13, 14, 19, 15, 12, 21]
Run 26:
Best OCplx: 2.1135564307948553
Best Sequence: [6, 9, 2, 11, 23, 22, 8, 17, 3, 13, 4, 10, 16, 20, 18, 7, 1, 5, 14, 19, 15, 12, 21]
Run 27:
Best OCplx: 2.11676497479753
Best Sequence: [7, 2, 5, 17, 3, 16, 18, 8, 4, 9, 6, 23, 20, 13, 1, 10, 22, 11, 14, 19, 21, 15, 12]
Run 28:
Best OCplx: 2.031055061926433
Best Sequence: [2, 16, 9, 8, 18, 13, 11, 20, 5, 7, 14, 19, 1, 17, 3, 22, 21, 10, 4, 15, 6, 12, 23]
Run 29:
Best OCplx: 2.8765832210304128
Best Sequence: [20, 1, 16, 17, 8, 13, 7, 19, 14, 5, 9, 15, 2, 12, 18, 11, 6, 22, 21, 3, 23, 10, 4]
Run 30:
Best OCplx: 2.1135564307948553
Best Sequence: [11, 23, 7, 5, 16, 18, 2, 3, 17, 9, 20, 8, 13, 10, 22, 1, 6, 4, 14, 19, 15, 12, 21]
