Run 1:
Best OCplx: 3.0359342013639896
Best Sequence: [16, 10, 3, 20, 7, 8, 2, 5, 25, 4, 12, 9, 15, 6, 24, 21, 1, 14, 22, 11, 19, 23, 13, 17, 18]
Run 2:
Best OCplx: 2.704247410141466
Best Sequence: [15, 3, 16, 4, 17, 21, 2, 9, 20, 6, 1, 19, 10, 12, 24, 18, 14, 5, 25, 8, 22, 7, 13, 11, 23]
Run 3:
Best OCplx: 3.4820779407076303
Best Sequence: [16, 10, 1, 17, 23, 22, 3, 20, 2, 24, 5, 19, 7, 8, 12, 15, 6, 13, 18, 14, 21, 11, 9, 25, 4]
Run 4:
Best OCplx: 2.9679890522850108
Best Sequence: [8, 16, 7, 17, 1, 11, 2, 3, 12, 23, 4, 13, 15, 19, 22, 10, 9, 21, 20, 24, 14, 18, 6, 25, 5]
Run 5:
Best OCplx: 3.1194457984830373
Best Sequence: [16, 17, 4, 19, 20, 8, 14, 24, 10, 12, 21, 2, 1, 9, 3, 23, 11, 6, 15, 5, 18, 22, 7, 13, 25]
Run 6:
Best OCplx: 3.3366525474179385
Best Sequence: [15, 24, 23, 4, 3, 16, 12, 19, 20, 7, 6, 10, 5, 21, 13, 17, 22, 14, 1, 8, 9, 2, 18, 11, 25]
Run 7:
Best OCplx: 3.156403559101348
Best Sequence: [8, 16, 10, 22, 21, 9, 19, 7, 15, 3, 23, 2, 1, 12, 25, 24, 6, 17, 18, 14, 5, 4, 20, 13, 11]
Run 8:
Best OCplx: 3.326197898134152
Best Sequence: [14, 16, 8, 3, 12, 20, 4, 22, 19, 23, 21, 9, 1, 18, 24, 7, 15, 17, 2, 5, 11, 10, 6, 25, 13]
Run 9:
Best OCplx: 3.093418317751125
Best Sequence: [16, 14, 5, 3, 10, 19, 24, 22, 21, 23, 20, 12, 7, 4, 2, 9, 15, 11, 13, 1, 18, 8, 17, 6, 25]
Run 10:
Best OCplx: 3.085294025348945
Best Sequence: [16, 3, 10, 12, 19, 1, 8, 11, 18, 20, 17, 22, 2, 23, 21, 14, 9, 25, 13, 24, 6, 15, 5, 7, 4]
Run 11:
Best OCplx: 3.2553495901499243
Best Sequence: [16, 3, 9, 25, 19, 20, 8, 21, 1, 13, 2, 6, 12, 11, 10, 4, 15, 7, 23, 18, 5, 14, 22, 17, 24]
Run 12:
Best OCplx: 3.2136742122509485
Best Sequence: [16, 23, 7, 8, 10, 2, 3, 1, 17, 19, 15, 5, 24, 6, 21, 9, 18, 11, 4, 14, 13, 22, 12, 20, 25]
Run 13:
Best OCplx: 3.3522146759892233
Best Sequence: [3, 16, 21, 15, 2, 22, 4, 5, 12, 25, 20, 14, 10, 9, 13, 19, 17, 11, 7, 18, 6, 23, 24, 1, 8]
Run 14:
Best OCplx: 2.7352843437341905
Best Sequence: [16, 3, 10, 1, 5, 23, 20, 8, 21, 2, 4, 25, 17, 14, 7, 18, 11, 19, 12, 6, 9, 15, 24, 13, 22]
Run 15:
Best OCplx: 3.1774037053169097
Best Sequence: [16, 3, 11, 7, 19, 10, 22, 2, 4, 15, 5, 21, 13, 6, 20, 25, 1, 8, 14, 23, 12, 9, 17, 24, 18]
Run 16:
Best OCplx: 3.2621975459009573
Best Sequence: [16, 5, 3, 19, 17, 7, 13, 15, 10, 23, 8, 2, 22, 9, 25, 12, 4, 6, 21, 24, 20, 1, 14, 11, 18]
Run 17:
Best OCplx: 3.3556905592166855
Best Sequence: [4, 2, 9, 16, 12, 14, 11, 10, 15, 3, 20, 17, 21, 1, 22, 5, 19, 25, 24, 7, 13, 23, 6, 18, 8]
Run 18:
Best OCplx: 3.2347899198958108
Best Sequence: [19, 14, 5, 3, 15, 11, 4, 9, 16, 12, 20, 17, 23, 2, 22, 10, 21, 18, 1, 7, 24, 6, 8, 13, 25]
Run 19:
Best OCplx: 3.3750815482012193
Best Sequence: [4, 8, 19, 12, 15, 11, 5, 3, 16, 13, 21, 2, 9, 25, 14, 6, 7, 23, 10, 24, 20, 17, 1, 18, 22]
Run 20:
Best OCplx: 3.0233627242585883
Best Sequence: [16, 15, 24, 20, 3, 23, 8, 19, 2, 4, 1, 7, 11, 10, 22, 12, 5, 9, 6, 14, 21, 13, 18, 17, 25]
Run 21:
Best OCplx: 2.8377215896901915
Best Sequence: [16, 19, 20, 5, 2, 21, 10, 14, 4, 17, 3, 6, 9, 24, 22, 7, 13, 23, 18, 8, 25, 1, 11, 12, 15]
Run 22:
Best OCplx: 3.4983181036994635
Best Sequence: [12, 1, 16, 3, 23, 8, 22, 2, 7, 14, 21, 4, 17, 25, 6, 19, 10, 11, 5, 20, 15, 24, 9, 18, 13]
Run 23:
Best OCplx: 3.1693145010112906
Best Sequence: [15, 22, 16, 5, 12, 9, 6, 3, 1, 20, 21, 10, 2, 7, 19, 23, 8, 17, 4, 14, 13, 25, 11, 18, 24]
Run 24:
Best OCplx: 3.417061247646311
Best Sequence: [16, 19, 3, 9, 10, 5, 23, 15, 11, 7, 20, 8, 1, 6, 22, 17, 25, 12, 2, 24, 21, 18, 4, 13, 14]
Run 25:
Best OCplx: 3.0570918859961305
Best Sequence: [9, 15, 16, 2, 22, 20, 8, 7, 4, 12, 5, 25, 10, 1, 17, 3, 14, 21, 18, 23, 11, 19, 6, 24, 13]
Run 26:
Best OCplx: 3.486849449788618
Best Sequence: [4, 16, 24, 23, 9, 14, 7, 12, 1, 3, 11, 13, 2, 15, 6, 8, 22, 10, 25, 19, 20, 5, 17, 21, 18]
Run 27:
Best OCplx: 2.8434731408860197
Best Sequence: [16, 17, 11, 19, 5, 3, 6, 20, 12, 7, 10, 22, 21, 2, 1, 13, 23, 4, 14, 25, 24, 15, 9, 8, 18]
Run 28:
Best OCplx: 3.040286540685483
Best Sequence: [8, 16, 19, 3, 20, 2, 15, 9, 5, 23, 17, 1, 11, 21, 18, 4, 6, 14, 12, 10, 24, 25, 7, 22, 13]
Run 29:
Best OCplx: 2.885021170203547
Best Sequence: [12, 8, 16, 3, 7, 19, 4, 10, 20, 17, 2, 6, 25, 22, 24, 5, 15, 1, 14, 18, 13, 9, 23, 21, 11]
Run 30:
Best OCplx: 2.9049582134690546
Best Sequence: [16, 12, 4, 8, 10, 2, 3, 21, 19, 17, 9, 1, 11, 20, 6, 23, 7, 25, 5, 15, 14, 22, 24, 13, 18]
UPDATE_GLOBAL_ITER: 200
GAMMA: 0.99
MAX_EP: 3000
thread_count: 3
RL: 5e-05
if_EWM: False

