Run 1:
Best OCplx: 1.7016786670589714
Best Sequence: [22, 17, 18, 3, 9, 13, 16, 8, 7, 4, 10, 6, 2, 20, 14, 21, 19, 15, 1, 5, 11, 12, 23]
Run 2:
Best OCplx: 2.0064190397059845
Best Sequence: [1, 3, 22, 6, 10, 20, 8, 11, 13, 2, 17, 18, 14, 9, 7, 19, 5, 16, 15, 12, 21, 4, 23]
Run 3:
Best OCplx: 1.98499156148821
Best Sequence: [9, 18, 20, 11, 13, 16, 7, 17, 10, 2, 6, 8, 1, 22, 5, 14, 4, 19, 15, 12, 21, 23, 3]
Run 4:
Best OCplx: 1.98499156148821
Best Sequence: [20, 1, 5, 9, 6, 10, 16, 11, 2, 18, 7, 3, 17, 4, 22, 13, 14, 8, 19, 15, 12, 21, 23]
Run 5:
Best OCplx: 1.98499156148821
Best Sequence: [17, 10, 8, 9, 1, 22, 4, 13, 5, 20, 2, 6, 7, 3, 16, 11, 18, 14, 19, 15, 12, 21, 23]
Run 6:
Best OCplx: 1.7016786670589714
Best Sequence: [11, 10, 9, 17, 20, 13, 7, 5, 18, 22, 8, 16, 14, 2, 21, 19, 15, 1, 6, 4, 12, 3, 23]
Run 7:
Best OCplx: 1.7231061452767453
Best Sequence: [20, 18, 9, 22, 3, 7, 5, 8, 17, 2, 11, 13, 14, 21, 1, 4, 19, 10, 15, 16, 12, 6, 23]
Run 8:
Best OCplx: 2.0064190397059845
Best Sequence: [20, 10, 3, 1, 11, 18, 17, 13, 22, 14, 16, 19, 15, 4, 2, 12, 9, 6, 5, 8, 21, 7, 23]
Run 9:
Best OCplx: 1.9882001054908849
Best Sequence: [16, 3, 4, 9, 6, 7, 10, 20, 11, 17, 22, 13, 5, 18, 1, 2, 14, 8, 19, 21, 15, 12, 23]
Run 10:
Best OCplx: 2.3657687738160273
Best Sequence: [1, 7, 20, 22, 2, 4, 8, 3, 13, 9, 18, 5, 17, 19, 14, 21, 15, 6, 16, 10, 12, 23, 11]
Run 11:
Best OCplx: 1.9882001054908849
Best Sequence: [8, 20, 5, 6, 9, 18, 16, 17, 4, 10, 3, 1, 7, 13, 2, 14, 22, 19, 21, 15, 12, 23, 11]
Run 12:
Best OCplx: 1.9882001054908849
Best Sequence: [1, 4, 17, 11, 3, 8, 16, 10, 20, 18, 2, 6, 7, 13, 22, 9, 5, 14, 19, 21, 15, 12, 23]
Run 13:
Best OCplx: 1.98499156148821
Best Sequence: [11, 16, 17, 20, 8, 2, 3, 22, 10, 5, 1, 7, 13, 18, 9, 6, 4, 14, 19, 15, 12, 21, 23]
Run 14:
Best OCplx: 2.031055061926433
Best Sequence: [10, 11, 4, 9, 17, 18, 8, 3, 7, 22, 6, 13, 1, 16, 20, 14, 2, 19, 5, 21, 23, 15, 12]
Run 15:
Best OCplx: 1.9882001054908849
Best Sequence: [4, 20, 22, 8, 13, 18, 16, 17, 9, 14, 6, 19, 21, 15, 12, 10, 5, 7, 1, 2, 3, 23, 11]
Run 16:
Best OCplx: 1.7445336234945197
Best Sequence: [13, 4, 5, 3, 10, 6, 17, 2, 1, 8, 9, 16, 22, 18, 7, 11, 20, 14, 21, 19, 23, 15, 12]
Run 17:
Best OCplx: 1.98499156148821
Best Sequence: [17, 16, 9, 18, 2, 20, 8, 3, 1, 4, 11, 6, 13, 5, 14, 19, 7, 22, 10, 15, 12, 21, 23]
Run 18:
Best OCplx: 1.98499156148821
Best Sequence: [20, 16, 18, 17, 13, 5, 9, 1, 14, 3, 11, 8, 7, 22, 4, 19, 10, 2, 6, 15, 12, 21, 23]
Run 19:
Best OCplx: 2.0278465179237584
Best Sequence: [8, 20, 1, 17, 11, 16, 18, 9, 3, 6, 5, 2, 7, 14, 22, 19, 13, 15, 4, 12, 21, 10, 23]
Run 20:
Best OCplx: 1.98499156148821
Best Sequence: [2, 9, 22, 3, 20, 11, 17, 8, 1, 16, 18, 13, 4, 6, 5, 7, 14, 19, 15, 12, 10, 21, 23]
Run 21:
Best OCplx: 2.031055061926433
Best Sequence: [13, 9, 22, 18, 11, 16, 8, 17, 2, 20, 3, 7, 10, 6, 4, 14, 1, 5, 19, 21, 23, 15, 12]
Run 22:
Best OCplx: 2.170097184332445
Best Sequence: [10, 4, 13, 2, 11, 22, 20, 8, 16, 17, 9, 1, 5, 7, 14, 19, 21, 18, 6, 15, 12, 23, 3]
Run 23:
Best OCplx: 1.7231061452767453
Best Sequence: [17, 3, 11, 20, 13, 9, 2, 4, 18, 8, 5, 10, 7, 6, 14, 22, 1, 16, 21, 19, 15, 12, 23]
Run 24:
Best OCplx: 2.0278465179237584
Best Sequence: [16, 11, 9, 7, 3, 10, 18, 20, 13, 8, 1, 14, 6, 22, 19, 2, 15, 17, 5, 12, 21, 23, 4]
Run 25:
Best OCplx: 1.7016786670589714
Best Sequence: [7, 5, 16, 3, 8, 20, 17, 18, 22, 11, 6, 13, 1, 2, 4, 14, 10, 9, 21, 19, 15, 12, 23]
Run 26:
Best OCplx: 1.9882001054908849
Best Sequence: [5, 20, 7, 18, 11, 3, 2, 1, 4, 13, 10, 9, 16, 17, 14, 22, 6, 8, 19, 21, 15, 12, 23]
Run 27:
Best OCplx: 2.031055061926433
Best Sequence: [13, 18, 9, 4, 20, 8, 22, 2, 16, 7, 10, 5, 17, 3, 6, 11, 1, 14, 19, 21, 23, 15, 12]
Run 28:
Best OCplx: 2.031055061926433
Best Sequence: [7, 1, 20, 17, 18, 4, 8, 13, 6, 9, 5, 22, 16, 14, 10, 19, 21, 15, 11, 2, 23, 3, 12]
Run 29:
Best OCplx: 1.9882001054908849
Best Sequence: [8, 6, 16, 20, 3, 10, 9, 1, 4, 5, 11, 13, 17, 7, 18, 22, 14, 19, 2, 21, 15, 12, 23]
Run 30:
Best OCplx: 1.9882001054908849
Best Sequence: [18, 17, 10, 9, 16, 2, 6, 20, 1, 3, 4, 5, 13, 11, 22, 8, 14, 19, 7, 21, 15, 12, 23]
