Run 1:
Best OCplx: 5.13990851135116
Best Sequence: [9, 21, 37, 10, 58, 44, 31, 28, 47, 60, 8, 22, 61, 53, 39, 27, 13, 46, 34, 40, 59, 36, 49, 43, 15, 35, 5, 19, 32, 17, 42, 55, 2, 45, 29, 25, 56, 23, 54, 16, 11, 24, 30, 7, 6, 1, 51, 20, 33, 41, 38, 50, 52, 57, 26, 14, 12, 4, 48, 18, 3]
Run 2:
Best OCplx: 4.020195842899561
Best Sequence: [28, 5, 9, 21, 60, 47, 49, 27, 37, 34, 45, 16, 43, 39, 40, 23, 8, 46, 31, 36, 24, 17, 44, 14, 25, 57, 58, 56, 48, 61, 7, 19, 29, 55, 30, 10, 15, 22, 59, 4, 18, 13, 53, 35, 32, 20, 41, 6, 11, 52, 54, 1, 2, 38, 3, 42, 26, 33, 12, 51, 50]
Run 3:
Best OCplx: 3.1683995752330905
Best Sequence: [60, 10, 40, 27, 15, 5, 34, 24, 8, 46, 21, 36, 9, 49, 28, 61, 58, 43, 59, 39, 47, 22, 31, 53, 37, 44, 54, 17, 41, 26, 4, 1, 23, 30, 25, 29, 13, 35, 11, 56, 32, 18, 20, 55, 57, 45, 16, 38, 19, 42, 51, 50, 7, 52, 33, 48, 2, 14, 12, 6, 3]
Run 4:
Best OCplx: 4.418190255558467
Best Sequence: [5, 37, 8, 21, 58, 34, 61, 28, 47, 40, 53, 60, 44, 13, 25, 59, 46, 43, 31, 49, 15, 10, 48, 39, 9, 36, 55, 57, 19, 52, 18, 22, 41, 42, 32, 14, 7, 17, 24, 27, 1, 3, 29, 4, 20, 35, 16, 50, 51, 33, 45, 26, 56, 38, 2, 6, 11, 54, 23, 12, 30]
Run 5:
Best OCplx: 4.06956705650183
Best Sequence: [5, 21, 36, 16, 60, 37, 8, 17, 49, 47, 27, 31, 13, 15, 40, 59, 43, 22, 44, 28, 34, 9, 10, 53, 39, 58, 57, 46, 61, 54, 14, 6, 7, 23, 1, 11, 41, 29, 4, 20, 19, 35, 18, 48, 56, 45, 2, 25, 30, 24, 26, 55, 3, 32, 42, 38, 52, 33, 12, 51, 50]
Run 6:
Best OCplx: 5.217108947118706
Best Sequence: [9, 21, 47, 34, 46, 13, 36, 39, 17, 22, 53, 40, 5, 44, 43, 8, 60, 25, 31, 15, 27, 58, 6, 28, 19, 56, 49, 61, 45, 55, 37, 32, 42, 11, 59, 35, 29, 23, 33, 48, 57, 1, 12, 16, 30, 26, 18, 2, 7, 10, 51, 41, 14, 20, 4, 3, 38, 52, 50, 54, 24]
Run 7:
Best OCplx: 3.425195540001174
Best Sequence: [47, 5, 49, 61, 28, 13, 36, 27, 15, 59, 34, 31, 37, 21, 46, 44, 60, 8, 17, 58, 39, 43, 25, 22, 48, 11, 53, 32, 29, 40, 1, 35, 24, 2, 55, 4, 45, 41, 33, 30, 50, 6, 9, 7, 3, 56, 10, 57, 42, 14, 16, 26, 38, 18, 12, 54, 52, 20, 51, 19, 23]
Run 8:
Best OCplx: 4.612348715459344
Best Sequence: [23, 47, 9, 8, 15, 36, 28, 46, 60, 43, 44, 1, 5, 53, 59, 49, 13, 10, 37, 34, 21, 22, 58, 17, 27, 31, 61, 25, 40, 14, 48, 39, 11, 41, 2, 6, 30, 18, 55, 29, 4, 16, 26, 7, 19, 45, 35, 24, 32, 51, 3, 20, 33, 38, 50, 12, 56, 42, 54, 52, 57]
Run 9:
Best OCplx: 3.6559851134828474
Best Sequence: [43, 27, 31, 5, 10, 49, 28, 8, 36, 59, 9, 46, 61, 47, 60, 40, 21, 55, 17, 37, 57, 29, 25, 7, 58, 54, 48, 2, 52, 53, 32, 14, 34, 11, 26, 19, 35, 20, 30, 56, 16, 15, 12, 38, 45, 13, 6, 42, 1, 33, 3, 44, 18, 23, 24, 4, 39, 41, 51, 50, 22]
Run 10:
Best OCplx: 3.165694069401865
Best Sequence: [17, 13, 46, 9, 59, 8, 15, 5, 36, 39, 10, 61, 44, 34, 28, 27, 43, 31, 40, 49, 47, 21, 22, 19, 55, 57, 18, 32, 30, 38, 20, 4, 26, 54, 14, 6, 60, 53, 48, 1, 29, 24, 16, 52, 45, 33, 25, 23, 58, 42, 37, 11, 2, 7, 35, 51, 41, 56, 50, 3, 12]
Run 11:
Best OCplx: 3.45378324869356
Best Sequence: [8, 48, 46, 31, 22, 9, 5, 28, 43, 47, 44, 21, 16, 58, 59, 10, 39, 49, 15, 11, 61, 35, 30, 7, 17, 13, 6, 24, 53, 41, 18, 29, 23, 54, 60, 25, 37, 36, 34, 14, 27, 56, 4, 1, 40, 19, 45, 57, 20, 26, 32, 3, 2, 42, 55, 38, 52, 50, 51, 12, 33]
Run 12:
Best OCplx: 4.9880327159911495
Best Sequence: [21, 10, 34, 13, 39, 44, 31, 47, 45, 58, 8, 49, 17, 60, 9, 59, 27, 46, 43, 15, 40, 53, 18, 61, 22, 25, 36, 28, 37, 2, 57, 16, 41, 11, 29, 5, 7, 35, 55, 4, 1, 24, 51, 26, 50, 32, 54, 42, 48, 30, 38, 56, 52, 3, 12, 6, 19, 33, 20, 14, 23]
Run 13:
Best OCplx: 4.891134976196978
Best Sequence: [21, 49, 44, 48, 10, 43, 27, 60, 47, 36, 2, 13, 9, 8, 37, 46, 41, 40, 58, 54, 57, 61, 5, 31, 59, 39, 30, 22, 17, 4, 16, 35, 19, 6, 25, 11, 28, 15, 23, 18, 45, 24, 14, 34, 7, 1, 53, 29, 26, 20, 32, 55, 3, 56, 42, 38, 12, 52, 51, 33, 50]
Run 14:
Best OCplx: 3.756071283813902
Best Sequence: [11, 21, 49, 35, 46, 37, 25, 7, 59, 8, 10, 9, 5, 44, 28, 48, 36, 43, 53, 23, 61, 18, 31, 17, 40, 60, 13, 14, 34, 27, 47, 57, 58, 41, 45, 54, 15, 2, 29, 4, 22, 24, 30, 19, 56, 1, 39, 16, 6, 26, 32, 3, 20, 55, 51, 38, 12, 33, 42, 52, 50]
Run 15:
Best OCplx: 4.090426196670221
Best Sequence: [36, 61, 5, 9, 21, 31, 60, 22, 28, 17, 15, 49, 30, 29, 39, 58, 10, 41, 25, 43, 59, 8, 11, 45, 27, 46, 40, 13, 44, 7, 4, 47, 37, 34, 32, 35, 26, 14, 24, 1, 23, 55, 18, 54, 16, 20, 42, 57, 38, 6, 19, 33, 56, 50, 53, 52, 48, 3, 51, 12, 2]
Run 16:
Best OCplx: 5.086370058162268
Best Sequence: [21, 11, 8, 4, 56, 17, 53, 31, 39, 40, 43, 46, 49, 15, 7, 60, 13, 25, 35, 14, 27, 28, 61, 37, 47, 59, 10, 29, 5, 36, 45, 44, 48, 54, 24, 34, 3, 23, 18, 19, 2, 58, 9, 22, 26, 6, 1, 41, 20, 16, 57, 55, 52, 12, 32, 42, 50, 30, 51, 38, 33]
Run 17:
Best OCplx: 3.4397049970297964
Best Sequence: [44, 27, 36, 59, 15, 58, 46, 8, 34, 60, 25, 61, 5, 9, 43, 28, 13, 40, 53, 41, 39, 31, 21, 10, 7, 49, 37, 17, 57, 35, 18, 29, 6, 55, 1, 32, 38, 14, 47, 12, 45, 20, 52, 48, 24, 30, 11, 3, 19, 16, 54, 4, 42, 50, 51, 33, 2, 26, 56, 22, 23]
Run 18:
Best OCplx: 5.025304437673243
Best Sequence: [21, 39, 16, 10, 8, 61, 40, 28, 49, 57, 60, 47, 31, 9, 26, 59, 45, 34, 46, 58, 27, 35, 53, 41, 29, 24, 17, 44, 15, 1, 14, 30, 37, 25, 23, 56, 5, 13, 6, 36, 4, 2, 22, 43, 48, 19, 54, 7, 32, 3, 18, 11, 52, 20, 42, 55, 50, 12, 38, 33, 51]
Run 19:
Best OCplx: 3.921855959134897
Best Sequence: [21, 37, 36, 58, 27, 60, 44, 13, 14, 46, 39, 9, 49, 35, 59, 15, 8, 40, 54, 4, 53, 28, 16, 24, 47, 29, 10, 57, 25, 30, 61, 11, 43, 34, 31, 6, 41, 56, 17, 2, 22, 5, 7, 18, 23, 48, 19, 45, 26, 3, 1, 32, 55, 20, 51, 50, 33, 42, 38, 12, 52]
Run 20:
Best OCplx: 4.673166732722038
Best Sequence: [21, 15, 10, 54, 36, 8, 31, 48, 53, 39, 56, 17, 40, 58, 16, 47, 61, 59, 4, 43, 44, 46, 22, 23, 9, 34, 37, 25, 5, 28, 60, 14, 45, 27, 18, 11, 30, 6, 41, 49, 29, 26, 13, 1, 7, 24, 3, 19, 55, 2, 32, 38, 42, 35, 52, 50, 33, 20, 12, 51, 57]
Run 21:
Best OCplx: 3.6907595405542653
Best Sequence: [31, 21, 44, 59, 39, 35, 13, 46, 8, 61, 43, 28, 10, 5, 18, 17, 25, 57, 6, 34, 15, 36, 47, 40, 30, 60, 53, 54, 22, 9, 7, 23, 49, 16, 14, 58, 27, 11, 45, 26, 2, 37, 1, 41, 19, 29, 4, 3, 48, 24, 56, 32, 55, 12, 20, 42, 52, 50, 38, 51, 33]
Run 22:
Best OCplx: 4.478567478938983
Best Sequence: [17, 8, 40, 13, 39, 46, 15, 61, 43, 47, 53, 34, 37, 31, 59, 44, 9, 27, 28, 36, 60, 5, 58, 49, 10, 21, 25, 35, 32, 41, 19, 33, 55, 11, 1, 22, 52, 20, 24, 38, 26, 18, 29, 30, 16, 6, 4, 12, 3, 56, 51, 54, 48, 50, 7, 2, 23, 42, 45, 14, 57]
Run 23:
Best OCplx: 3.781169571591789
Best Sequence: [21, 4, 8, 27, 31, 25, 34, 5, 60, 17, 10, 58, 36, 47, 28, 59, 15, 13, 40, 49, 39, 9, 53, 44, 11, 46, 43, 61, 30, 29, 35, 22, 41, 48, 37, 24, 19, 18, 6, 32, 7, 57, 56, 14, 55, 45, 12, 3, 42, 52, 54, 20, 1, 16, 50, 26, 51, 2, 33, 38, 23]
Run 24:
Best OCplx: 4.718715961821939
Best Sequence: [31, 47, 27, 8, 46, 44, 25, 40, 43, 28, 60, 21, 54, 2, 41, 35, 32, 34, 29, 39, 11, 22, 36, 20, 57, 30, 49, 7, 55, 59, 5, 24, 56, 37, 26, 58, 38, 9, 52, 13, 18, 19, 61, 51, 17, 14, 10, 6, 42, 16, 15, 33, 53, 48, 12, 50, 45, 4, 23, 3, 1]
Run 25:
Best OCplx: 5.184046982361939
Best Sequence: [10, 15, 8, 59, 49, 58, 27, 40, 17, 5, 43, 37, 9, 60, 44, 36, 28, 47, 31, 46, 39, 34, 29, 21, 41, 22, 14, 26, 61, 54, 20, 18, 57, 30, 24, 23, 55, 25, 56, 7, 53, 35, 19, 16, 51, 42, 12, 52, 4, 1, 48, 38, 6, 11, 45, 13, 32, 33, 2, 3, 50]
Run 26:
Best OCplx: 4.710655938476862
Best Sequence: [5, 15, 25, 21, 60, 8, 58, 47, 40, 41, 28, 46, 27, 13, 49, 19, 22, 17, 61, 36, 30, 35, 34, 9, 59, 43, 10, 39, 4, 37, 23, 14, 29, 44, 11, 53, 45, 2, 56, 6, 7, 1, 16, 18, 48, 26, 31, 57, 54, 20, 55, 32, 33, 42, 52, 24, 3, 38, 51, 50, 12]
Run 27:
Best OCplx: 4.402935934328708
Best Sequence: [49, 28, 25, 46, 27, 60, 59, 47, 17, 44, 22, 10, 43, 37, 15, 31, 61, 58, 53, 40, 5, 9, 34, 8, 36, 41, 21, 13, 45, 30, 16, 57, 1, 55, 35, 20, 2, 23, 11, 29, 24, 39, 3, 32, 51, 42, 6, 7, 26, 14, 4, 19, 38, 50, 54, 48, 18, 52, 56, 33, 12]
Run 28:
Best OCplx: 4.782858006321272
Best Sequence: [36, 21, 43, 31, 4, 10, 44, 46, 25, 40, 60, 8, 47, 5, 49, 7, 61, 27, 53, 34, 22, 28, 9, 37, 23, 59, 48, 58, 15, 24, 16, 2, 41, 13, 57, 54, 3, 56, 17, 11, 29, 1, 39, 30, 45, 35, 6, 26, 18, 20, 19, 14, 32, 55, 12, 51, 38, 52, 33, 50, 42]
Run 29:
Best OCplx: 4.8614071542143
Best Sequence: [44, 36, 39, 11, 31, 43, 40, 28, 13, 58, 53, 49, 9, 61, 15, 46, 17, 60, 8, 37, 41, 5, 25, 21, 47, 27, 35, 16, 23, 34, 30, 10, 56, 57, 48, 19, 22, 32, 55, 50, 20, 54, 4, 3, 14, 29, 12, 7, 38, 42, 26, 59, 51, 18, 33, 1, 2, 45, 52, 6, 24]
Run 30:
Best OCplx: 3.2938452117899693
Best Sequence: [61, 59, 10, 49, 46, 60, 34, 17, 28, 13, 9, 36, 31, 40, 53, 47, 27, 58, 8, 5, 22, 44, 25, 21, 41, 39, 57, 15, 37, 54, 24, 45, 7, 29, 11, 35, 32, 19, 20, 16, 43, 55, 4, 38, 14, 6, 30, 23, 12, 3, 33, 26, 48, 42, 52, 51, 2, 56, 18, 1, 50]


Mean: 4.2708
Min: 3.1657
Max: 5.2171
Std: 0.6564