Run 1:
Best OCplx: 0.35192086371105313
Best Sequence: [21, 11, 7, 10, 18, 19, 16, 5, 23, 9, 8, 1, 17, 12, 22, 14, 13, 6, 20, 4, 2, 3, 15]
Run 2:
Best OCplx: 0.37899169938113414
Best Sequence: [16, 11, 21, 19, 17, 10, 5, 9, 12, 22, 18, 8, 1, 6, 15, 13, 20, 14, 23, 4, 7, 2, 3]
Run 3:
Best OCplx: 0.5955583847417822
Best Sequence: [21, 9, 12, 1, 20, 8, 6, 5, 23, 18, 11, 17, 7, 19, 4, 10, 16, 13, 2, 3, 14, 22, 15]
Run 4:
Best OCplx: 0.4979775956258982
Best Sequence: [16, 22, 12, 4, 18, 9, 11, 8, 10, 19, 5, 17, 23, 1, 14, 2, 13, 6, 3, 21, 7, 20, 15]
Run 5:
Best OCplx: 0.40606253505121515
Best Sequence: [22, 18, 1, 21, 23, 16, 14, 8, 12, 19, 13, 17, 6, 9, 20, 11, 7, 10, 4, 5, 2, 3, 15]
Run 6:
Best OCplx: 0.48979345457307777
Best Sequence: [12, 11, 21, 1, 6, 16, 23, 10, 8, 5, 14, 4, 13, 7, 19, 17, 22, 9, 2, 3, 18, 20, 15]
Run 7:
Best OCplx: 0.35192086371105313
Best Sequence: [21, 13, 11, 17, 23, 7, 1, 16, 8, 18, 9, 15, 19, 10, 12, 5, 6, 4, 20, 22, 2, 3, 14]
Run 8:
Best OCplx: 0.4217246553609954
Best Sequence: [17, 10, 22, 9, 5, 1, 13, 12, 8, 11, 19, 4, 20, 21, 23, 6, 7, 18, 16, 2, 3, 15, 14]
Run 9:
Best OCplx: 0.4217246553609954
Best Sequence: [1, 21, 8, 10, 16, 22, 11, 14, 19, 5, 18, 17, 9, 23, 12, 7, 13, 4, 20, 6, 2, 3, 15]
Run 10:
Best OCplx: 0.43313337072129615
Best Sequence: [21, 17, 20, 13, 7, 22, 16, 8, 11, 9, 19, 12, 23, 6, 1, 15, 14, 10, 4, 5, 18, 2, 3]
Run 11:
Best OCplx: 0.48727504206145816
Best Sequence: [22, 21, 7, 9, 16, 8, 17, 20, 23, 6, 1, 18, 19, 11, 14, 13, 15, 10, 12, 5, 4, 2, 3]
Run 12:
Best OCplx: 0.40606253505121515
Best Sequence: [9, 11, 10, 8, 22, 14, 1, 23, 21, 12, 5, 4, 19, 6, 17, 18, 13, 16, 20, 2, 3, 7, 15]
Run 13:
Best OCplx: 0.40606253505121515
Best Sequence: [16, 14, 18, 11, 8, 21, 7, 12, 17, 20, 22, 10, 5, 6, 9, 4, 23, 1, 19, 2, 13, 3, 15]
Run 14:
Best OCplx: 0.3166658869881516
Best Sequence: [12, 21, 6, 11, 9, 8, 22, 4, 17, 23, 13, 1, 19, 16, 10, 18, 5, 14, 20, 2, 3, 15, 7]
Run 15:
Best OCplx: 0.2977791923708911
Best Sequence: [12, 23, 11, 10, 8, 21, 9, 22, 13, 16, 6, 5, 17, 7, 18, 14, 20, 19, 4, 1, 2, 3, 15]
Run 16:
Best OCplx: 0.3248500280409721
Best Sequence: [21, 23, 19, 9, 17, 11, 18, 8, 1, 12, 16, 14, 10, 20, 6, 7, 5, 4, 22, 13, 2, 3, 15]
Run 17:
Best OCplx: 0.48727504206145816
Best Sequence: [17, 16, 20, 7, 9, 12, 14, 8, 23, 11, 10, 18, 1, 22, 5, 4, 13, 21, 19, 2, 6, 3, 15]
Run 18:
Best OCplx: 0.40606253505121515
Best Sequence: [17, 16, 21, 19, 7, 20, 13, 18, 12, 11, 9, 8, 10, 14, 1, 6, 22, 5, 4, 2, 3, 15, 23]
Run 19:
Best OCplx: 0.48727504206145816
Best Sequence: [1, 11, 5, 9, 8, 23, 21, 7, 6, 12, 18, 19, 17, 4, 16, 20, 10, 14, 2, 13, 3, 15, 22]
Run 20:
Best OCplx: 0.48727504206145816
Best Sequence: [22, 17, 23, 8, 11, 16, 7, 14, 1, 10, 6, 5, 15, 18, 21, 19, 20, 13, 9, 12, 4, 2, 3]
Run 21:
Best OCplx: 0.37080755832831364
Best Sequence: [1, 22, 6, 9, 17, 18, 11, 7, 19, 16, 8, 20, 10, 5, 12, 4, 14, 13, 23, 2, 3, 15, 21]
Run 22:
Best OCplx: 0.2707083567008101
Best Sequence: [11, 9, 19, 8, 12, 16, 14, 17, 13, 10, 5, 6, 4, 23, 1, 22, 18, 20, 2, 7, 3, 21, 15]
Run 23:
Best OCplx: 0.34373672265823263
Best Sequence: [7, 18, 21, 12, 6, 17, 19, 13, 20, 22, 9, 4, 16, 11, 10, 23, 8, 5, 1, 14, 2, 3, 15]
Run 24:
Best OCplx: 0.3248500280409721
Best Sequence: [8, 12, 1, 19, 22, 23, 9, 14, 7, 13, 4, 11, 10, 6, 5, 18, 21, 17, 2, 16, 20, 3, 15]
Run 25:
Best OCplx: 0.5061617366787188
Best Sequence: [17, 11, 6, 19, 16, 22, 10, 23, 12, 13, 9, 7, 8, 4, 1, 18, 15, 20, 5, 14, 2, 21, 3]
Run 26:
Best OCplx: 0.43313337072129615
Best Sequence: [19, 5, 8, 11, 7, 22, 17, 12, 16, 23, 21, 9, 18, 14, 20, 1, 4, 13, 10, 2, 6, 3, 15]
Run 27:
Best OCplx: 0.5684875490717012
Best Sequence: [7, 8, 17, 11, 9, 12, 22, 10, 5, 19, 20, 4, 16, 6, 21, 14, 15, 13, 23, 1, 18, 2, 3]
Run 28:
Best OCplx: 0.5570788337114005
Best Sequence: [10, 18, 16, 8, 1, 23, 21, 14, 5, 9, 17, 19, 20, 7, 22, 13, 6, 12, 4, 2, 3, 11, 15]
Run 29:
Best OCplx: 0.4602042063913772
Best Sequence: [19, 21, 8, 12, 9, 11, 17, 16, 1, 10, 5, 13, 4, 20, 22, 14, 15, 6, 18, 7, 23, 2, 3]
Run 30:
Best OCplx: 0.5143458777315393
Best Sequence: [19, 9, 17, 1, 12, 4, 23, 8, 20, 5, 16, 11, 13, 18, 6, 2, 3, 22, 15, 21, 10, 7, 14]
