Run 1:
Best OCplx: 0.3789916993811342
Best Sequence: [7, 12, 16, 1, 22, 21, 9, 13, 8, 6, 11, 17, 23, 18, 19, 10, 5, 4, 3, 20, 14, 2, 15]
Run 2:
Best OCplx: 0.3166658869881516
Best Sequence: [6, 1, 16, 22, 19, 12, 7, 8, 11, 13, 21, 9, 10, 17, 20, 23, 14, 18, 5, 4, 2, 3, 15]
Run 3:
Best OCplx: 0.2625242156479896
Best Sequence: [9, 21, 22, 6, 19, 11, 7, 8, 1, 13, 12, 10, 5, 16, 14, 4, 2, 17, 3, 23, 18, 20, 15]
Run 4:
Best OCplx: 0.2625242156479896
Best Sequence: [22, 7, 13, 16, 21, 12, 11, 9, 17, 10, 1, 4, 6, 23, 5, 2, 19, 8, 3, 14, 20, 15, 18]
Run 5:
Best OCplx: 0.2707083567008101
Best Sequence: [13, 1, 19, 7, 21, 12, 16, 22, 8, 9, 23, 6, 11, 14, 17, 18, 20, 10, 5, 4, 2, 3, 15]
Run 6:
Best OCplx: 0.2977791923708911
Best Sequence: [11, 13, 1, 9, 8, 22, 16, 10, 6, 21, 7, 19, 23, 18, 5, 17, 14, 12, 20, 4, 2, 3, 15]
Run 7:
Best OCplx: 0.3166658869881516
Best Sequence: [1, 9, 12, 13, 16, 22, 11, 21, 6, 17, 7, 18, 8, 4, 10, 20, 23, 5, 19, 14, 2, 3, 15]
Run 8:
Best OCplx: 0.13535417835040506
Best Sequence: [22, 8, 9, 6, 11, 1, 19, 7, 12, 13, 16, 4, 10, 18, 5, 21, 17, 20, 23, 2, 3, 15, 14]
Run 9:
Best OCplx: 0.2707083567008101
Best Sequence: [1, 19, 18, 9, 12, 7, 21, 22, 11, 10, 8, 13, 4, 5, 20, 2, 6, 17, 23, 16, 3, 15, 14]
Run 10:
Best OCplx: 0.2436375210307291
Best Sequence: [13, 7, 1, 21, 22, 11, 8, 6, 17, 18, 20, 23, 10, 16, 12, 14, 19, 9, 5, 4, 2, 3, 15]
Run 11:
Best OCplx: 0.1894958496905671
Best Sequence: [16, 8, 13, 7, 22, 12, 11, 23, 9, 19, 4, 18, 10, 21, 1, 6, 5, 2, 3, 15, 14, 17, 20]
Run 12:
Best OCplx: 0.2707083567008101
Best Sequence: [11, 22, 13, 21, 19, 16, 12, 7, 10, 1, 23, 8, 6, 17, 5, 18, 14, 20, 9, 4, 2, 3, 15]
Run 13:
Best OCplx: 0.13535417835040506
Best Sequence: [13, 22, 19, 9, 1, 11, 12, 7, 21, 10, 17, 18, 20, 23, 16, 5, 4, 8, 6, 2, 3, 15, 14]
Run 14:
Best OCplx: 0.35192086371105313
Best Sequence: [1, 7, 16, 21, 17, 9, 8, 12, 4, 13, 6, 19, 22, 23, 5, 18, 20, 11, 14, 10, 2, 3, 15]
Run 15:
Best OCplx: 0.46020420639137716
Best Sequence: [11, 22, 7, 13, 12, 19, 9, 10, 16, 1, 8, 21, 6, 23, 17, 18, 5, 14, 20, 4, 15, 2, 3]
Run 16:
Best OCplx: 0.4676821856483369
Best Sequence: [1, 22, 7, 16, 12, 10, 6, 5, 8, 21, 19, 11, 17, 9, 4, 18, 23, 20, 14, 2, 13, 3, 15]
Run 17:
Best OCplx: 0.2083825443078276
Best Sequence: [21, 1, 13, 12, 11, 17, 7, 16, 22, 9, 18, 6, 8, 19, 10, 23, 5, 4, 20, 2, 3, 15, 14]
Run 18:
Best OCplx: 0.2707083567008101
Best Sequence: [13, 9, 1, 21, 19, 11, 8, 17, 22, 18, 16, 12, 23, 14, 10, 6, 5, 4, 20, 2, 3, 15, 7]
Run 19:
Best OCplx: 0.2354533799779086
Best Sequence: [7, 22, 21, 19, 11, 12, 1, 6, 10, 5, 9, 17, 4, 13, 16, 2, 20, 8, 23, 3, 15, 18, 14]
Run 20:
Best OCplx: 0.2977791923708911
Best Sequence: [21, 13, 19, 16, 17, 18, 11, 8, 6, 10, 23, 7, 14, 22, 20, 9, 5, 1, 12, 4, 2, 3, 15]
Run 21:
Best OCplx: 0.1624250140204861
Best Sequence: [13, 19, 16, 12, 11, 7, 21, 17, 10, 23, 9, 4, 5, 1, 8, 6, 2, 20, 22, 3, 15, 14, 18]
Run 22:
Best OCplx: 0.2436375210307291
Best Sequence: [13, 22, 19, 21, 11, 17, 16, 1, 23, 18, 12, 20, 8, 6, 9, 10, 14, 5, 4, 2, 3, 15, 7]
Run 23:
Best OCplx: 0.46020420639137716
Best Sequence: [1, 13, 22, 8, 16, 12, 21, 9, 14, 4, 5, 7, 18, 19, 11, 6, 23, 2, 17, 3, 20, 15, 10]
Run 24:
Best OCplx: 0.40606253505121515
Best Sequence: [1, 21, 16, 22, 13, 9, 8, 7, 18, 12, 11, 23, 4, 6, 10, 5, 20, 17, 14, 19, 2, 3, 15]
Run 25:
Best OCplx: 0.2083825443078276
Best Sequence: [12, 13, 22, 11, 19, 21, 16, 1, 9, 4, 17, 6, 23, 18, 20, 10, 5, 2, 8, 7, 3, 14, 15]
Run 26:
Best OCplx: 0.1813117086377466
Best Sequence: [13, 21, 11, 16, 7, 17, 22, 19, 23, 1, 9, 12, 6, 18, 20, 10, 5, 4, 2, 8, 3, 15, 14]
Run 27:
Best OCplx: 0.42494922966847565
Best Sequence: [22, 1, 11, 9, 6, 20, 16, 21, 7, 13, 23, 12, 4, 8, 10, 5, 2, 3, 17, 15, 18, 19, 14]
Run 28:
Best OCplx: 0.1894958496905671
Best Sequence: [7, 11, 22, 19, 8, 6, 23, 12, 18, 10, 21, 17, 20, 9, 5, 4, 16, 13, 1, 2, 3, 15, 14]
Run 29:
Best OCplx: 0.3946538196909144
Best Sequence: [16, 13, 7, 19, 12, 22, 1, 10, 5, 8, 9, 14, 11, 4, 18, 6, 21, 17, 2, 23, 3, 20, 15]
Run 30:
Best OCplx: 0.2436375210307291
Best Sequence: [7, 19, 11, 13, 16, 9, 22, 17, 12, 4, 1, 20, 23, 8, 10, 6, 5, 2, 3, 15, 18, 14, 21]
