Run 1:
Best OCplx: 2.0555704884565897
Best Sequence: [1, 64, 65, 33, 28, 24, 35, 58, 36, 37, 63, 47, 6, 55, 14, 60, 51, 44, 62, 54, 27, 7, 13, 22, 23, 20, 34, 40, 43, 41, 49, 59, 61, 39, 17, 3, 32, 11, 15, 52, 45, 38, 25, 50, 2, 53, 19, 10, 48, 29, 4, 8, 46, 57, 31, 9, 26, 56, 12, 42, 5, 18, 30, 21, 16]
Run 2:
Best OCplx: 2.2180386401020815
Best Sequence: [6, 8, 27, 60, 1, 32, 65, 44, 58, 39, 14, 35, 64, 24, 34, 52, 42, 51, 33, 4, 16, 63, 47, 21, 22, 59, 15, 25, 40, 31, 2, 41, 23, 45, 19, 55, 26, 17, 18, 7, 20, 9, 50, 29, 49, 56, 62, 13, 11, 61, 37, 48, 3, 10, 5, 12, 54, 53, 38, 30, 28, 57, 46, 36, 43]
Run 3:
Best OCplx: 2.0856256231893786
Best Sequence: [63, 4, 2, 14, 65, 58, 27, 30, 46, 39, 21, 17, 54, 59, 18, 13, 7, 16, 49, 10, 22, 53, 47, 24, 60, 62, 41, 25, 50, 33, 5, 26, 52, 35, 20, 32, 42, 8, 57, 12, 9, 40, 51, 15, 43, 34, 55, 37, 23, 1, 38, 36, 64, 29, 56, 31, 3, 48, 45, 28, 61, 44, 11, 19, 6]
Run 4:
Best OCplx: 1.963482782721724
Best Sequence: [9, 20, 46, 43, 27, 10, 65, 13, 58, 51, 59, 14, 22, 7, 3, 57, 38, 44, 8, 11, 37, 47, 49, 35, 52, 16, 55, 23, 33, 24, 40, 31, 54, 5, 53, 32, 60, 42, 17, 25, 12, 15, 2, 19, 63, 50, 36, 30, 18, 45, 48, 56, 26, 61, 29, 64, 28, 34, 39, 6, 62, 1, 41, 4, 21]
Run 5:
Best OCplx: 2.0056053235026594
Best Sequence: [6, 10, 3, 65, 32, 13, 58, 8, 41, 25, 9, 17, 57, 24, 11, 59, 52, 45, 29, 15, 42, 49, 55, 31, 50, 22, 64, 63, 28, 39, 2, 33, 21, 12, 46, 19, 37, 27, 48, 44, 54, 35, 62, 61, 14, 53, 51, 23, 40, 38, 4, 30, 47, 34, 7, 26, 36, 60, 56, 16, 18, 43, 5, 1, 20]
Run 6:
Best OCplx: 2.2095937171631648
Best Sequence: [47, 4, 41, 65, 51, 58, 29, 32, 12, 38, 27, 13, 30, 43, 59, 3, 31, 54, 9, 26, 56, 1, 24, 14, 55, 2, 28, 48, 39, 45, 57, 37, 22, 16, 33, 50, 63, 23, 60, 61, 5, 17, 52, 53, 62, 21, 10, 34, 8, 46, 64, 36, 15, 44, 6, 20, 42, 18, 40, 25, 49, 7, 11, 19, 35]
Run 7:
Best OCplx: 2.40259185095043
Best Sequence: [53, 24, 52, 36, 58, 22, 37, 44, 27, 62, 51, 56, 21, 33, 45, 40, 32, 42, 16, 4, 31, 30, 14, 23, 61, 65, 19, 29, 35, 57, 39, 48, 38, 41, 3, 20, 26, 5, 59, 63, 34, 54, 28, 47, 55, 13, 8, 1, 25, 9, 6, 7, 49, 60, 43, 11, 12, 17, 64, 2, 50, 10, 46, 18, 15]
Run 8:
Best OCplx: 2.014878508303136
Best Sequence: [59, 52, 65, 19, 29, 58, 12, 31, 45, 44, 22, 53, 36, 27, 63, 15, 17, 23, 14, 62, 54, 47, 43, 32, 28, 42, 20, 10, 60, 4, 13, 30, 49, 50, 61, 37, 40, 64, 48, 33, 7, 25, 5, 8, 38, 26, 11, 24, 9, 55, 34, 3, 46, 51, 56, 21, 1, 2, 41, 6, 35, 16, 39, 57, 18]
Run 9:
Best OCplx: 1.9248698939008488
Best Sequence: [59, 24, 57, 2, 17, 6, 65, 41, 58, 43, 52, 64, 27, 11, 37, 29, 13, 49, 61, 38, 45, 8, 42, 14, 60, 22, 55, 21, 56, 23, 33, 44, 16, 39, 7, 35, 47, 15, 32, 1, 3, 62, 10, 48, 40, 63, 20, 51, 34, 28, 50, 19, 46, 31, 5, 12, 4, 25, 54, 26, 9, 30, 36, 18, 53]
Run 10:
Best OCplx: 1.9697271007856927
Best Sequence: [9, 24, 7, 16, 27, 34, 29, 10, 57, 65, 58, 22, 23, 30, 33, 3, 42, 1, 15, 46, 8, 13, 2, 40, 48, 47, 50, 41, 49, 4, 11, 53, 55, 45, 44, 21, 39, 32, 61, 25, 59, 19, 51, 14, 35, 17, 38, 62, 12, 31, 37, 63, 28, 56, 64, 20, 5, 60, 36, 52, 18, 43, 6, 26, 54]
Run 11:
Best OCplx: 2.2159751988714396
Best Sequence: [58, 43, 13, 47, 63, 52, 14, 34, 48, 62, 45, 57, 44, 65, 7, 1, 15, 11, 53, 24, 27, 9, 3, 16, 25, 36, 64, 46, 59, 22, 56, 50, 30, 17, 54, 61, 6, 39, 41, 31, 32, 55, 20, 4, 51, 42, 19, 26, 37, 12, 60, 8, 35, 21, 5, 18, 10, 28, 23, 49, 2, 33, 29, 40, 38]
Run 12:
Best OCplx: 2.392860462499424
Best Sequence: [49, 16, 36, 37, 10, 17, 58, 24, 40, 45, 4, 53, 23, 14, 65, 22, 19, 21, 29, 55, 30, 27, 28, 26, 9, 44, 64, 52, 32, 43, 59, 13, 48, 38, 15, 33, 25, 11, 61, 54, 50, 6, 34, 39, 3, 41, 35, 47, 12, 8, 57, 62, 5, 42, 31, 7, 20, 46, 60, 51, 63, 2, 18, 1, 56]
Run 13:
Best OCplx: 2.128754802148013
Best Sequence: [27, 44, 37, 25, 65, 14, 58, 41, 45, 28, 5, 16, 13, 53, 23, 12, 40, 35, 18, 22, 59, 17, 57, 48, 32, 56, 9, 60, 20, 61, 33, 49, 43, 1, 29, 31, 64, 39, 50, 15, 6, 55, 47, 30, 52, 19, 2, 34, 51, 36, 8, 10, 4, 46, 42, 21, 63, 54, 26, 11, 62, 3, 24, 38, 7]
Run 14:
Best OCplx: 2.4573906949309983
Best Sequence: [58, 37, 24, 13, 52, 36, 42, 8, 3, 31, 17, 6, 30, 4, 50, 14, 60, 63, 23, 15, 1, 48, 9, 65, 44, 7, 39, 12, 5, 35, 22, 40, 16, 45, 62, 2, 20, 26, 18, 41, 51, 32, 57, 28, 27, 54, 47, 25, 33, 11, 55, 49, 56, 29, 34, 38, 61, 64, 43, 53, 19, 21, 59, 46, 10]
Run 15:
Best OCplx: 1.9084281028003809
Best Sequence: [14, 53, 24, 61, 19, 64, 48, 65, 5, 21, 6, 27, 58, 42, 34, 35, 22, 33, 25, 13, 36, 3, 40, 12, 41, 29, 28, 60, 20, 16, 9, 39, 56, 63, 15, 17, 55, 10, 59, 37, 4, 7, 44, 45, 26, 2, 32, 57, 52, 49, 30, 46, 47, 31, 23, 8, 51, 38, 43, 11, 18, 54, 1, 62, 50]
Run 16:
Best OCplx: 2.033542042285922
Best Sequence: [17, 4, 1, 2, 65, 59, 51, 15, 16, 14, 35, 58, 30, 37, 24, 61, 53, 47, 3, 8, 12, 49, 32, 23, 19, 13, 60, 29, 40, 41, 27, 48, 22, 55, 26, 63, 33, 34, 31, 50, 64, 36, 52, 56, 57, 10, 21, 28, 45, 62, 43, 20, 18, 5, 46, 25, 54, 38, 7, 11, 39, 6, 9, 42, 44]
Run 17:
Best OCplx: 2.278619104260836
Best Sequence: [29, 12, 61, 50, 27, 63, 65, 58, 30, 47, 1, 60, 37, 53, 43, 55, 16, 32, 51, 25, 2, 26, 54, 17, 14, 59, 44, 8, 9, 6, 31, 40, 22, 15, 13, 34, 3, 23, 41, 38, 20, 11, 4, 28, 33, 64, 46, 62, 56, 10, 5, 35, 19, 45, 24, 7, 52, 48, 36, 42, 21, 57, 49, 39, 18]
Run 18:
Best OCplx: 2.3848485659352945
Best Sequence: [16, 1, 24, 13, 58, 57, 43, 50, 39, 19, 12, 49, 14, 7, 41, 17, 47, 56, 27, 10, 65, 51, 6, 44, 5, 29, 2, 9, 32, 36, 42, 45, 63, 22, 37, 40, 54, 11, 48, 3, 8, 26, 31, 28, 25, 4, 21, 53, 64, 33, 35, 61, 59, 52, 62, 20, 18, 15, 38, 30, 55, 34, 46, 60, 23]
Run 19:
Best OCplx: 1.8060371936054498
Best Sequence: [24, 54, 13, 65, 7, 27, 9, 58, 37, 19, 42, 35, 16, 4, 48, 63, 28, 30, 17, 8, 61, 43, 53, 22, 20, 59, 52, 55, 31, 15, 39, 32, 33, 38, 25, 44, 56, 46, 1, 23, 57, 62, 45, 29, 11, 6, 2, 21, 14, 26, 5, 34, 47, 60, 51, 64, 50, 10, 36, 49, 12, 40, 41, 18, 3]
Run 20:
Best OCplx: 1.975310491725471
Best Sequence: [4, 28, 65, 58, 53, 2, 22, 15, 34, 31, 24, 17, 14, 12, 39, 8, 29, 50, 43, 63, 33, 41, 27, 3, 59, 1, 11, 42, 60, 37, 19, 44, 51, 32, 25, 23, 45, 21, 30, 10, 16, 9, 46, 62, 5, 61, 54, 48, 18, 49, 56, 57, 64, 35, 26, 38, 13, 7, 6, 55, 20, 40, 47, 52, 36]
Run 21:
Best OCplx: 2.0541697456939727
Best Sequence: [15, 13, 8, 60, 21, 9, 17, 2, 35, 3, 65, 38, 58, 59, 14, 22, 36, 57, 24, 32, 39, 31, 1, 54, 19, 49, 30, 33, 62, 12, 50, 40, 48, 18, 44, 52, 6, 16, 42, 55, 10, 27, 26, 5, 47, 4, 11, 64, 46, 53, 7, 20, 29, 56, 34, 63, 37, 41, 61, 25, 51, 28, 43, 23, 45]
Run 22:
Best OCplx: 2.0533019094738796
Best Sequence: [21, 65, 4, 13, 63, 23, 11, 58, 17, 54, 29, 45, 33, 24, 48, 12, 3, 42, 8, 59, 44, 14, 64, 20, 30, 57, 5, 27, 19, 49, 26, 55, 60, 22, 28, 53, 31, 62, 36, 10, 32, 52, 7, 2, 18, 1, 56, 16, 46, 61, 37, 40, 25, 39, 6, 50, 34, 51, 9, 47, 15, 41, 35, 38, 43]
Run 23:
Best OCplx: 2.4340132445418328
Best Sequence: [34, 28, 43, 9, 35, 4, 24, 27, 51, 1, 16, 65, 15, 33, 64, 14, 2, 17, 11, 59, 6, 42, 58, 45, 46, 56, 38, 22, 40, 5, 63, 37, 61, 57, 7, 31, 50, 13, 29, 44, 39, 19, 30, 47, 8, 10, 36, 3, 53, 60, 62, 20, 23, 12, 48, 55, 54, 21, 49, 41, 52, 26, 25, 32, 18]
Run 24:
Best OCplx: 1.9814050549647266
Best Sequence: [10, 41, 65, 21, 3, 14, 39, 24, 51, 58, 47, 13, 27, 20, 22, 19, 2, 6, 12, 8, 5, 40, 16, 11, 37, 34, 56, 1, 48, 17, 7, 52, 36, 45, 60, 32, 43, 61, 35, 53, 18, 49, 44, 63, 28, 50, 26, 33, 62, 54, 29, 55, 31, 57, 30, 59, 23, 42, 15, 9, 25, 64, 4, 38, 46]
Run 25:
Best OCplx: 2.1383267367966163
Best Sequence: [10, 45, 49, 42, 65, 58, 44, 23, 3, 40, 24, 38, 62, 8, 19, 63, 22, 28, 64, 33, 11, 31, 55, 2, 6, 21, 52, 56, 17, 13, 1, 53, 48, 50, 4, 37, 43, 47, 59, 14, 36, 27, 20, 30, 16, 54, 26, 61, 7, 32, 15, 9, 60, 25, 57, 35, 46, 12, 34, 51, 18, 5, 41, 29, 39]
Run 26:
Best OCplx: 2.0756838250773972
Best Sequence: [54, 4, 64, 15, 65, 14, 63, 6, 39, 24, 57, 1, 16, 51, 58, 10, 27, 23, 36, 22, 26, 19, 20, 31, 37, 41, 38, 49, 52, 12, 61, 40, 3, 17, 25, 55, 33, 44, 5, 30, 28, 53, 8, 2, 50, 29, 62, 46, 34, 32, 13, 56, 9, 60, 11, 48, 47, 43, 35, 18, 42, 45, 21, 7, 59]
Run 27:
Best OCplx: 2.270536197581732
Best Sequence: [65, 13, 58, 47, 34, 53, 27, 17, 14, 61, 41, 5, 8, 35, 64, 48, 57, 49, 30, 3, 54, 11, 59, 16, 46, 23, 43, 15, 6, 29, 38, 55, 40, 20, 1, 18, 21, 19, 24, 7, 36, 62, 26, 28, 12, 63, 39, 52, 2, 25, 31, 60, 51, 33, 50, 32, 4, 9, 10, 56, 45, 44, 42, 37, 22]
Run 28:
Best OCplx: 2.3541633302757448
Best Sequence: [17, 30, 9, 32, 14, 65, 27, 5, 62, 13, 2, 58, 25, 15, 4, 64, 44, 28, 16, 38, 6, 55, 21, 53, 51, 47, 34, 20, 36, 22, 49, 63, 23, 37, 29, 35, 43, 18, 8, 46, 7, 12, 26, 42, 1, 57, 59, 11, 54, 52, 60, 48, 61, 56, 41, 50, 19, 39, 31, 45, 3, 24, 40, 33, 10]
Run 29:
Best OCplx: 2.1889574669281537
Best Sequence: [14, 46, 65, 50, 15, 17, 60, 58, 42, 27, 25, 62, 23, 18, 30, 38, 45, 34, 55, 3, 24, 8, 12, 22, 19, 26, 31, 40, 4, 49, 44, 59, 35, 9, 39, 7, 20, 47, 43, 52, 28, 6, 37, 48, 61, 36, 56, 1, 13, 29, 41, 54, 32, 33, 10, 63, 2, 16, 5, 64, 11, 57, 21, 51, 53]
Run 30:
Best OCplx: 2.10958240007105
Best Sequence: [14, 6, 62, 32, 58, 61, 13, 27, 8, 11, 43, 24, 36, 26, 47, 48, 22, 45, 3, 38, 49, 12, 37, 28, 23, 46, 15, 51, 7, 63, 41, 56, 44, 10, 16, 19, 33, 42, 52, 9, 35, 17, 60, 59, 54, 29, 18, 65, 39, 2, 30, 5, 4, 64, 53, 1, 21, 34, 55, 31, 20, 57, 25, 50, 40]
