Learning Rate: 0.0004
Epsilon: 0.99
Gamma: 0.93
Memory Capacity: 20000
Batch Size: 64
if_EWM: True
seed: 41
Run 1:
Best OCplx: 2.4718199589860568
Best Sequence: [40, 41, 13, 11, 1, 2, 24, 3, 10, 59, 9, 4, 14, 64, 62, 15, 17, 19, 16, 65, 58, 8, 6, 12, 27, 63, 25, 26, 20, 35, 60, 23, 39, 30, 51, 29, 34, 33, 37, 54, 47, 43, 61, 42, 52, 50, 5, 48, 49, 28, 57, 18, 32, 38, 31, 56, 45, 7, 55, 36, 44, 53, 46, 21, 22]
Run 2:
Best OCplx: 2.0054222944707165
Best Sequence: [15, 13, 64, 58, 53, 59, 24, 14, 1, 54, 9, 10, 17, 16, 3, 6, 50, 8, 26, 4, 65, 2, 22, 19, 62, 12, 11, 57, 47, 63, 5, 27, 30, 34, 36, 56, 46, 49, 21, 29, 28, 52, 44, 60, 40, 37, 41, 18, 55, 61, 25, 35, 48, 42, 51, 45, 38, 39, 20, 43, 31, 33, 32, 23, 7]
Run 3:
Best OCplx: 1.6914752869130492
Best Sequence: [13, 3, 9, 24, 11, 64, 16, 2, 10, 4, 14, 1, 15, 17, 59, 12, 5, 6, 8, 60, 62, 19, 65, 58, 35, 7, 25, 26, 27, 63, 22, 21, 61, 56, 37, 39, 38, 23, 49, 34, 40, 47, 32, 33, 43, 50, 48, 29, 54, 51, 44, 36, 42, 30, 28, 52, 31, 55, 46, 41, 20, 45, 57, 53, 18]
Run 4:
Best OCplx: 1.8845399300072065
Best Sequence: [2, 59, 15, 3, 10, 9, 20, 4, 13, 24, 1, 17, 16, 64, 62, 19, 8, 65, 12, 58, 14, 11, 6, 60, 5, 27, 63, 7, 21, 25, 35, 45, 26, 38, 42, 43, 54, 51, 50, 44, 46, 61, 30, 49, 57, 37, 18, 31, 22, 36, 39, 40, 32, 47, 28, 33, 53, 29, 23, 48, 55, 34, 56, 41, 52]
Run 5:
Best OCplx: 1.6819950413827904
Best Sequence: [62, 64, 63, 16, 35, 24, 59, 13, 17, 15, 14, 48, 2, 9, 10, 4, 6, 19, 1, 3, 12, 65, 58, 22, 33, 8, 11, 5, 27, 54, 26, 46, 7, 30, 44, 51, 53, 49, 38, 47, 57, 21, 52, 42, 36, 25, 43, 45, 32, 28, 61, 34, 60, 37, 23, 50, 55, 29, 41, 39, 40, 18, 31, 20, 56]
Run 6:
Best OCplx: 1.5470517267259674
Best Sequence: [24, 59, 64, 13, 16, 1, 2, 17, 4, 15, 10, 12, 3, 9, 14, 5, 6, 19, 11, 62, 65, 8, 7, 18, 25, 27, 26, 63, 58, 22, 60, 61, 21, 39, 23, 45, 53, 48, 41, 57, 34, 29, 38, 52, 35, 31, 20, 56, 43, 30, 32, 55, 37, 36, 40, 44, 54, 47, 50, 49, 46, 42, 33, 28, 51]
Run 7:
Best OCplx: 1.5226684291560912
Best Sequence: [24, 4, 59, 3, 17, 13, 15, 16, 1, 14, 9, 10, 48, 2, 64, 19, 6, 65, 12, 62, 8, 58, 5, 11, 46, 63, 27, 7, 25, 26, 21, 61, 22, 37, 44, 40, 47, 31, 60, 55, 51, 56, 29, 32, 50, 34, 49, 42, 23, 41, 43, 35, 39, 57, 52, 18, 33, 53, 36, 28, 38, 20, 30, 54, 45]
Run 8:
Best OCplx: 1.686768418801367
Best Sequence: [59, 24, 1, 17, 3, 13, 2, 14, 12, 64, 28, 16, 10, 9, 4, 19, 6, 34, 15, 11, 62, 8, 7, 5, 65, 27, 63, 58, 18, 25, 26, 22, 48, 53, 61, 33, 49, 21, 54, 23, 42, 29, 45, 57, 40, 32, 60, 56, 41, 50, 46, 39, 52, 38, 47, 36, 31, 30, 51, 35, 44, 55, 20, 43, 37]
Run 9:
Best OCplx: 1.7797552354965145
Best Sequence: [59, 13, 58, 9, 15, 10, 24, 16, 17, 64, 1, 3, 4, 14, 27, 2, 19, 12, 65, 62, 33, 11, 6, 5, 8, 63, 22, 25, 26, 18, 21, 7, 28, 35, 40, 20, 60, 56, 47, 41, 32, 44, 46, 51, 48, 34, 45, 38, 23, 57, 61, 55, 37, 43, 49, 30, 50, 42, 31, 29, 53, 52, 36, 54, 39]
Run 10:
Best OCplx: 2.2863753366880784
Best Sequence: [17, 2, 14, 59, 64, 15, 24, 12, 16, 1, 58, 5, 3, 4, 10, 13, 40, 8, 65, 53, 11, 62, 50, 19, 6, 9, 63, 27, 26, 25, 56, 29, 51, 44, 32, 52, 47, 42, 36, 18, 34, 37, 38, 57, 41, 60, 39, 55, 33, 49, 28, 31, 22, 61, 45, 23, 46, 35, 54, 21, 48, 20, 30, 43, 7]
Run 11:
Best OCplx: 1.7397913296667606
Best Sequence: [24, 16, 54, 15, 1, 64, 59, 13, 19, 10, 3, 4, 14, 65, 58, 9, 17, 62, 2, 52, 12, 6, 11, 63, 5, 27, 29, 8, 21, 56, 32, 60, 49, 31, 26, 61, 44, 43, 22, 51, 40, 33, 20, 53, 25, 30, 42, 41, 39, 45, 35, 46, 38, 36, 34, 47, 37, 55, 48, 7, 23, 18, 28, 57, 50]
Run 12:
Best OCplx: 1.7854640487658704
Best Sequence: [3, 61, 24, 1, 59, 16, 9, 19, 2, 14, 58, 13, 4, 10, 64, 6, 17, 12, 65, 8, 15, 27, 62, 63, 5, 22, 11, 60, 35, 52, 34, 57, 37, 41, 46, 47, 21, 56, 30, 49, 44, 7, 33, 45, 40, 53, 20, 32, 54, 18, 29, 39, 38, 50, 26, 48, 55, 36, 31, 51, 42, 25, 43, 28, 23]
Run 13:
Best OCplx: 1.5546013778354904
Best Sequence: [24, 13, 59, 16, 17, 14, 15, 64, 23, 4, 10, 1, 5, 21, 9, 2, 12, 3, 6, 19, 62, 65, 8, 11, 63, 27, 25, 58, 22, 26, 61, 18, 56, 40, 38, 34, 47, 60, 35, 51, 44, 32, 49, 50, 31, 33, 46, 57, 36, 7, 43, 28, 45, 52, 42, 41, 54, 30, 37, 39, 29, 53, 48, 55, 20]
Run 14:
Best OCplx: 1.5016898545672783
Best Sequence: [24, 59, 17, 10, 64, 13, 15, 2, 3, 4, 12, 1, 14, 5, 16, 6, 9, 19, 11, 8, 62, 18, 7, 65, 63, 27, 25, 58, 21, 22, 20, 23, 47, 26, 45, 61, 43, 48, 32, 55, 29, 37, 54, 34, 57, 28, 46, 53, 56, 33, 52, 44, 50, 38, 51, 36, 60, 40, 42, 49, 39, 30, 41, 31, 35]
Run 15:
Best OCplx: 1.8473561582481606
Best Sequence: [64, 16, 17, 3, 2, 9, 1, 15, 14, 58, 65, 10, 13, 24, 19, 4, 12, 6, 59, 62, 8, 18, 11, 27, 63, 5, 7, 61, 26, 51, 60, 52, 25, 22, 55, 31, 45, 40, 35, 54, 32, 37, 34, 57, 56, 33, 49, 21, 36, 39, 46, 44, 30, 42, 38, 50, 43, 29, 48, 41, 53, 28, 23, 20, 47]
Run 16:
Best OCplx: 2.0729477154078357
Best Sequence: [9, 59, 4, 13, 24, 27, 2, 1, 17, 6, 64, 41, 10, 57, 15, 3, 16, 19, 12, 14, 62, 65, 8, 11, 63, 58, 26, 21, 5, 44, 46, 35, 33, 56, 61, 31, 38, 42, 53, 36, 32, 39, 54, 22, 30, 60, 43, 28, 47, 34, 40, 23, 45, 55, 25, 51, 48, 18, 52, 29, 20, 49, 50, 37, 7]
Run 17:
Best OCplx: 2.2663119072589883
Best Sequence: [11, 59, 24, 17, 51, 10, 16, 39, 3, 4, 2, 15, 13, 1, 9, 56, 14, 64, 49, 12, 19, 65, 58, 5, 6, 62, 63, 18, 27, 45, 21, 52, 46, 20, 22, 36, 53, 32, 42, 54, 30, 34, 44, 33, 38, 57, 60, 28, 50, 48, 61, 47, 40, 55, 29, 37, 43, 31, 41, 23, 8, 25, 35, 26, 7]
Run 18:
Best OCplx: 1.6731258427658924
Best Sequence: [24, 9, 15, 3, 2, 13, 17, 1, 64, 19, 14, 59, 61, 4, 16, 10, 5, 12, 6, 65, 62, 8, 28, 29, 58, 11, 27, 63, 26, 37, 34, 18, 51, 57, 25, 22, 33, 7, 50, 23, 60, 44, 38, 35, 55, 52, 49, 47, 41, 54, 56, 43, 39, 42, 32, 30, 36, 40, 48, 46, 45, 31, 53, 21, 20]
Run 19:
Best OCplx: 1.6070439268648602
Best Sequence: [18, 16, 9, 59, 13, 24, 60, 17, 14, 62, 10, 4, 1, 2, 64, 15, 3, 12, 65, 58, 19, 6, 8, 11, 5, 63, 27, 22, 29, 31, 25, 30, 39, 28, 42, 7, 21, 53, 40, 55, 36, 51, 41, 44, 61, 26, 47, 50, 52, 48, 43, 34, 35, 49, 56, 32, 54, 37, 45, 57, 46, 38, 33, 23, 20]
Run 20:
Best OCplx: 1.6327435627782994
Best Sequence: [59, 24, 17, 4, 13, 15, 2, 12, 14, 16, 10, 9, 1, 5, 3, 6, 64, 19, 25, 65, 62, 8, 11, 26, 63, 27, 58, 7, 18, 22, 21, 23, 61, 60, 46, 43, 54, 48, 37, 41, 45, 33, 31, 42, 40, 57, 52, 56, 53, 35, 51, 55, 50, 49, 32, 47, 30, 36, 34, 29, 44, 28, 38, 20, 39]
Run 21:
Best OCplx: 1.7521953666143295
Best Sequence: [2, 59, 64, 14, 17, 24, 3, 16, 13, 50, 15, 9, 4, 10, 6, 1, 12, 5, 65, 58, 35, 7, 25, 19, 62, 8, 37, 11, 26, 27, 63, 22, 21, 61, 60, 36, 44, 31, 34, 47, 28, 45, 46, 49, 30, 29, 33, 42, 18, 20, 57, 52, 56, 43, 48, 54, 55, 39, 51, 23, 40, 53, 32, 38, 41]
Run 22:
Best OCplx: 2.139105133123394
Best Sequence: [15, 59, 4, 26, 13, 24, 3, 14, 10, 17, 1, 12, 16, 2, 35, 19, 9, 64, 62, 65, 58, 11, 6, 63, 27, 8, 49, 5, 18, 57, 30, 7, 60, 20, 47, 37, 43, 32, 56, 38, 44, 41, 50, 51, 31, 36, 40, 29, 34, 52, 22, 45, 25, 28, 42, 55, 54, 46, 39, 53, 21, 61, 48, 33, 23]
Run 23:
Best OCplx: 1.769572593565573
Best Sequence: [59, 24, 17, 13, 15, 14, 10, 1, 64, 9, 30, 12, 3, 6, 16, 2, 4, 19, 62, 65, 5, 11, 8, 18, 7, 25, 26, 27, 63, 58, 22, 21, 20, 36, 42, 29, 53, 31, 43, 28, 38, 54, 33, 35, 48, 44, 50, 32, 23, 55, 37, 47, 56, 51, 52, 49, 40, 45, 61, 60, 39, 57, 41, 46, 34]
Run 24:
Best OCplx: 1.7312167920255148
Best Sequence: [3, 17, 59, 10, 15, 2, 9, 24, 14, 13, 6, 1, 12, 4, 64, 16, 19, 5, 7, 62, 26, 8, 11, 18, 65, 25, 63, 27, 58, 22, 21, 31, 35, 20, 52, 38, 49, 32, 54, 50, 42, 28, 23, 39, 48, 57, 61, 55, 40, 56, 60, 33, 46, 41, 29, 37, 47, 43, 44, 51, 30, 53, 34, 45, 36]
Run 25:
Best OCplx: 1.9521408527588513
Best Sequence: [30, 17, 24, 9, 59, 2, 13, 1, 14, 15, 16, 4, 19, 64, 10, 11, 3, 65, 8, 12, 62, 7, 6, 63, 27, 18, 21, 58, 25, 57, 29, 60, 26, 35, 33, 5, 54, 44, 51, 38, 32, 56, 31, 40, 22, 36, 42, 39, 61, 37, 52, 43, 55, 46, 48, 47, 41, 34, 53, 45, 50, 20, 49, 23, 28]
Run 26:
Best OCplx: 2.1632298998468027
Best Sequence: [59, 64, 24, 1, 13, 42, 17, 10, 58, 4, 53, 65, 16, 15, 2, 3, 14, 9, 19, 6, 61, 12, 8, 62, 11, 25, 63, 27, 51, 38, 44, 43, 60, 34, 21, 22, 57, 7, 47, 5, 36, 31, 20, 26, 56, 35, 28, 33, 29, 49, 50, 48, 39, 40, 55, 52, 18, 30, 32, 23, 37, 54, 46, 41, 45]
Run 27:
Best OCplx: 2.0347749428997224
Best Sequence: [40, 10, 9, 17, 62, 12, 4, 3, 24, 19, 64, 59, 7, 28, 16, 2, 33, 13, 14, 6, 65, 15, 1, 11, 51, 8, 18, 63, 27, 58, 5, 56, 22, 30, 46, 50, 60, 34, 35, 36, 57, 48, 43, 31, 37, 49, 32, 53, 42, 29, 39, 54, 44, 26, 41, 23, 21, 38, 20, 25, 45, 47, 52, 55, 61]
Run 28:
Best OCplx: 1.7174408914766228
Best Sequence: [59, 24, 64, 13, 23, 15, 4, 10, 14, 3, 17, 1, 19, 16, 2, 9, 65, 12, 51, 62, 11, 6, 8, 7, 18, 25, 27, 58, 56, 61, 55, 39, 22, 50, 46, 38, 48, 45, 30, 60, 63, 28, 35, 29, 52, 33, 32, 43, 40, 49, 20, 47, 44, 54, 21, 42, 31, 36, 57, 34, 5, 41, 37, 53, 26]
Run 29:
Best OCplx: 2.1051559997220757
Best Sequence: [15, 64, 10, 24, 9, 13, 3, 59, 2, 14, 4, 16, 1, 17, 6, 19, 65, 12, 7, 58, 62, 5, 18, 60, 35, 63, 48, 43, 34, 61, 36, 47, 40, 56, 33, 57, 28, 52, 30, 46, 51, 22, 53, 55, 49, 50, 42, 37, 54, 38, 11, 39, 32, 41, 31, 21, 29, 45, 8, 20, 44, 27, 23, 26, 25]
Run 30:
Best OCplx: 1.7756064469882957
Best Sequence: [9, 10, 64, 17, 63, 24, 16, 13, 19, 1, 12, 59, 2, 65, 4, 15, 50, 62, 3, 11, 14, 5, 58, 45, 22, 61, 35, 40, 41, 39, 29, 33, 53, 32, 26, 38, 46, 8, 30, 49, 52, 57, 27, 36, 47, 55, 23, 43, 54, 51, 60, 34, 28, 18, 37, 31, 6, 42, 48, 20, 56, 25, 44, 21, 7]

Mean: 1.8460
Min: 1.5017
Max: 2.4718
Std: 0.2460