Run 1:
Best OCplx: 1.8373851277330255
Best Sequence: [60, 14, 10, 65, 61, 24, 58, 38, 22, 19, 34, 21, 11, 5, 32, 2, 28, 52, 56, 29, 27, 46, 31, 55, 6, 30, 50, 8, 1, 51, 64, 33, 57, 4, 36, 49, 44, 35, 37, 39, 40, 53, 20, 54, 7, 16, 3, 62, 26, 42, 45, 41, 13, 17, 63, 47, 59, 12, 18, 15, 9, 48, 25, 23, 43]
Run 2:
Best OCplx: 1.8505954896259147
Best Sequence: [11, 65, 58, 59, 27, 12, 63, 13, 30, 49, 52, 22, 62, 20, 14, 61, 26, 53, 57, 46, 19, 1, 7, 64, 10, 35, 54, 31, 23, 48, 41, 40, 29, 38, 44, 15, 32, 8, 25, 43, 33, 56, 3, 5, 55, 37, 6, 28, 17, 60, 47, 21, 4, 51, 24, 18, 45, 34, 42, 16, 36, 50, 39, 9, 2]
Run 3:
Best OCplx: 1.9373167064452246
Best Sequence: [65, 58, 53, 51, 60, 45, 1, 52, 24, 28, 50, 39, 27, 47, 23, 2, 6, 59, 61, 37, 40, 62, 57, 22, 17, 14, 21, 46, 54, 7, 15, 64, 19, 56, 8, 35, 42, 26, 10, 9, 34, 48, 36, 33, 11, 29, 12, 31, 18, 3, 30, 25, 49, 5, 38, 63, 44, 43, 32, 55, 20, 16, 41, 4, 13]
Run 4:
Best OCplx: 1.77183566594334
Best Sequence: [65, 16, 13, 40, 17, 27, 14, 59, 58, 31, 2, 63, 56, 62, 24, 57, 47, 50, 8, 60, 43, 4, 30, 3, 37, 64, 26, 25, 35, 61, 11, 33, 48, 22, 19, 32, 44, 18, 5, 51, 39, 6, 1, 55, 28, 7, 46, 9, 54, 52, 42, 10, 29, 15, 49, 38, 45, 34, 23, 12, 20, 21, 36, 53, 41]
Run 5:
Best OCplx: 1.9349900683289705
Best Sequence: [60, 65, 27, 21, 55, 58, 32, 46, 11, 9, 59, 41, 23, 14, 39, 17, 3, 13, 61, 22, 53, 40, 24, 19, 57, 56, 10, 31, 4, 35, 45, 12, 2, 52, 49, 26, 44, 63, 42, 30, 6, 29, 38, 8, 20, 15, 48, 43, 7, 28, 64, 25, 1, 33, 18, 54, 47, 34, 50, 62, 36, 16, 51, 5, 37]
Run 6:
Best OCplx: 1.744202690825526
Best Sequence: [65, 27, 39, 58, 23, 22, 19, 13, 17, 30, 11, 33, 46, 51, 55, 41, 6, 4, 59, 52, 45, 40, 64, 9, 26, 37, 36, 62, 3, 8, 57, 15, 49, 14, 10, 20, 1, 12, 18, 35, 60, 56, 50, 63, 28, 2, 38, 53, 21, 48, 16, 54, 44, 43, 32, 24, 7, 61, 34, 47, 29, 25, 42, 5, 31]
Run 7:
Best OCplx: 1.754937114757997
Best Sequence: [60, 65, 2, 58, 17, 23, 59, 63, 43, 37, 11, 61, 24, 30, 28, 22, 55, 36, 13, 9, 53, 31, 44, 10, 19, 35, 49, 32, 8, 16, 34, 14, 46, 51, 54, 1, 3, 39, 40, 18, 29, 33, 5, 27, 12, 64, 21, 38, 7, 47, 26, 41, 62, 45, 57, 20, 6, 42, 56, 25, 48, 50, 52, 4, 15]
Run 8:
Best OCplx: 2.031704252579654
Best Sequence: [65, 46, 58, 39, 31, 16, 64, 10, 24, 7, 26, 22, 27, 33, 20, 21, 25, 36, 42, 52, 23, 14, 45, 35, 51, 56, 49, 3, 11, 12, 9, 41, 60, 40, 4, 37, 44, 6, 29, 5, 62, 1, 34, 13, 19, 28, 50, 15, 59, 57, 54, 2, 43, 8, 53, 47, 17, 61, 48, 55, 32, 63, 38, 18, 30]
Run 9:
Best OCplx: 1.8497302516579108
Best Sequence: [65, 4, 58, 22, 51, 50, 1, 32, 60, 8, 14, 3, 35, 27, 57, 28, 37, 26, 23, 49, 38, 61, 15, 30, 2, 34, 52, 56, 17, 41, 29, 62, 48, 5, 59, 40, 13, 39, 47, 55, 25, 18, 21, 6, 31, 43, 11, 20, 44, 54, 7, 19, 46, 9, 36, 53, 16, 64, 12, 10, 63, 45, 42, 33, 24]
Run 10:
Best OCplx: 1.9762656194822608
Best Sequence: [65, 36, 58, 48, 64, 24, 59, 49, 20, 57, 16, 60, 41, 34, 14, 1, 33, 52, 61, 55, 27, 32, 28, 13, 22, 62, 39, 19, 38, 51, 46, 25, 40, 29, 50, 17, 5, 35, 3, 2, 11, 37, 12, 44, 26, 53, 56, 18, 54, 6, 45, 15, 23, 47, 63, 43, 8, 31, 9, 21, 10, 42, 30, 7, 4]
Run 11:
Best OCplx: 1.9375431489665889
Best Sequence: [60, 65, 58, 28, 63, 38, 14, 62, 27, 19, 15, 8, 43, 21, 22, 33, 4, 51, 11, 29, 64, 46, 13, 50, 56, 24, 30, 35, 48, 59, 7, 20, 16, 25, 3, 42, 52, 36, 1, 44, 61, 53, 39, 2, 5, 17, 34, 49, 32, 57, 9, 37, 6, 26, 41, 18, 12, 10, 47, 40, 45, 54, 23, 55, 31]
Run 12:
Best OCplx: 1.939753905250405
Best Sequence: [11, 65, 58, 27, 63, 29, 40, 57, 42, 28, 64, 60, 37, 22, 36, 43, 19, 23, 8, 44, 17, 9, 2, 16, 13, 14, 26, 52, 1, 45, 38, 20, 10, 39, 53, 61, 47, 5, 18, 6, 51, 62, 50, 12, 31, 7, 15, 59, 35, 32, 48, 24, 33, 46, 30, 4, 54, 3, 56, 21, 34, 41, 49, 55, 25]
Run 13:
Best OCplx: 1.596377102563077
Best Sequence: [65, 58, 24, 14, 22, 17, 23, 37, 2, 13, 11, 31, 34, 29, 54, 60, 39, 21, 56, 15, 59, 52, 16, 48, 50, 4, 9, 49, 43, 38, 57, 55, 45, 47, 35, 42, 51, 33, 28, 64, 27, 12, 61, 6, 46, 62, 44, 40, 19, 53, 8, 30, 32, 25, 3, 7, 36, 41, 20, 5, 63, 18, 10, 26, 1]
Run 14:
Best OCplx: 2.01230169395543
Best Sequence: [60, 65, 2, 58, 30, 32, 16, 10, 52, 14, 43, 27, 51, 28, 6, 29, 50, 64, 7, 57, 40, 56, 5, 22, 36, 9, 59, 35, 25, 46, 44, 4, 49, 24, 42, 15, 54, 63, 61, 17, 13, 37, 21, 53, 19, 8, 23, 34, 1, 3, 47, 33, 26, 18, 55, 11, 62, 41, 20, 31, 48, 38, 12, 39, 45]
Run 15:
Best OCplx: 1.9581065922927727
Best Sequence: [60, 65, 58, 24, 23, 11, 21, 31, 9, 62, 14, 46, 25, 27, 6, 19, 13, 15, 43, 49, 29, 22, 8, 4, 3, 36, 61, 16, 2, 32, 17, 50, 35, 63, 37, 45, 34, 5, 42, 39, 51, 28, 41, 54, 47, 1, 59, 53, 18, 55, 26, 30, 38, 20, 7, 12, 40, 10, 56, 57, 44, 33, 64, 48, 52]
Run 16:
Best OCplx: 1.8237567449104966
Best Sequence: [60, 65, 62, 53, 19, 8, 17, 24, 10, 4, 58, 13, 64, 45, 22, 32, 27, 35, 28, 39, 41, 31, 3, 55, 6, 9, 38, 33, 25, 51, 37, 52, 54, 1, 12, 15, 46, 14, 16, 50, 49, 43, 21, 47, 48, 29, 7, 5, 34, 63, 30, 56, 57, 23, 26, 59, 40, 36, 2, 44, 11, 61, 18, 20, 42]
Run 17:
Best OCplx: 1.8039114796333025
Best Sequence: [65, 11, 58, 44, 4, 19, 32, 26, 24, 9, 17, 27, 61, 22, 40, 35, 37, 16, 23, 12, 60, 6, 42, 49, 8, 39, 7, 48, 64, 56, 45, 13, 38, 57, 43, 47, 33, 63, 52, 31, 1, 18, 54, 15, 55, 29, 59, 50, 14, 2, 62, 41, 21, 20, 3, 51, 46, 34, 5, 36, 28, 25, 53, 30, 10]
Run 18:
Best OCplx: 1.7554514815452393
Best Sequence: [14, 1, 65, 6, 17, 45, 58, 22, 24, 62, 9, 40, 16, 20, 19, 51, 29, 28, 13, 33, 39, 46, 27, 26, 4, 60, 36, 25, 48, 8, 54, 23, 10, 44, 3, 31, 55, 5, 50, 2, 56, 43, 15, 53, 63, 59, 61, 41, 37, 30, 11, 12, 35, 21, 64, 32, 7, 38, 18, 52, 42, 47, 49, 57, 34]
Run 19:
Best OCplx: 1.8414107510485724
Best Sequence: [65, 58, 17, 34, 54, 11, 3, 24, 1, 37, 44, 59, 13, 7, 22, 35, 33, 4, 6, 40, 45, 14, 60, 56, 51, 2, 5, 63, 53, 8, 47, 28, 42, 31, 41, 62, 52, 15, 16, 12, 38, 29, 39, 32, 49, 18, 27, 61, 64, 19, 57, 36, 23, 20, 50, 10, 46, 21, 25, 43, 55, 48, 30, 26, 9]
Run 20:
Best OCplx: 1.997623439551046
Best Sequence: [8, 65, 58, 46, 11, 19, 13, 54, 12, 34, 38, 22, 51, 2, 23, 14, 20, 27, 30, 28, 3, 40, 9, 43, 1, 32, 10, 50, 17, 60, 15, 21, 5, 45, 41, 52, 64, 63, 31, 39, 29, 48, 18, 25, 36, 42, 56, 33, 35, 37, 26, 6, 7, 62, 44, 57, 55, 49, 16, 24, 59, 53, 47, 4, 61]
Run 21:
Best OCplx: 1.979321921828071
Best Sequence: [65, 58, 13, 4, 62, 29, 59, 52, 40, 14, 7, 21, 47, 34, 38, 56, 3, 11, 45, 6, 27, 22, 60, 17, 42, 33, 44, 2, 24, 39, 55, 61, 26, 8, 49, 9, 12, 51, 35, 31, 43, 48, 32, 30, 41, 25, 28, 19, 57, 18, 50, 36, 20, 64, 37, 1, 53, 16, 15, 5, 54, 46, 23, 63, 10]
Run 22:
Best OCplx: 2.0009942895398356
Best Sequence: [11, 65, 10, 58, 59, 28, 14, 4, 17, 2, 25, 46, 60, 1, 61, 63, 42, 64, 31, 24, 22, 35, 41, 3, 49, 54, 45, 15, 53, 52, 19, 20, 9, 16, 12, 37, 44, 6, 13, 57, 5, 55, 21, 23, 27, 50, 39, 7, 32, 40, 34, 18, 38, 8, 33, 26, 62, 36, 48, 47, 51, 56, 30, 29, 43]
Run 23:
Best OCplx: 1.921779511674768
Best Sequence: [65, 14, 60, 58, 44, 36, 22, 48, 38, 28, 1, 51, 17, 26, 27, 54, 56, 8, 63, 10, 34, 31, 59, 29, 64, 41, 19, 20, 62, 32, 3, 23, 4, 12, 13, 5, 30, 42, 35, 24, 33, 25, 50, 55, 2, 61, 11, 43, 52, 45, 21, 7, 40, 16, 47, 9, 46, 57, 53, 18, 37, 49, 6, 39, 15]
Run 24:
Best OCplx: 2.034046868576023
Best Sequence: [65, 58, 30, 27, 19, 33, 61, 49, 6, 18, 9, 55, 31, 22, 23, 7, 20, 36, 64, 63, 46, 62, 13, 52, 59, 25, 17, 28, 2, 12, 60, 45, 44, 8, 54, 48, 1, 29, 37, 16, 24, 14, 43, 50, 10, 5, 32, 40, 34, 15, 26, 3, 51, 39, 21, 35, 53, 42, 41, 47, 56, 4, 38, 11, 57]
Run 25:
Best OCplx: 1.9126564349272035
Best Sequence: [60, 65, 6, 17, 9, 58, 27, 64, 52, 43, 56, 63, 22, 37, 39, 28, 10, 16, 49, 46, 7, 54, 20, 35, 62, 51, 26, 38, 59, 21, 3, 11, 61, 41, 34, 30, 44, 12, 24, 4, 45, 1, 25, 29, 57, 42, 14, 40, 15, 47, 23, 55, 19, 33, 32, 36, 5, 2, 13, 31, 8, 48, 53, 50, 18]
Run 26:
Best OCplx: 1.7902735563136312
Best Sequence: [65, 58, 15, 38, 26, 4, 19, 17, 36, 57, 13, 59, 24, 55, 64, 10, 28, 27, 9, 22, 56, 14, 49, 45, 50, 37, 12, 25, 42, 41, 6, 30, 11, 33, 3, 23, 1, 47, 53, 39, 63, 21, 20, 54, 52, 35, 18, 29, 60, 7, 46, 5, 44, 16, 40, 48, 32, 8, 51, 43, 61, 62, 34, 31, 2]
Run 27:
Best OCplx: 2.126964920166419
Best Sequence: [60, 65, 14, 62, 58, 22, 46, 39, 26, 19, 10, 6, 17, 32, 53, 28, 52, 21, 48, 20, 23, 9, 31, 12, 63, 4, 7, 57, 37, 33, 47, 64, 27, 35, 13, 61, 18, 51, 40, 24, 54, 5, 41, 3, 44, 34, 29, 59, 2, 25, 42, 8, 38, 30, 1, 11, 55, 45, 15, 56, 43, 49, 36, 16, 50]
Run 28:
Best OCplx: 2.063039595526818
Best Sequence: [65, 26, 58, 31, 57, 34, 39, 3, 13, 27, 9, 46, 10, 64, 15, 20, 29, 36, 11, 53, 47, 14, 61, 30, 33, 50, 40, 19, 59, 17, 8, 52, 6, 22, 35, 63, 49, 23, 16, 56, 45, 55, 21, 48, 54, 25, 42, 24, 62, 32, 51, 41, 4, 37, 28, 2, 1, 5, 60, 38, 43, 12, 18, 7, 44]
Run 29:
Best OCplx: 1.8613394540555281
Best Sequence: [65, 1, 29, 12, 62, 58, 23, 39, 8, 10, 17, 48, 27, 56, 59, 24, 53, 35, 4, 19, 22, 38, 28, 63, 34, 57, 20, 52, 15, 43, 30, 14, 31, 21, 40, 9, 6, 2, 60, 51, 41, 7, 16, 36, 49, 37, 61, 64, 33, 11, 47, 45, 55, 46, 3, 18, 13, 32, 5, 50, 42, 25, 54, 44, 26]
Run 30:
Best OCplx: 1.8200079007817795
Best Sequence: [65, 60, 61, 27, 24, 17, 58, 15, 55, 7, 64, 1, 40, 14, 35, 54, 22, 52, 26, 56, 8, 23, 34, 29, 36, 41, 30, 48, 42, 45, 38, 50, 63, 20, 9, 31, 21, 25, 39, 32, 10, 28, 44, 59, 49, 57, 6, 33, 11, 5, 46, 51, 2, 47, 53, 12, 19, 18, 37, 62, 4, 13, 3, 16, 43]
Learning Rate: 0.001
Epsilon: 0.15
Gamma: 0.9
Target Update: 50
Memory Capacity: 20000
Batch Size: 64
if_EWM: True

