Run 1:
Best OCplx: 2.216214704768458
Best Sequence: [8, 6, 15, 5, 9, 12, 3, 23, 4, 14, 16, 10, 7, 22, 24, 19, 20, 21, 1, 18, 17, 13, 2, 11, 25]
Run 2:
Best OCplx: 2.5121258794676162
Best Sequence: [12, 15, 9, 5, 8, 3, 23, 6, 4, 14, 16, 21, 19, 20, 2, 1, 22, 24, 11, 17, 25, 10, 18, 13, 7]
Run 3:
Best OCplx: 2.06702003157228
Best Sequence: [5, 8, 9, 15, 12, 3, 23, 4, 14, 16, 1, 10, 2, 19, 24, 22, 6, 7, 20, 21, 11, 17, 25, 18, 13]
Run 4:
Best OCplx: 2.576402325008934
Best Sequence: [9, 8, 4, 5, 12, 3, 15, 23, 14, 16, 6, 19, 24, 20, 10, 21, 11, 2, 25, 18, 13, 17, 7, 22, 1]
Run 5:
Best OCplx: 2.2532145592100123
Best Sequence: [23, 5, 15, 8, 12, 9, 3, 4, 16, 20, 2, 25, 13, 6, 7, 1, 21, 17, 10, 11, 14, 19, 22, 24, 18]
Run 6:
Best OCplx: 2.3441911486462845
Best Sequence: [12, 9, 3, 5, 15, 8, 23, 4, 16, 7, 21, 17, 1, 10, 20, 13, 11, 24, 2, 6, 19, 25, 18, 22, 14]
Run 7:
Best OCplx: 2.256864096670311
Best Sequence: [5, 23, 15, 12, 9, 3, 8, 4, 6, 14, 16, 19, 1, 11, 22, 20, 2, 21, 17, 13, 10, 24, 25, 18, 7]
Run 8:
Best OCplx: 2.131979648860352
Best Sequence: [23, 9, 5, 15, 12, 3, 8, 14, 4, 16, 10, 1, 19, 20, 7, 2, 13, 22, 11, 25, 6, 17, 24, 21, 18]
Run 9:
Best OCplx: 2.1938702988373797
Best Sequence: [12, 5, 9, 8, 3, 15, 4, 11, 16, 19, 10, 20, 24, 2, 14, 7, 22, 21, 25, 13, 23, 1, 18, 17, 6]
Run 10:
Best OCplx: 2.033837782981963
Best Sequence: [12, 9, 5, 3, 15, 8, 23, 4, 16, 1, 10, 21, 13, 19, 24, 11, 20, 22, 17, 2, 14, 6, 18, 25, 7]
Run 11:
Best OCplx: 2.182216608961061
Best Sequence: [12, 8, 5, 9, 15, 3, 14, 4, 23, 6, 16, 17, 20, 7, 19, 22, 21, 2, 1, 10, 11, 24, 25, 18, 13]
Run 12:
Best OCplx: 2.0376151519057437
Best Sequence: [3, 12, 5, 15, 9, 8, 23, 16, 19, 1, 11, 22, 20, 10, 14, 21, 24, 18, 2, 17, 4, 13, 25, 6, 7]
Run 13:
Best OCplx: 2.424297210745542
Best Sequence: [5, 15, 3, 9, 12, 8, 16, 19, 1, 14, 20, 21, 10, 4, 2, 6, 11, 13, 24, 17, 23, 18, 25, 7, 22]
Run 14:
Best OCplx: 2.1193205230094487
Best Sequence: [15, 8, 12, 9, 5, 3, 23, 4, 16, 2, 22, 1, 25, 19, 14, 20, 10, 11, 17, 21, 6, 24, 7, 18, 13]
Run 15:
Best OCplx: 2.3397900796148465
Best Sequence: [4, 9, 15, 12, 5, 8, 3, 23, 16, 10, 19, 17, 2, 11, 6, 22, 14, 20, 21, 18, 24, 1, 7, 25, 13]
Run 16:
Best OCplx: 2.32760915304856
Best Sequence: [2, 15, 3, 9, 8, 5, 6, 12, 23, 4, 14, 16, 22, 1, 7, 11, 19, 17, 20, 13, 21, 10, 25, 18, 24]
Run 17:
Best OCplx: 2.044147082087232
Best Sequence: [8, 12, 15, 9, 5, 3, 23, 4, 14, 16, 10, 19, 17, 22, 7, 21, 20, 2, 6, 13, 1, 24, 25, 18, 11]
Run 18:
Best OCplx: 2.444530349298525
Best Sequence: [23, 5, 15, 9, 3, 12, 8, 16, 2, 1, 20, 19, 22, 21, 24, 17, 6, 10, 4, 7, 18, 14, 13, 11, 25]
Run 19:
Best OCplx: 2.352179066906899
Best Sequence: [4, 9, 5, 15, 8, 12, 3, 16, 19, 7, 22, 23, 2, 21, 14, 10, 25, 1, 24, 6, 17, 13, 11, 20, 18]
Run 20:
Best OCplx: 2.412141606054649
Best Sequence: [9, 5, 15, 12, 3, 8, 16, 7, 2, 23, 19, 24, 21, 1, 20, 11, 25, 6, 10, 4, 14, 13, 22, 18, 17]
Run 21:
Best OCplx: 2.151677440907075
Best Sequence: [3, 9, 5, 8, 15, 12, 4, 23, 16, 22, 1, 19, 21, 2, 10, 25, 14, 17, 20, 24, 13, 11, 18, 6, 7]
Run 22:
Best OCplx: 2.2425206295476947
Best Sequence: [12, 15, 3, 5, 9, 8, 4, 16, 2, 20, 1, 7, 13, 19, 25, 23, 17, 10, 21, 24, 6, 22, 14, 11, 18]
Run 23:
Best OCplx: 2.146828303216776
Best Sequence: [8, 5, 3, 9, 12, 15, 16, 1, 19, 22, 10, 17, 7, 20, 2, 4, 21, 18, 25, 6, 11, 24, 23, 14, 13]
Run 24:
Best OCplx: 2.4565602774956705
Best Sequence: [23, 5, 15, 12, 9, 3, 8, 4, 16, 20, 6, 10, 7, 18, 19, 21, 13, 17, 2, 1, 24, 14, 25, 22, 11]
Run 25:
Best OCplx: 2.358197058934498
Best Sequence: [3, 9, 12, 15, 5, 14, 8, 4, 23, 6, 16, 1, 11, 19, 22, 21, 20, 17, 10, 2, 13, 25, 7, 24, 18]
Run 26:
Best OCplx: 2.5067238831507823
Best Sequence: [4, 9, 12, 15, 5, 3, 8, 23, 6, 16, 10, 19, 2, 24, 14, 11, 20, 21, 22, 7, 17, 13, 18, 1, 25]
Run 27:
Best OCplx: 1.971277836797767
Best Sequence: [5, 15, 12, 9, 8, 3, 4, 23, 16, 19, 1, 22, 17, 10, 2, 20, 21, 25, 11, 6, 14, 13, 24, 18, 7]
Run 28:
Best OCplx: 2.049860409465678
Best Sequence: [9, 3, 8, 12, 5, 15, 4, 23, 16, 2, 10, 22, 1, 11, 17, 20, 19, 21, 24, 18, 7, 6, 13, 14, 25]
Run 29:
Best OCplx: 2.1982826281938164
Best Sequence: [12, 5, 15, 3, 9, 8, 23, 4, 14, 16, 6, 1, 19, 17, 11, 7, 20, 2, 13, 10, 22, 21, 25, 24, 18]
Run 30:
Best OCplx: 2.2097347099154256
Best Sequence: [9, 12, 5, 15, 3, 8, 4, 23, 2, 16, 19, 1, 20, 6, 13, 21, 10, 22, 24, 18, 7, 14, 25, 11, 17]
