Run 1:
Best OCplx: 4.11236651534129
Best Sequence: [31, 46, 60, 15, 21, 8, 39, 44, 49, 57, 9, 36, 14, 34, 5, 53, 24, 23, 19, 58, 17, 1, 4, 59, 22, 43, 41, 48, 27, 10, 61, 47, 35, 37, 25, 11, 30, 18, 13, 54, 28, 2, 6, 56, 45, 29, 32, 26, 7, 55, 20, 16, 12, 42, 52, 3, 51, 40, 33, 38, 50]
Run 2:
Best OCplx: 4.718709112054877
Best Sequence: [13, 40, 28, 39, 53, 21, 34, 6, 49, 8, 44, 10, 9, 43, 47, 59, 61, 17, 54, 22, 46, 5, 58, 24, 36, 60, 27, 1, 15, 41, 48, 25, 31, 37, 57, 11, 4, 18, 14, 35, 7, 2, 45, 16, 19, 56, 29, 55, 26, 30, 51, 23, 12, 33, 32, 3, 38, 52, 20, 50, 42]
Run 3:
Best OCplx: 4.678502006522745
Best Sequence: [23, 21, 53, 43, 27, 34, 39, 17, 46, 28, 44, 61, 40, 9, 31, 15, 13, 60, 10, 11, 47, 58, 8, 26, 41, 7, 6, 24, 59, 16, 29, 30, 49, 1, 45, 36, 2, 57, 25, 4, 22, 48, 37, 54, 56, 18, 19, 32, 35, 14, 55, 3, 20, 38, 50, 52, 12, 5, 51, 42, 33]
Run 4:
Best OCplx: 3.91336649719596
Best Sequence: [13, 21, 61, 9, 48, 46, 5, 39, 44, 17, 8, 58, 15, 31, 28, 40, 47, 10, 22, 43, 53, 27, 59, 49, 60, 34, 41, 14, 56, 24, 57, 25, 32, 26, 55, 23, 29, 11, 18, 52, 20, 1, 38, 19, 7, 30, 36, 16, 45, 35, 37, 51, 2, 54, 4, 50, 33, 3, 42, 6, 12]
Run 5:
Best OCplx: 4.374241247316852
Best Sequence: [30, 15, 10, 34, 61, 29, 39, 8, 46, 21, 31, 36, 44, 37, 28, 58, 60, 53, 6, 59, 27, 2, 13, 47, 17, 4, 49, 19, 18, 25, 5, 57, 7, 22, 23, 35, 11, 24, 56, 43, 48, 14, 16, 40, 26, 9, 55, 54, 45, 41, 32, 1, 38, 42, 20, 33, 51, 12, 50, 3, 52]
Run 6:
Best OCplx: 5.344194742596415
Best Sequence: [35, 13, 29, 37, 22, 21, 17, 27, 61, 59, 15, 47, 23, 39, 43, 46, 49, 28, 8, 9, 10, 16, 14, 31, 53, 36, 58, 5, 60, 41, 34, 4, 11, 32, 40, 56, 2, 45, 24, 6, 26, 48, 19, 18, 7, 1, 25, 44, 55, 57, 38, 42, 52, 30, 20, 54, 51, 12, 50, 33, 3]
Run 7:
Best OCplx: 2.921133779322484
Best Sequence: [8, 39, 49, 46, 34, 15, 58, 9, 36, 37, 40, 5, 47, 61, 17, 43, 44, 31, 59, 10, 28, 27, 60, 21, 54, 55, 35, 41, 32, 20, 23, 6, 13, 29, 30, 56, 57, 22, 50, 19, 42, 25, 48, 51, 53, 38, 12, 7, 4, 52, 14, 2, 33, 3, 18, 11, 16, 26, 24, 45, 1]
Run 8:
Best OCplx: 4.642281631174046
Best Sequence: [44, 61, 47, 59, 13, 53, 9, 46, 21, 34, 17, 1, 40, 24, 4, 60, 48, 5, 49, 27, 28, 31, 19, 2, 8, 43, 16, 7, 11, 45, 41, 25, 15, 39, 26, 37, 10, 58, 14, 6, 56, 29, 22, 57, 18, 30, 3, 32, 54, 23, 35, 20, 55, 36, 42, 38, 50, 51, 52, 12, 33]
Run 9:
Best OCplx: 2.6892669962884637
Best Sequence: [28, 8, 46, 39, 21, 57, 35, 17, 58, 40, 61, 5, 37, 15, 14, 27, 44, 36, 47, 34, 22, 31, 16, 23, 60, 13, 30, 43, 49, 48, 6, 56, 4, 10, 9, 29, 18, 55, 59, 32, 45, 54, 53, 26, 41, 24, 7, 25, 1, 19, 2, 20, 11, 3, 50, 42, 12, 38, 51, 33, 52]
Run 10:
Best OCplx: 3.805366903254389
Best Sequence: [31, 46, 41, 5, 37, 21, 13, 48, 8, 28, 36, 11, 57, 17, 10, 49, 58, 35, 53, 60, 40, 24, 14, 43, 61, 15, 7, 47, 45, 59, 4, 34, 44, 23, 32, 25, 30, 27, 54, 16, 1, 29, 39, 22, 55, 42, 52, 9, 26, 56, 38, 2, 33, 20, 18, 3, 50, 12, 6, 51, 19]
Run 11:
Best OCplx: 3.459947156762455
Best Sequence: [40, 9, 49, 21, 59, 47, 46, 39, 13, 17, 44, 8, 15, 37, 31, 29, 28, 5, 35, 43, 34, 4, 53, 14, 60, 18, 61, 41, 27, 16, 48, 45, 58, 57, 7, 36, 22, 56, 30, 25, 19, 1, 11, 10, 26, 32, 24, 55, 54, 2, 23, 38, 12, 20, 50, 6, 3, 52, 42, 33, 51]
Run 12:
Best OCplx: 4.018577685203333
Best Sequence: [60, 10, 31, 15, 47, 58, 13, 40, 59, 36, 44, 61, 8, 28, 43, 5, 49, 27, 46, 17, 39, 9, 53, 6, 21, 11, 41, 24, 34, 16, 19, 55, 7, 18, 14, 45, 29, 33, 35, 54, 37, 4, 57, 1, 23, 51, 32, 22, 25, 42, 56, 26, 38, 12, 52, 3, 2, 48, 30, 50, 20]
Run 13:
Best OCplx: 5.072586205517158
Best Sequence: [46, 7, 39, 49, 59, 36, 35, 58, 21, 8, 40, 54, 6, 28, 31, 26, 60, 41, 3, 37, 18, 4, 24, 17, 10, 43, 9, 16, 5, 27, 56, 14, 44, 23, 45, 11, 1, 29, 47, 32, 48, 19, 22, 13, 2, 57, 15, 30, 61, 25, 34, 20, 55, 53, 42, 38, 33, 52, 51, 50, 12]
Run 14:
Best OCplx: 4.596234364208757
Best Sequence: [3, 60, 39, 27, 21, 28, 8, 61, 47, 58, 10, 40, 31, 22, 36, 46, 43, 37, 49, 34, 41, 44, 17, 23, 35, 15, 53, 7, 26, 11, 13, 2, 54, 9, 6, 25, 16, 4, 24, 48, 59, 19, 29, 14, 57, 18, 30, 5, 32, 20, 45, 55, 51, 56, 52, 50, 38, 12, 42, 33, 1]
Run 15:
Best OCplx: 4.177556481090208
Best Sequence: [8, 53, 59, 61, 36, 60, 9, 58, 44, 13, 46, 40, 27, 43, 28, 10, 34, 39, 49, 31, 15, 17, 22, 5, 21, 47, 37, 25, 55, 24, 29, 16, 19, 32, 4, 52, 45, 30, 1, 33, 41, 11, 14, 20, 57, 35, 12, 56, 51, 2, 6, 48, 42, 54, 3, 38, 50, 23, 26, 7, 18]
Run 16:
Best OCplx: 4.795147978238335
Best Sequence: [39, 23, 5, 31, 28, 46, 36, 27, 43, 59, 61, 53, 58, 15, 49, 17, 60, 9, 44, 40, 47, 13, 41, 8, 22, 37, 21, 10, 29, 4, 35, 57, 55, 25, 33, 24, 34, 52, 7, 19, 16, 48, 51, 1, 45, 32, 2, 56, 30, 20, 26, 11, 54, 42, 18, 14, 6, 50, 3, 38, 12]
Run 17:
Best OCplx: 4.11308727623388
Best Sequence: [13, 21, 34, 37, 60, 47, 53, 46, 39, 61, 10, 58, 43, 44, 59, 54, 45, 17, 31, 49, 8, 19, 6, 57, 16, 18, 9, 35, 36, 24, 27, 1, 40, 29, 23, 4, 26, 48, 14, 25, 7, 30, 41, 28, 15, 32, 5, 55, 2, 22, 20, 38, 50, 3, 51, 56, 33, 52, 11, 12, 42]
Run 18:
Best OCplx: 4.690245511885467
Best Sequence: [10, 21, 53, 59, 19, 36, 9, 25, 27, 3, 46, 31, 5, 35, 17, 14, 47, 40, 8, 26, 58, 34, 18, 60, 13, 22, 44, 39, 48, 15, 37, 4, 45, 54, 41, 57, 16, 11, 28, 43, 49, 30, 23, 7, 29, 1, 2, 20, 61, 6, 32, 56, 55, 24, 38, 42, 51, 50, 12, 33, 52]
Run 19:
Best OCplx: 4.734569434660343
Best Sequence: [40, 60, 45, 34, 37, 46, 27, 17, 8, 47, 28, 48, 16, 9, 13, 36, 44, 5, 21, 58, 22, 30, 61, 43, 10, 57, 31, 23, 24, 53, 1, 15, 56, 35, 4, 7, 59, 29, 11, 54, 2, 39, 41, 32, 49, 26, 14, 19, 6, 25, 55, 3, 18, 20, 51, 42, 52, 38, 33, 50, 12]
Run 20:
Best OCplx: 4.681358766779617
Best Sequence: [5, 8, 40, 21, 17, 31, 43, 54, 1, 28, 48, 10, 36, 61, 4, 58, 19, 24, 47, 44, 49, 46, 23, 22, 11, 35, 9, 30, 15, 16, 39, 60, 18, 13, 37, 56, 34, 41, 59, 26, 53, 25, 14, 29, 7, 27, 42, 6, 57, 32, 45, 3, 2, 20, 33, 55, 52, 50, 38, 51, 12]
Run 21:
Best OCplx: 3.6176332822719903
Best Sequence: [37, 39, 40, 28, 27, 60, 15, 58, 49, 17, 31, 46, 47, 59, 5, 43, 8, 10, 9, 36, 13, 34, 21, 24, 41, 16, 35, 11, 44, 53, 54, 19, 30, 61, 18, 22, 26, 32, 55, 56, 7, 48, 6, 20, 42, 57, 23, 4, 1, 12, 38, 33, 29, 3, 51, 25, 14, 2, 45, 52, 50]
Run 22:
Best OCplx: 4.925983077886076
Best Sequence: [46, 15, 25, 13, 21, 58, 8, 56, 11, 9, 61, 59, 39, 53, 30, 17, 44, 49, 27, 22, 34, 26, 40, 37, 60, 43, 5, 28, 31, 19, 41, 36, 1, 45, 7, 16, 54, 29, 6, 35, 24, 23, 57, 48, 55, 10, 14, 32, 3, 4, 2, 18, 20, 52, 47, 42, 51, 12, 38, 33, 50]
Run 23:
Best OCplx: 4.21085788631364
Best Sequence: [11, 17, 37, 5, 47, 21, 13, 60, 22, 8, 58, 24, 9, 6, 15, 46, 61, 34, 49, 31, 57, 27, 59, 19, 54, 28, 10, 39, 53, 7, 45, 30, 40, 36, 25, 43, 14, 26, 35, 4, 18, 56, 41, 16, 20, 44, 48, 55, 32, 2, 1, 29, 50, 23, 51, 38, 52, 33, 3, 42, 12]
Run 24:
Best OCplx: 3.8059622492851735
Best Sequence: [9, 8, 49, 60, 21, 61, 36, 30, 34, 7, 13, 22, 40, 35, 15, 27, 18, 5, 56, 53, 37, 46, 59, 47, 28, 58, 24, 44, 17, 57, 43, 41, 45, 10, 25, 4, 39, 16, 2, 23, 31, 14, 11, 29, 54, 48, 20, 6, 26, 19, 32, 1, 55, 3, 51, 12, 38, 50, 52, 33, 42]
Run 25:
Best OCplx: 4.272388785099493
Best Sequence: [27, 34, 40, 49, 17, 31, 9, 60, 46, 13, 39, 53, 10, 28, 47, 8, 59, 43, 61, 36, 15, 5, 37, 21, 54, 55, 26, 58, 29, 57, 2, 38, 33, 44, 32, 6, 52, 20, 11, 16, 1, 22, 23, 25, 35, 56, 24, 50, 42, 3, 18, 7, 30, 19, 48, 4, 45, 14, 41, 12, 51]
Run 26:
Best OCplx: 4.440359734785952
Best Sequence: [8, 31, 5, 40, 36, 59, 43, 41, 9, 34, 15, 53, 60, 61, 47, 58, 10, 44, 39, 49, 46, 13, 17, 28, 21, 22, 16, 19, 6, 27, 7, 35, 11, 55, 42, 4, 24, 37, 29, 1, 52, 32, 56, 14, 18, 2, 20, 51, 54, 23, 26, 38, 50, 45, 30, 57, 33, 48, 3, 25, 12]
Run 27:
Best OCplx: 5.068616530561587
Best Sequence: [49, 13, 27, 8, 60, 36, 28, 21, 43, 9, 40, 7, 17, 53, 58, 41, 31, 15, 10, 18, 14, 44, 37, 22, 47, 34, 57, 54, 5, 61, 30, 46, 59, 6, 24, 4, 35, 48, 56, 1, 45, 25, 23, 39, 29, 19, 26, 2, 16, 11, 32, 50, 3, 55, 42, 20, 38, 33, 12, 52, 51]
Run 28:
Best OCplx: 4.068872237239001
Best Sequence: [34, 21, 8, 4, 36, 27, 39, 46, 10, 40, 58, 35, 61, 15, 44, 47, 7, 41, 25, 31, 57, 43, 28, 30, 49, 11, 60, 59, 5, 6, 17, 13, 14, 18, 20, 2, 32, 55, 24, 23, 26, 29, 45, 53, 19, 54, 22, 3, 48, 42, 56, 16, 9, 37, 1, 51, 52, 38, 33, 50, 12]
Run 29:
Best OCplx: 4.403445206000341
Best Sequence: [47, 13, 36, 53, 40, 58, 44, 60, 10, 8, 34, 5, 39, 27, 17, 46, 37, 28, 43, 15, 61, 22, 31, 21, 49, 54, 25, 48, 9, 1, 32, 35, 59, 57, 11, 23, 56, 4, 6, 24, 38, 55, 52, 29, 12, 14, 50, 30, 26, 41, 33, 45, 7, 20, 3, 2, 18, 19, 42, 51, 16]
Run 30:
Best OCplx: 6.494649202279254
Best Sequence: [37, 46, 57, 13, 43, 6, 5, 8, 59, 21, 22, 9, 28, 39, 47, 27, 17, 11, 40, 36, 60, 45, 10, 49, 53, 34, 14, 58, 23, 16, 1, 31, 24, 19, 30, 35, 15, 61, 41, 26, 56, 18, 2, 44, 54, 25, 55, 7, 29, 4, 50, 48, 33, 38, 32, 51, 12, 52, 20, 3, 42]
