Run 1:
Best OCplx: 2.6771231560026654
Best Sequence: [46, 49, 15, 16, 47, 60, 5, 21, 59, 8, 40, 36, 10, 13, 34, 27, 28, 61, 43, 9, 44, 39, 17, 25, 7, 31, 53, 4, 11, 37, 48, 30, 54, 26, 58, 56, 14, 24, 57, 35, 2, 29, 32, 55, 20, 45, 23, 6, 18, 33, 19, 38, 1, 52, 51, 22, 50, 12, 42, 3, 41]
Run 2:
Best OCplx: 2.1261529666252805
Best Sequence: [27, 8, 39, 15, 31, 5, 21, 13, 30, 17, 46, 10, 36, 44, 28, 61, 40, 9, 25, 23, 59, 43, 49, 57, 47, 60, 22, 14, 7, 53, 35, 58, 48, 1, 54, 34, 37, 19, 45, 6, 11, 29, 2, 56, 41, 32, 16, 55, 26, 18, 24, 12, 52, 4, 20, 50, 51, 3, 38, 42, 33]
Run 3:
Best OCplx: 2.366403175192317
Best Sequence: [37, 61, 49, 44, 46, 27, 15, 17, 5, 28, 21, 40, 8, 60, 9, 13, 59, 53, 36, 31, 58, 7, 56, 29, 39, 48, 47, 10, 43, 34, 16, 30, 22, 57, 4, 6, 14, 23, 45, 2, 1, 19, 35, 41, 55, 18, 26, 24, 25, 32, 11, 54, 42, 38, 3, 51, 52, 20, 33, 50, 12]
Run 4:
Best OCplx: 2.1329371438117803
Best Sequence: [46, 60, 40, 49, 8, 37, 17, 31, 59, 44, 15, 39, 28, 5, 21, 61, 36, 10, 13, 6, 43, 34, 47, 22, 53, 58, 18, 9, 7, 27, 54, 26, 16, 11, 41, 14, 1, 24, 19, 25, 35, 29, 32, 57, 2, 48, 30, 45, 56, 55, 23, 4, 38, 51, 52, 20, 50, 42, 3, 12, 33]
Run 5:
Best OCplx: 1.0887290746530538
Best Sequence: [31, 28, 9, 53, 34, 8, 36, 60, 39, 46, 10, 44, 5, 17, 61, 49, 21, 13, 15, 47, 56, 26, 59, 58, 43, 25, 35, 11, 27, 22, 40, 30, 24, 45, 16, 48, 14, 6, 29, 7, 41, 4, 18, 23, 37, 57, 32, 2, 1, 55, 54, 20, 19, 38, 42, 52, 51, 12, 3, 50, 33]
Run 6:
Best OCplx: 2.2920003423488335
Best Sequence: [13, 5, 44, 61, 49, 27, 46, 15, 9, 58, 60, 17, 47, 21, 29, 59, 4, 8, 34, 14, 10, 39, 36, 43, 53, 28, 31, 25, 7, 30, 11, 19, 40, 56, 48, 23, 32, 16, 24, 2, 54, 37, 6, 22, 26, 45, 1, 57, 35, 18, 55, 20, 51, 33, 38, 41, 50, 42, 12, 3, 52]
Run 7:
Best OCplx: 2.513007921880487
Best Sequence: [17, 44, 15, 9, 5, 49, 28, 13, 21, 47, 8, 56, 36, 59, 4, 45, 46, 34, 10, 39, 31, 43, 27, 40, 26, 60, 35, 11, 24, 53, 48, 16, 18, 61, 58, 54, 23, 30, 2, 25, 37, 1, 6, 14, 29, 7, 19, 41, 22, 55, 32, 50, 57, 51, 3, 42, 20, 38, 33, 52, 12]
Run 8:
Best OCplx: 1.9843746265633326
Best Sequence: [5, 49, 46, 8, 60, 47, 44, 21, 59, 61, 34, 17, 13, 43, 10, 31, 58, 40, 1, 39, 57, 6, 9, 15, 28, 27, 53, 36, 2, 54, 4, 29, 7, 25, 18, 45, 24, 35, 14, 19, 55, 37, 26, 22, 41, 11, 56, 30, 23, 48, 42, 32, 16, 20, 51, 38, 3, 50, 33, 12, 52]
Run 9:
Best OCplx: 2.0651562047980843
Best Sequence: [49, 27, 61, 39, 17, 40, 36, 13, 5, 21, 8, 9, 28, 58, 10, 14, 48, 31, 44, 15, 53, 60, 46, 43, 56, 16, 47, 59, 34, 41, 18, 29, 19, 45, 35, 7, 24, 37, 54, 30, 2, 26, 25, 4, 55, 6, 22, 11, 57, 1, 23, 32, 20, 42, 51, 38, 50, 3, 33, 52, 12]
Run 10:
Best OCplx: 2.5865144149648582
Best Sequence: [8, 17, 58, 44, 21, 14, 7, 18, 15, 43, 5, 60, 29, 27, 31, 36, 46, 53, 49, 47, 9, 10, 56, 59, 28, 4, 39, 48, 13, 6, 34, 61, 40, 26, 2, 16, 24, 54, 23, 22, 30, 57, 41, 19, 55, 35, 25, 32, 45, 1, 11, 38, 20, 42, 37, 50, 51, 12, 33, 3, 52]
Run 11:
Best OCplx: 2.8055997746957315
Best Sequence: [27, 9, 43, 40, 28, 8, 59, 60, 46, 21, 15, 37, 44, 11, 29, 49, 24, 10, 34, 47, 45, 17, 13, 5, 36, 61, 31, 16, 58, 48, 39, 7, 25, 53, 6, 1, 56, 19, 2, 22, 30, 41, 57, 23, 4, 35, 55, 18, 54, 32, 14, 20, 3, 26, 38, 52, 42, 12, 51, 50, 33]
Run 12:
Best OCplx: 2.3195748487778483
Best Sequence: [44, 8, 60, 10, 40, 43, 46, 9, 28, 34, 31, 47, 59, 5, 61, 15, 27, 49, 21, 4, 16, 39, 36, 17, 30, 29, 58, 53, 13, 24, 14, 54, 19, 41, 25, 7, 1, 23, 22, 56, 45, 11, 35, 37, 55, 57, 52, 32, 20, 3, 26, 18, 42, 2, 48, 38, 12, 33, 50, 51, 6]
Run 13:
Best OCplx: 1.953655026906974
Best Sequence: [60, 8, 47, 28, 10, 46, 49, 40, 44, 31, 13, 61, 36, 17, 39, 9, 59, 21, 15, 48, 58, 5, 53, 41, 6, 27, 29, 26, 34, 56, 54, 57, 43, 18, 16, 4, 22, 23, 14, 1, 30, 35, 25, 11, 32, 7, 19, 55, 37, 20, 24, 45, 3, 51, 2, 38, 33, 42, 52, 50, 12]
Run 14:
Best OCplx: 1.8188309950021795
Best Sequence: [28, 44, 15, 8, 34, 46, 49, 60, 21, 36, 9, 47, 31, 59, 7, 17, 61, 10, 39, 5, 53, 27, 30, 35, 13, 25, 58, 40, 29, 14, 43, 48, 45, 24, 23, 19, 22, 4, 2, 56, 41, 6, 37, 26, 1, 18, 57, 32, 11, 20, 54, 55, 16, 3, 51, 42, 38, 52, 50, 12, 33]
Run 15:
Best OCplx: 2.913811152215525
Best Sequence: [5, 10, 9, 15, 43, 47, 53, 8, 61, 27, 28, 60, 49, 36, 39, 21, 46, 44, 13, 34, 31, 17, 40, 24, 59, 19, 14, 58, 37, 48, 54, 29, 30, 1, 4, 26, 35, 56, 16, 32, 55, 51, 7, 12, 6, 38, 18, 57, 41, 3, 23, 42, 25, 45, 20, 22, 50, 2, 52, 11, 33]
Run 16:
Best OCplx: 1.872053885495034
Best Sequence: [13, 53, 15, 60, 49, 61, 46, 59, 5, 8, 34, 21, 17, 9, 47, 22, 27, 7, 31, 36, 10, 39, 44, 30, 43, 28, 45, 48, 40, 25, 29, 58, 24, 11, 19, 54, 56, 23, 6, 14, 35, 57, 41, 37, 18, 20, 55, 2, 1, 32, 16, 38, 26, 51, 33, 4, 42, 12, 3, 52, 50]
Run 17:
Best OCplx: 2.3207854731401043
Best Sequence: [5, 36, 49, 60, 46, 31, 47, 21, 58, 27, 10, 29, 61, 28, 39, 15, 8, 13, 48, 54, 11, 43, 9, 34, 44, 45, 37, 25, 59, 40, 7, 56, 17, 18, 57, 4, 41, 35, 53, 22, 26, 1, 14, 6, 19, 16, 24, 32, 55, 2, 30, 20, 50, 38, 23, 33, 51, 42, 52, 3, 12]
Run 18:
Best OCplx: 1.6360320622500004
Best Sequence: [5, 47, 13, 39, 59, 8, 21, 15, 49, 27, 36, 46, 11, 18, 61, 26, 4, 44, 34, 40, 28, 58, 53, 23, 9, 60, 17, 10, 16, 43, 22, 45, 31, 25, 48, 35, 6, 37, 19, 29, 54, 57, 30, 56, 7, 24, 1, 32, 55, 41, 38, 2, 20, 14, 51, 42, 12, 3, 50, 33, 52]
Run 19:
Best OCplx: 2.4511760508720877
Best Sequence: [15, 28, 9, 46, 49, 39, 8, 36, 31, 59, 44, 40, 5, 21, 10, 17, 14, 13, 53, 1, 57, 34, 58, 47, 35, 23, 43, 27, 60, 61, 26, 25, 18, 6, 30, 54, 24, 37, 11, 4, 45, 29, 56, 7, 16, 22, 2, 41, 19, 48, 55, 20, 32, 38, 52, 50, 3, 12, 33, 42, 51]
Run 20:
Best OCplx: 1.3610871601029264
Best Sequence: [5, 31, 9, 15, 59, 8, 43, 34, 53, 27, 46, 36, 44, 61, 10, 39, 47, 28, 13, 21, 17, 60, 48, 22, 19, 26, 58, 29, 49, 54, 14, 23, 4, 25, 41, 35, 30, 24, 40, 11, 7, 57, 37, 45, 18, 16, 56, 1, 2, 32, 55, 20, 6, 42, 3, 50, 51, 38, 52, 12, 33]
Run 21:
Best OCplx: 2.931148770289503
Best Sequence: [31, 34, 46, 21, 47, 39, 25, 58, 8, 48, 36, 17, 10, 44, 24, 27, 9, 7, 54, 45, 15, 61, 43, 30, 59, 13, 53, 28, 22, 29, 49, 57, 60, 56, 5, 37, 6, 35, 14, 23, 2, 19, 40, 11, 16, 32, 18, 55, 1, 51, 4, 41, 38, 26, 20, 42, 50, 52, 12, 3, 33]
Run 22:
Best OCplx: 2.1121852941647656
Best Sequence: [13, 9, 43, 60, 5, 21, 59, 44, 56, 49, 46, 31, 10, 58, 25, 8, 27, 53, 61, 24, 35, 34, 40, 26, 36, 15, 28, 45, 17, 39, 54, 47, 14, 11, 30, 22, 18, 57, 7, 41, 48, 19, 16, 6, 2, 23, 37, 4, 1, 29, 32, 55, 3, 20, 42, 51, 38, 52, 12, 50, 33]
Run 23:
Best OCplx: 1.8779697707959364
Best Sequence: [61, 44, 47, 15, 5, 9, 59, 46, 27, 8, 31, 21, 34, 17, 13, 36, 28, 39, 10, 49, 43, 40, 53, 14, 57, 60, 25, 30, 54, 2, 58, 6, 4, 45, 56, 29, 19, 55, 1, 26, 24, 48, 7, 18, 11, 32, 3, 20, 22, 41, 38, 23, 35, 16, 33, 52, 37, 42, 12, 51, 50]
Run 24:
Best OCplx: 3.4555197131023223
Best Sequence: [21, 15, 39, 47, 31, 16, 28, 27, 2, 46, 49, 44, 8, 36, 34, 18, 53, 13, 17, 9, 7, 37, 61, 24, 5, 58, 22, 6, 59, 60, 14, 25, 41, 43, 40, 19, 26, 23, 57, 10, 35, 45, 1, 30, 4, 32, 56, 54, 29, 11, 55, 20, 48, 12, 51, 38, 50, 3, 42, 52, 33]
Run 25:
Best OCplx: 2.0975509127754624
Best Sequence: [60, 5, 46, 8, 9, 15, 17, 14, 27, 47, 21, 7, 43, 48, 61, 10, 34, 59, 44, 39, 13, 28, 22, 53, 31, 49, 36, 40, 4, 58, 25, 11, 18, 16, 23, 35, 30, 57, 29, 56, 24, 19, 45, 32, 1, 41, 2, 6, 37, 26, 55, 20, 54, 51, 12, 38, 42, 33, 52, 3, 50]
Run 26:
Best OCplx: 2.3773320886119618
Best Sequence: [8, 21, 44, 31, 9, 13, 4, 45, 36, 34, 10, 29, 28, 40, 58, 27, 23, 5, 60, 61, 46, 53, 17, 39, 47, 59, 49, 43, 15, 22, 18, 56, 25, 2, 35, 57, 7, 16, 26, 30, 1, 41, 37, 11, 48, 54, 55, 14, 24, 6, 32, 19, 50, 20, 51, 38, 52, 12, 42, 33, 3]
Run 27:
Best OCplx: 2.5472717732133
Best Sequence: [49, 8, 21, 9, 7, 17, 43, 5, 25, 10, 34, 18, 47, 46, 22, 60, 61, 28, 15, 35, 36, 31, 39, 19, 57, 44, 37, 40, 11, 13, 58, 48, 59, 16, 53, 56, 27, 14, 54, 4, 29, 6, 24, 45, 23, 32, 30, 55, 41, 20, 26, 2, 3, 1, 51, 38, 52, 50, 12, 33, 42]
Run 28:
Best OCplx: 2.692364080004157
Best Sequence: [44, 21, 17, 24, 45, 9, 61, 8, 16, 31, 36, 43, 28, 5, 40, 34, 49, 46, 13, 27, 60, 25, 59, 14, 19, 53, 39, 58, 10, 15, 30, 29, 26, 35, 4, 56, 47, 23, 18, 37, 41, 1, 22, 48, 7, 54, 6, 11, 57, 32, 55, 2, 20, 42, 3, 38, 33, 50, 51, 12, 52]
Run 29:
Best OCplx: 2.511672965950831
Best Sequence: [9, 17, 59, 8, 21, 15, 28, 31, 49, 46, 5, 13, 44, 34, 43, 60, 45, 39, 36, 30, 47, 10, 11, 53, 25, 61, 58, 40, 54, 27, 41, 19, 56, 18, 4, 48, 14, 2, 35, 16, 1, 57, 55, 29, 32, 7, 37, 23, 33, 38, 6, 3, 52, 20, 42, 24, 26, 51, 12, 50, 22]
Run 30:
Best OCplx: 2.091866788108762
Best Sequence: [28, 5, 58, 60, 8, 13, 40, 9, 36, 15, 41, 61, 21, 46, 26, 47, 49, 27, 17, 34, 59, 31, 43, 4, 25, 14, 44, 19, 10, 57, 37, 53, 18, 29, 39, 6, 30, 23, 54, 11, 2, 1, 48, 22, 32, 55, 35, 56, 20, 24, 7, 16, 42, 50, 38, 45, 33, 12, 52, 51, 3]
