UPDATE_GLOBAL_ITER: 10
GAMMA: 0.99
MAX_EP: 3000
thread_count: 1
RL: 0.0001
if_EWM: False

Run 1:
Best OCplx: 2.063919296181425
Best Sequence: [65, 58, 23, 57, 22, 47, 50, 62, 44, 56, 29, 37, 30, 39, 55, 14, 17, 52, 7, 28, 13, 21, 41, 32, 4, 11, 43, 8, 26, 36, 35, 45, 15, 64, 51, 18, 16, 27, 40, 20, 46, 42, 34, 63, 60, 24, 3, 19, 59, 53, 31, 10, 38, 54, 61, 33, 25, 48, 6, 1, 49, 2, 12, 5, 9]
Run 2:
Best OCplx: 2.127466494842735
Best Sequence: [58, 34, 62, 33, 60, 4, 13, 22, 1, 19, 41, 35, 51, 30, 32, 52, 64, 47, 40, 10, 25, 45, 11, 17, 31, 53, 56, 8, 2, 49, 9, 29, 48, 59, 38, 27, 20, 36, 61, 28, 14, 12, 39, 7, 3, 63, 37, 15, 54, 50, 6, 42, 5, 44, 65, 18, 55, 16, 21, 46, 43, 24, 57, 26, 23]
Run 3:
Best OCplx: 2.175055679496357
Best Sequence: [58, 2, 10, 15, 46, 24, 18, 47, 45, 55, 19, 31, 32, 51, 49, 13, 22, 27, 30, 52, 8, 1, 65, 33, 40, 38, 41, 29, 50, 42, 21, 11, 3, 34, 62, 43, 23, 63, 9, 54, 56, 4, 36, 7, 37, 14, 64, 6, 48, 57, 61, 59, 28, 17, 25, 5, 20, 53, 60, 26, 16, 12, 39, 35, 44]
Run 4:
Best OCplx: 2.146577488928858
Best Sequence: [59, 58, 3, 65, 51, 13, 62, 15, 28, 22, 8, 16, 52, 53, 61, 43, 50, 14, 40, 49, 56, 32, 37, 1, 46, 21, 64, 30, 11, 24, 26, 6, 33, 12, 18, 27, 60, 38, 2, 23, 7, 10, 20, 44, 63, 19, 45, 4, 17, 31, 9, 25, 54, 35, 42, 36, 48, 41, 5, 29, 57, 39, 34, 55, 47]
Run 5:
Best OCplx: 2.218597375265554
Best Sequence: [58, 24, 8, 35, 37, 55, 10, 41, 53, 44, 14, 7, 1, 56, 47, 27, 38, 22, 3, 45, 51, 65, 26, 4, 15, 18, 9, 34, 16, 57, 31, 46, 13, 29, 50, 33, 12, 23, 25, 64, 32, 62, 30, 17, 61, 42, 21, 60, 5, 39, 59, 52, 6, 28, 36, 2, 43, 48, 20, 63, 11, 19, 54, 49, 40]
Run 6:
Best OCplx: 2.0832907945236467
Best Sequence: [65, 46, 58, 24, 35, 41, 4, 50, 20, 60, 32, 56, 45, 61, 3, 42, 22, 28, 44, 23, 39, 17, 19, 51, 49, 63, 53, 27, 13, 31, 37, 57, 54, 34, 26, 21, 47, 11, 29, 43, 10, 52, 38, 15, 36, 48, 12, 59, 18, 30, 8, 64, 1, 9, 16, 14, 25, 62, 6, 7, 5, 33, 40, 55, 2]
Run 7:
Best OCplx: 2.2382849557411553
Best Sequence: [61, 58, 42, 56, 28, 19, 65, 7, 48, 14, 60, 13, 63, 5, 32, 62, 51, 8, 52, 4, 31, 27, 25, 22, 49, 11, 59, 1, 33, 16, 41, 36, 50, 64, 57, 24, 18, 2, 43, 21, 44, 35, 29, 30, 34, 54, 20, 40, 39, 38, 6, 3, 26, 23, 47, 17, 37, 46, 10, 53, 15, 45, 55, 9, 12]
Run 8:
Best OCplx: 2.1385426893000155
Best Sequence: [58, 4, 14, 35, 48, 17, 1, 61, 53, 42, 22, 59, 2, 62, 54, 19, 27, 3, 49, 64, 9, 8, 31, 55, 10, 24, 33, 51, 38, 13, 20, 11, 43, 12, 25, 65, 60, 15, 30, 16, 18, 6, 63, 36, 39, 21, 7, 32, 50, 26, 41, 52, 56, 40, 23, 28, 46, 34, 44, 5, 47, 29, 45, 57, 37]
Run 9:
Best OCplx: 2.1287431588555448
Best Sequence: [12, 58, 32, 34, 52, 42, 55, 27, 59, 36, 23, 8, 65, 56, 57, 22, 13, 14, 46, 54, 60, 33, 64, 20, 35, 9, 15, 10, 41, 48, 21, 39, 49, 63, 24, 47, 31, 26, 28, 53, 17, 30, 37, 25, 43, 38, 7, 1, 45, 2, 51, 11, 4, 6, 16, 62, 3, 50, 61, 29, 44, 40, 18, 5, 19]
Run 11:
Best OCplx: 2.0262133751246765
Best Sequence: [30, 65, 19, 44, 58, 32, 47, 34, 13, 43, 40, 55, 14, 17, 16, 11, 51, 6, 50, 24, 60, 38, 31, 39, 27, 10, 15, 20, 22, 33, 28, 59, 57, 52, 8, 61, 9, 12, 53, 18, 48, 56, 25, 35, 29, 1, 5, 49, 23, 3, 36, 21, 63, 2, 45, 64, 54, 46, 26, 41, 4, 62, 7, 37, 42]

