Run 1:
Best OCplx: 8.01639273876863
Best Sequence: [43, 20, 12, 18, 33, 9, 31, 42, 36, 1, 10, 8, 13, 19, 7, 22, 17, 14, 39, 11, 16, 28, 32, 27, 37, 41, 5, 6, 29, 15, 40, 38, 44, 30, 4, 21, 34, 25, 26, 3, 35, 2, 45, 24, 23]
Run 2:
Best OCplx: 8.226303722597386
Best Sequence: [20, 18, 42, 13, 38, 10, 17, 36, 15, 43, 39, 19, 37, 12, 31, 7, 26, 1, 14, 8, 29, 9, 41, 16, 22, 44, 6, 33, 11, 32, 25, 34, 28, 40, 21, 4, 5, 45, 2, 30, 35, 27, 3, 23, 24]
Run 3:
Best OCplx: 6.593066522572254
Best Sequence: [18, 20, 37, 42, 1, 44, 39, 36, 10, 33, 25, 17, 31, 32, 9, 16, 15, 43, 8, 28, 14, 22, 12, 11, 13, 19, 29, 38, 6, 41, 7, 34, 5, 21, 4, 40, 35, 26, 2, 27, 30, 24, 23, 3, 45]
Run 4:
Best OCplx: 7.214424299673251
Best Sequence: [12, 18, 44, 39, 42, 15, 1, 20, 36, 11, 14, 13, 31, 10, 16, 37, 22, 43, 19, 8, 41, 28, 17, 7, 9, 38, 5, 33, 29, 6, 25, 34, 32, 4, 40, 26, 21, 35, 2, 27, 30, 23, 3, 24, 45]
Run 5:
Best OCplx: 8.792861799350673
Best Sequence: [13, 11, 12, 17, 29, 20, 37, 1, 31, 9, 42, 14, 5, 6, 41, 18, 10, 16, 28, 27, 22, 36, 39, 21, 40, 33, 43, 26, 44, 15, 25, 34, 32, 8, 4, 3, 19, 35, 2, 30, 7, 45, 38, 24, 23]
Run 6:
Best OCplx: 7.404677313674905
Best Sequence: [18, 11, 10, 5, 20, 25, 36, 6, 22, 9, 16, 19, 38, 15, 12, 13, 44, 43, 42, 31, 39, 14, 28, 1, 8, 41, 29, 33, 7, 40, 34, 21, 27, 4, 37, 17, 32, 2, 26, 35, 30, 3, 23, 24, 45]
Run 7:
Best OCplx: 7.81131717199698
Best Sequence: [31, 7, 10, 9, 25, 20, 44, 38, 36, 16, 13, 14, 1, 37, 18, 8, 33, 42, 28, 15, 43, 41, 4, 5, 17, 39, 12, 11, 40, 19, 34, 32, 22, 29, 6, 21, 27, 2, 26, 30, 35, 24, 45, 3, 23]
Run 8:
Best OCplx: 7.4933550582908195
Best Sequence: [12, 43, 42, 17, 1, 20, 9, 13, 15, 25, 8, 19, 33, 10, 31, 6, 36, 28, 18, 41, 44, 11, 39, 29, 16, 34, 5, 7, 32, 4, 40, 37, 14, 22, 35, 21, 27, 38, 45, 2, 26, 30, 23, 3, 24]
Run 9:
Best OCplx: 8.680231618669833
Best Sequence: [16, 7, 11, 18, 22, 44, 36, 20, 5, 41, 19, 12, 43, 33, 9, 25, 15, 8, 28, 14, 1, 13, 37, 31, 10, 21, 26, 39, 38, 17, 29, 4, 6, 34, 32, 3, 35, 30, 2, 27, 24, 40, 42, 45, 23]
Run 10:
Best OCplx: 8.632584915526547
Best Sequence: [18, 12, 22, 42, 5, 10, 20, 26, 19, 28, 1, 7, 11, 36, 16, 13, 43, 38, 9, 39, 29, 37, 8, 15, 44, 41, 40, 34, 6, 33, 31, 32, 35, 25, 4, 27, 17, 21, 14, 2, 30, 3, 45, 24, 23]
Run 11:
Best OCplx: 7.8562516090735155
Best Sequence: [44, 9, 20, 14, 17, 33, 13, 18, 7, 12, 39, 1, 8, 37, 16, 22, 28, 38, 15, 43, 36, 31, 40, 19, 5, 10, 11, 41, 42, 6, 21, 29, 4, 25, 32, 34, 27, 26, 2, 35, 30, 45, 3, 24, 23]
Run 12:
Best OCplx: 7.750085371485802
Best Sequence: [1, 31, 15, 20, 9, 12, 42, 36, 14, 6, 10, 22, 39, 18, 37, 8, 32, 43, 41, 26, 28, 13, 19, 16, 17, 11, 44, 25, 38, 5, 29, 30, 7, 33, 27, 21, 40, 34, 4, 2, 35, 3, 45, 24, 23]
Run 13:
Best OCplx: 8.357201711629513
Best Sequence: [20, 11, 39, 31, 9, 44, 36, 29, 13, 18, 8, 27, 33, 43, 7, 37, 40, 42, 16, 41, 12, 1, 14, 10, 15, 38, 28, 17, 34, 25, 22, 5, 32, 21, 19, 6, 26, 4, 2, 30, 45, 24, 3, 35, 23]
Run 14:
Best OCplx: 7.955564276946475
Best Sequence: [13, 14, 15, 18, 5, 17, 25, 31, 10, 26, 8, 42, 12, 20, 28, 7, 33, 40, 34, 11, 9, 41, 36, 32, 37, 29, 22, 19, 6, 44, 43, 38, 16, 21, 4, 1, 39, 27, 35, 30, 3, 2, 45, 23, 24]
Run 15:
Best OCplx: 8.075746528262062
Best Sequence: [10, 31, 22, 9, 25, 42, 14, 17, 36, 7, 16, 20, 1, 13, 37, 44, 41, 18, 19, 43, 39, 28, 15, 12, 5, 40, 29, 21, 8, 32, 11, 6, 38, 4, 33, 26, 34, 45, 2, 35, 30, 3, 27, 23, 24]
Run 16:
Best OCplx: 7.497056899687781
Best Sequence: [13, 18, 20, 42, 17, 19, 9, 15, 36, 12, 44, 1, 43, 5, 25, 28, 31, 7, 16, 11, 10, 39, 8, 29, 22, 6, 33, 41, 38, 34, 4, 37, 40, 32, 26, 14, 2, 30, 35, 23, 3, 21, 27, 24, 45]
Run 17:
Best OCplx: 7.644815064329221
Best Sequence: [10, 9, 31, 11, 20, 12, 15, 36, 38, 44, 28, 1, 7, 8, 42, 29, 19, 39, 33, 25, 37, 26, 16, 13, 34, 18, 43, 5, 14, 22, 41, 40, 17, 4, 6, 32, 21, 2, 35, 27, 30, 3, 24, 45, 23]
Run 18:
Best OCplx: 7.564317012403744
Best Sequence: [20, 17, 11, 19, 28, 13, 15, 42, 36, 12, 16, 14, 43, 41, 38, 18, 33, 21, 44, 27, 25, 10, 31, 7, 37, 22, 5, 39, 34, 9, 8, 32, 6, 29, 1, 40, 26, 4, 2, 30, 35, 3, 23, 24, 45]
Run 19:
Best OCplx: 7.41874154156341
Best Sequence: [36, 15, 22, 9, 29, 10, 20, 1, 14, 12, 37, 6, 18, 31, 43, 16, 7, 13, 8, 19, 25, 42, 17, 39, 32, 41, 28, 11, 5, 40, 33, 38, 44, 34, 4, 27, 2, 26, 21, 30, 35, 45, 23, 24, 3]
Run 20:
Best OCplx: 8.606267060456217
Best Sequence: [20, 33, 18, 25, 42, 5, 41, 22, 28, 7, 15, 17, 13, 40, 10, 36, 14, 43, 29, 12, 6, 9, 38, 31, 1, 4, 32, 44, 11, 16, 26, 8, 39, 19, 34, 37, 21, 27, 35, 30, 24, 3, 23, 2, 45]
Run 21:
Best OCplx: 6.816839192067395
Best Sequence: [16, 20, 18, 43, 17, 12, 33, 38, 36, 31, 13, 1, 15, 8, 42, 37, 14, 10, 28, 22, 39, 11, 9, 41, 5, 32, 44, 25, 21, 34, 4, 19, 6, 40, 29, 7, 2, 27, 30, 26, 3, 45, 35, 23, 24]
Run 22:
Best OCplx: 7.755340393796904
Best Sequence: [8, 36, 12, 18, 40, 39, 43, 13, 5, 31, 9, 32, 19, 42, 28, 25, 17, 33, 20, 14, 37, 10, 1, 15, 22, 11, 41, 29, 16, 7, 6, 34, 4, 44, 35, 21, 2, 27, 38, 26, 30, 24, 45, 3, 23]
Run 23:
Best OCplx: 7.526761184334778
Best Sequence: [8, 4, 20, 11, 25, 7, 16, 18, 36, 22, 38, 44, 13, 12, 33, 5, 15, 9, 28, 17, 19, 42, 39, 14, 10, 29, 31, 43, 1, 6, 34, 32, 21, 27, 26, 37, 41, 40, 2, 30, 35, 3, 24, 45, 23]
Run 24:
Best OCplx: 8.124724867729899
Best Sequence: [20, 18, 13, 31, 39, 29, 32, 10, 8, 42, 1, 7, 17, 37, 12, 36, 25, 43, 9, 14, 15, 19, 41, 44, 22, 11, 28, 40, 33, 38, 5, 16, 34, 4, 35, 21, 26, 6, 24, 30, 3, 45, 23, 2, 27]
Run 25:
Best OCplx: 7.277259438341489
Best Sequence: [17, 16, 15, 13, 1, 12, 36, 8, 20, 31, 25, 33, 11, 10, 37, 14, 7, 18, 9, 19, 38, 22, 5, 44, 43, 39, 29, 6, 42, 21, 41, 28, 35, 32, 40, 34, 2, 27, 4, 26, 30, 23, 24, 45, 3]
Run 26:
Best OCplx: 8.280999872210856
Best Sequence: [18, 43, 16, 1, 5, 41, 15, 10, 17, 12, 20, 37, 31, 38, 28, 8, 39, 22, 33, 42, 27, 9, 11, 40, 25, 7, 32, 19, 36, 14, 13, 4, 44, 6, 34, 30, 21, 26, 29, 35, 2, 24, 23, 45, 3]
Run 27:
Best OCplx: 8.181728995486077
Best Sequence: [20, 18, 5, 43, 28, 1, 17, 36, 19, 14, 38, 13, 22, 31, 33, 29, 10, 15, 27, 39, 42, 16, 25, 6, 12, 7, 41, 40, 37, 4, 32, 8, 11, 44, 21, 9, 26, 30, 34, 2, 24, 45, 3, 35, 23]
Run 28:
Best OCplx: 8.510858103790818
Best Sequence: [14, 36, 20, 18, 43, 16, 11, 13, 1, 31, 10, 7, 37, 15, 32, 39, 8, 9, 41, 21, 19, 12, 38, 5, 33, 6, 17, 22, 44, 28, 40, 29, 35, 25, 4, 42, 2, 34, 26, 23, 30, 27, 45, 3, 24]
Run 29:
Best OCplx: 8.543394214850759
Best Sequence: [20, 10, 22, 18, 7, 1, 42, 5, 16, 15, 40, 12, 19, 11, 31, 36, 44, 26, 17, 33, 32, 9, 30, 8, 43, 13, 6, 14, 38, 34, 4, 28, 39, 27, 41, 37, 3, 25, 21, 29, 35, 2, 45, 24, 23]
Run 30:
Best OCplx: 8.310564272694773
Best Sequence: [20, 12, 22, 1, 18, 43, 38, 31, 15, 9, 10, 14, 16, 25, 28, 13, 19, 5, 36, 8, 35, 42, 39, 11, 40, 34, 37, 7, 33, 41, 32, 17, 29, 2, 44, 4, 6, 27, 21, 26, 30, 3, 23, 24, 45]
