Run 1:
Best OCplx: 9.564442016836928
Best Sequence: [8, 12, 9, 40, 20, 33, 15, 7, 11, 30, 18, 34, 25, 22, 5, 39, 38, 4, 2, 17, 6, 42, 43, 36, 3, 44, 37, 14, 19, 41, 28, 31, 16, 10, 26, 45, 32, 35, 21, 1, 29, 24, 13, 27, 23]
Run 2:
Best OCplx: 9.258696029263287
Best Sequence: [15, 20, 27, 43, 16, 12, 18, 28, 31, 42, 33, 44, 17, 37, 13, 41, 19, 22, 38, 7, 26, 5, 6, 14, 4, 9, 2, 11, 30, 21, 32, 25, 34, 39, 8, 10, 29, 24, 35, 40, 1, 45, 3, 23, 36]
Run 3:
Best OCplx: 11.113426500542426
Best Sequence: [15, 25, 43, 20, 42, 31, 18, 7, 16, 41, 11, 44, 19, 5, 45, 1, 3, 27, 29, 6, 40, 13, 33, 21, 14, 32, 37, 22, 26, 39, 4, 12, 2, 28, 9, 34, 30, 17, 38, 24, 8, 36, 35, 10, 23]
Run 4:
Best OCplx: 10.296493902819579
Best Sequence: [33, 44, 14, 36, 20, 31, 19, 12, 15, 16, 11, 30, 18, 39, 41, 6, 13, 8, 7, 9, 10, 43, 29, 5, 34, 45, 3, 21, 4, 2, 28, 26, 1, 27, 22, 25, 42, 40, 37, 32, 38, 24, 23, 17, 35]
Run 5:
Best OCplx: 10.798371103695949
Best Sequence: [12, 16, 20, 22, 19, 4, 14, 13, 15, 9, 30, 6, 18, 5, 37, 38, 44, 28, 10, 2, 31, 21, 8, 42, 24, 33, 36, 27, 7, 43, 1, 39, 17, 41, 32, 35, 26, 45, 3, 34, 40, 29, 11, 25, 23]
Run 6:
Best OCplx: 9.130806464939008
Best Sequence: [15, 20, 18, 40, 33, 14, 25, 1, 31, 43, 4, 5, 34, 44, 16, 36, 39, 9, 7, 13, 2, 32, 29, 19, 8, 17, 41, 26, 35, 30, 37, 3, 45, 42, 22, 12, 27, 21, 24, 11, 10, 28, 6, 23, 38]
Run 7:
Best OCplx: 12.001258628744877
Best Sequence: [10, 18, 40, 29, 5, 12, 33, 38, 11, 9, 21, 45, 31, 20, 8, 39, 17, 32, 7, 26, 27, 6, 42, 37, 43, 3, 19, 4, 16, 34, 25, 44, 2, 15, 35, 1, 41, 30, 28, 22, 36, 24, 23, 13, 14]
Run 8:
Best OCplx: 10.676593047337533
Best Sequence: [20, 19, 4, 36, 31, 16, 9, 18, 12, 22, 28, 29, 15, 17, 7, 42, 11, 37, 44, 6, 45, 35, 3, 33, 10, 41, 39, 8, 32, 2, 13, 26, 21, 1, 5, 14, 40, 30, 27, 34, 38, 24, 43, 25, 23]
Run 9:
Best OCplx: 9.330046263644299
Best Sequence: [39, 20, 43, 12, 10, 16, 31, 33, 38, 5, 36, 41, 18, 30, 13, 34, 25, 8, 42, 4, 1, 28, 17, 37, 14, 21, 44, 45, 9, 40, 7, 3, 11, 29, 22, 2, 6, 26, 27, 32, 19, 35, 15, 24, 23]
Run 10:
Best OCplx: 10.27112797156803
Best Sequence: [11, 39, 22, 5, 18, 20, 34, 31, 7, 19, 13, 42, 4, 44, 43, 25, 38, 35, 41, 37, 30, 21, 33, 45, 2, 17, 16, 9, 27, 15, 28, 32, 3, 40, 24, 1, 14, 12, 6, 10, 29, 8, 36, 26, 23]
Run 11:
Best OCplx: 9.383809068315882
Best Sequence: [13, 15, 12, 31, 20, 16, 30, 18, 5, 3, 42, 4, 17, 38, 29, 26, 36, 10, 19, 33, 25, 7, 8, 37, 1, 41, 9, 6, 28, 11, 40, 2, 32, 22, 34, 44, 45, 14, 21, 43, 35, 24, 39, 27, 23]
Run 12:
Best OCplx: 8.796235198047
Best Sequence: [13, 31, 18, 29, 34, 20, 19, 14, 16, 7, 39, 5, 28, 4, 42, 25, 2, 11, 33, 43, 30, 41, 15, 37, 8, 45, 1, 9, 10, 44, 12, 17, 22, 21, 36, 40, 32, 26, 6, 35, 38, 3, 23, 24, 27]
Run 13:
Best OCplx: 9.529132826488905
Best Sequence: [20, 14, 11, 31, 25, 8, 22, 18, 32, 29, 5, 33, 15, 26, 1, 37, 17, 7, 16, 9, 41, 2, 30, 45, 12, 38, 6, 4, 42, 10, 44, 39, 28, 19, 36, 40, 21, 13, 3, 34, 27, 35, 43, 24, 23]
Run 14:
Best OCplx: 10.32108226737408
Best Sequence: [20, 16, 8, 9, 41, 14, 39, 38, 33, 18, 17, 31, 3, 25, 19, 43, 4, 6, 28, 22, 40, 44, 36, 15, 2, 26, 42, 35, 1, 27, 13, 5, 21, 30, 7, 11, 10, 32, 12, 45, 29, 37, 34, 23, 24]
Run 15:
Best OCplx: 10.592099748750021
Best Sequence: [6, 14, 11, 4, 19, 18, 25, 20, 12, 17, 38, 39, 33, 42, 28, 43, 31, 30, 32, 40, 37, 3, 45, 27, 16, 9, 15, 29, 34, 22, 5, 35, 21, 41, 8, 44, 10, 26, 7, 2, 1, 23, 24, 36, 13]
Run 16:
Best OCplx: 9.131981890397148
Best Sequence: [36, 9, 16, 20, 14, 18, 33, 39, 1, 21, 43, 25, 12, 41, 11, 6, 13, 28, 29, 4, 7, 44, 8, 34, 42, 2, 17, 30, 5, 31, 22, 10, 32, 3, 35, 40, 45, 15, 26, 37, 24, 38, 19, 23, 27]
Run 17:
Best OCplx: 9.079870917800996
Best Sequence: [20, 7, 18, 26, 12, 31, 8, 25, 43, 33, 30, 19, 41, 39, 9, 15, 42, 21, 34, 17, 32, 28, 36, 13, 38, 10, 4, 1, 44, 14, 40, 5, 45, 6, 22, 16, 3, 2, 37, 27, 35, 11, 24, 29, 23]
Run 18:
Best OCplx: 10.703984359451999
Best Sequence: [25, 20, 11, 1, 9, 12, 31, 18, 45, 32, 44, 41, 8, 33, 19, 36, 29, 2, 4, 21, 5, 10, 30, 43, 17, 28, 39, 38, 40, 3, 14, 15, 16, 27, 13, 34, 26, 42, 35, 37, 7, 6, 24, 22, 23]
Run 19:
Best OCplx: 11.817565616348977
Best Sequence: [25, 9, 31, 13, 1, 11, 30, 20, 10, 32, 2, 45, 27, 34, 18, 3, 38, 26, 14, 5, 22, 41, 17, 15, 39, 8, 44, 36, 4, 43, 19, 12, 40, 33, 28, 6, 37, 29, 21, 16, 24, 7, 35, 42, 23]
Run 20:
Best OCplx: 8.658590898739453
Best Sequence: [42, 14, 36, 43, 16, 20, 18, 31, 10, 13, 33, 22, 5, 30, 1, 4, 41, 9, 25, 19, 15, 39, 8, 12, 37, 3, 28, 34, 38, 32, 11, 17, 44, 29, 45, 26, 40, 6, 7, 2, 24, 27, 35, 23, 21]
Run 21:
Best OCplx: 10.770474499748085
Best Sequence: [10, 6, 20, 18, 33, 42, 12, 16, 44, 29, 34, 39, 2, 41, 19, 21, 27, 17, 1, 43, 14, 8, 30, 45, 13, 26, 40, 7, 25, 38, 36, 31, 15, 35, 22, 9, 28, 11, 3, 37, 4, 5, 32, 23, 24]
Run 22:
Best OCplx: 8.798237505510288
Best Sequence: [12, 20, 10, 43, 9, 7, 31, 15, 1, 6, 13, 18, 28, 5, 16, 26, 19, 4, 30, 33, 34, 44, 27, 22, 37, 8, 29, 21, 11, 40, 32, 17, 45, 38, 36, 42, 39, 25, 14, 3, 2, 35, 41, 24, 23]
Run 23:
Best OCplx: 10.023503912267385
Best Sequence: [41, 18, 14, 28, 20, 30, 29, 31, 27, 39, 9, 22, 11, 16, 44, 6, 43, 21, 33, 1, 5, 40, 17, 4, 38, 45, 26, 34, 25, 19, 32, 12, 8, 42, 15, 13, 2, 7, 10, 3, 35, 37, 24, 36, 23]
Run 24:
Best OCplx: 8.968151231196458
Best Sequence: [20, 18, 5, 31, 14, 19, 33, 22, 15, 29, 13, 39, 16, 1, 10, 36, 26, 7, 41, 30, 4, 38, 32, 9, 34, 43, 21, 42, 45, 8, 40, 11, 6, 28, 37, 44, 12, 17, 25, 2, 23, 35, 24, 27, 3]
Run 25:
Best OCplx: 10.369299983026986
Best Sequence: [20, 16, 13, 10, 8, 31, 12, 32, 36, 2, 18, 26, 22, 9, 33, 17, 14, 25, 44, 21, 41, 35, 27, 30, 45, 40, 19, 15, 37, 1, 39, 3, 43, 28, 6, 38, 11, 5, 7, 4, 24, 34, 29, 23, 42]
Run 26:
Best OCplx: 8.165428845212675
Best Sequence: [20, 9, 18, 16, 14, 35, 7, 5, 31, 43, 1, 33, 19, 10, 22, 38, 12, 28, 26, 42, 41, 4, 6, 40, 13, 29, 32, 44, 15, 11, 34, 8, 25, 39, 2, 30, 27, 21, 24, 36, 17, 45, 37, 23, 3]
Run 27:
Best OCplx: 8.721470117170224
Best Sequence: [14, 8, 31, 13, 15, 20, 18, 7, 36, 43, 4, 19, 10, 39, 12, 38, 28, 6, 29, 33, 35, 32, 11, 2, 17, 41, 30, 44, 1, 5, 45, 42, 40, 9, 21, 16, 26, 3, 37, 34, 22, 24, 27, 25, 23]
Run 28:
Best OCplx: 10.10801317414374
Best Sequence: [20, 19, 4, 15, 9, 13, 11, 37, 18, 41, 31, 29, 28, 40, 36, 39, 3, 17, 34, 44, 32, 35, 30, 33, 21, 38, 22, 25, 1, 16, 45, 7, 43, 5, 2, 10, 24, 14, 8, 42, 12, 6, 26, 23, 27]
Run 29:
Best OCplx: 9.980532340588118
Best Sequence: [36, 20, 4, 30, 15, 14, 12, 19, 41, 28, 6, 13, 43, 40, 29, 25, 11, 18, 26, 44, 35, 33, 3, 39, 31, 22, 32, 9, 7, 45, 5, 42, 38, 34, 1, 10, 16, 8, 37, 21, 2, 17, 23, 24, 27]
Run 30:
Best OCplx: 10.16718042920902
Best Sequence: [12, 13, 5, 43, 20, 4, 3, 10, 41, 22, 18, 15, 37, 19, 17, 29, 1, 33, 8, 6, 25, 34, 16, 9, 2, 31, 36, 26, 28, 39, 30, 40, 21, 7, 11, 45, 44, 42, 27, 14, 32, 35, 23, 38, 24]
Actor Learning Rate: 1e-05
Critic Learning Rate: 0.0001
Hidden Dimension: 256
Gamma: 0.99
Lambda: 0.9
Epsilon: 0.2
if_EWM: False

