Run 1:
Best OCplx: 2.858632579808833
Best Sequence: [49, 8, 46, 17, 60, 34, 21, 27, 61, 45, 30, 5, 11, 44, 58, 54, 31, 2, 10, 39, 43, 47, 35, 57, 40, 7, 48, 26, 13, 23, 41, 4, 53, 6, 9, 14, 28, 25, 59, 1, 15, 32, 19, 20, 37, 22, 18, 24, 36, 3, 16, 29, 56, 55, 51, 52, 38, 33, 12, 50, 42]
Run 2:
Best OCplx: 5.261410299557025
Best Sequence: [9, 21, 2, 54, 23, 27, 7, 14, 47, 46, 53, 10, 36, 29, 8, 34, 31, 59, 1, 17, 56, 61, 49, 25, 28, 57, 39, 4, 11, 48, 60, 44, 22, 19, 40, 58, 18, 16, 24, 32, 55, 52, 5, 15, 35, 43, 37, 30, 3, 13, 6, 38, 42, 26, 20, 41, 45, 33, 50, 12, 51]
Run 3:
Best OCplx: 3.9803801133134207
Best Sequence: [60, 17, 10, 8, 27, 36, 61, 21, 46, 24, 11, 44, 28, 29, 45, 56, 48, 9, 59, 7, 30, 4, 54, 58, 1, 19, 49, 32, 23, 57, 34, 39, 2, 37, 6, 20, 47, 13, 31, 22, 40, 35, 53, 15, 38, 16, 41, 55, 14, 3, 43, 26, 52, 50, 42, 33, 5, 51, 25, 18, 12]
Run 4:
Best OCplx: 6.805067793896679
Best Sequence: [21, 54, 31, 24, 49, 40, 27, 44, 13, 15, 25, 53, 9, 61, 5, 59, 10, 8, 46, 17, 28, 60, 39, 58, 47, 16, 6, 34, 1, 37, 29, 57, 22, 4, 55, 14, 30, 32, 26, 2, 23, 45, 20, 56, 41, 43, 51, 3, 48, 42, 52, 38, 12, 33, 36, 18, 35, 50, 19, 7, 11]
Run 5:
Best OCplx: 4.028037234209339
Best Sequence: [5, 21, 18, 32, 48, 15, 17, 2, 45, 16, 47, 8, 44, 14, 25, 28, 31, 46, 40, 43, 39, 29, 37, 36, 19, 27, 61, 1, 59, 4, 9, 58, 49, 13, 60, 57, 24, 10, 6, 30, 55, 35, 23, 26, 11, 53, 54, 20, 56, 34, 7, 42, 38, 3, 51, 52, 33, 50, 12, 22, 41]
Run 6:
Best OCplx: 3.6958481716395575
Best Sequence: [27, 25, 34, 8, 10, 40, 5, 61, 31, 39, 21, 59, 9, 44, 15, 17, 36, 57, 28, 46, 29, 47, 16, 49, 13, 11, 58, 4, 43, 30, 41, 14, 22, 7, 18, 60, 55, 37, 2, 48, 45, 53, 1, 33, 24, 35, 23, 19, 56, 54, 26, 32, 52, 42, 6, 3, 20, 38, 51, 12, 50]
Run 7:
Best OCplx: 3.7804721148573956
Best Sequence: [21, 8, 47, 16, 13, 49, 61, 20, 36, 25, 54, 29, 9, 57, 46, 44, 39, 17, 28, 58, 10, 15, 22, 60, 40, 5, 59, 26, 7, 43, 31, 19, 56, 48, 37, 53, 41, 11, 4, 24, 35, 55, 30, 45, 34, 14, 27, 18, 6, 51, 1, 2, 32, 23, 38, 52, 33, 42, 3, 12, 50]
Run 8:
Best OCplx: 3.497237925537338
Best Sequence: [46, 8, 44, 25, 61, 43, 59, 58, 21, 17, 9, 4, 60, 40, 28, 36, 30, 10, 24, 57, 35, 29, 39, 7, 11, 47, 18, 54, 13, 31, 15, 26, 48, 56, 6, 27, 34, 23, 20, 1, 14, 2, 16, 55, 22, 53, 32, 37, 41, 12, 19, 3, 50, 51, 42, 45, 38, 49, 52, 33, 5]
Run 9:
Best OCplx: 3.8400000321823202
Best Sequence: [10, 27, 28, 25, 8, 17, 58, 9, 21, 45, 16, 46, 6, 44, 18, 29, 4, 23, 31, 34, 24, 11, 30, 5, 14, 36, 40, 1, 47, 59, 13, 53, 39, 7, 48, 22, 35, 26, 54, 19, 15, 56, 43, 2, 60, 55, 41, 57, 52, 32, 37, 42, 61, 3, 20, 38, 49, 50, 33, 51, 12]
Run 10:
Best OCplx: 2.532858375301732
Best Sequence: [21, 31, 25, 8, 2, 28, 61, 44, 15, 49, 27, 13, 7, 10, 5, 14, 39, 48, 17, 46, 59, 34, 60, 35, 40, 23, 36, 58, 57, 54, 11, 56, 47, 19, 29, 16, 4, 18, 1, 24, 9, 43, 30, 41, 45, 6, 32, 22, 37, 26, 53, 55, 38, 51, 20, 50, 52, 12, 33, 3, 42]
Run 11:
Best OCplx: 2.5483164277300494
Best Sequence: [46, 31, 15, 5, 10, 8, 3, 21, 27, 44, 7, 28, 54, 39, 40, 59, 17, 29, 14, 11, 34, 49, 9, 4, 48, 6, 56, 53, 58, 36, 43, 30, 61, 60, 13, 2, 47, 22, 26, 24, 35, 45, 32, 23, 1, 18, 41, 37, 20, 16, 55, 51, 38, 52, 19, 33, 57, 42, 12, 25, 50]
Run 12:
Best OCplx: 3.453165800027542
Best Sequence: [46, 25, 61, 9, 8, 44, 31, 5, 13, 39, 60, 47, 49, 37, 17, 21, 15, 36, 28, 40, 22, 10, 27, 34, 59, 19, 11, 56, 32, 54, 48, 35, 53, 43, 45, 2, 57, 20, 14, 6, 24, 55, 29, 58, 26, 38, 1, 52, 4, 7, 3, 16, 42, 33, 30, 18, 41, 51, 12, 23, 50]
Run 13:
Best OCplx: 2.9623668163369277
Best Sequence: [28, 8, 36, 31, 17, 46, 25, 5, 27, 49, 53, 47, 54, 39, 59, 61, 21, 18, 44, 11, 10, 34, 40, 2, 15, 58, 60, 35, 13, 32, 41, 56, 14, 43, 9, 26, 20, 6, 1, 57, 24, 45, 16, 7, 29, 19, 30, 23, 55, 48, 42, 22, 3, 38, 4, 37, 52, 33, 51, 12, 50]
Run 14:
Best OCplx: 3.112039249481889
Best Sequence: [28, 15, 8, 44, 46, 17, 31, 13, 49, 36, 21, 5, 34, 29, 40, 7, 26, 11, 2, 61, 48, 10, 18, 45, 59, 39, 25, 23, 4, 60, 43, 35, 57, 16, 27, 55, 56, 47, 58, 6, 19, 42, 9, 53, 20, 37, 24, 38, 32, 30, 52, 41, 33, 50, 51, 3, 1, 22, 14, 54, 12]
Run 15:
Best OCplx: 2.9377143246438715
Best Sequence: [10, 61, 60, 27, 8, 5, 31, 45, 36, 21, 47, 59, 28, 46, 44, 40, 16, 11, 57, 9, 26, 43, 4, 58, 7, 24, 29, 48, 54, 56, 30, 19, 39, 34, 17, 13, 18, 55, 49, 22, 6, 23, 15, 32, 38, 2, 53, 1, 41, 52, 14, 35, 20, 3, 37, 50, 51, 33, 12, 25, 42]
Run 16:
Best OCplx: 4.4981342090841245
Best Sequence: [23, 44, 61, 8, 5, 31, 46, 21, 7, 27, 60, 4, 58, 59, 36, 11, 54, 30, 43, 47, 45, 48, 56, 6, 53, 2, 35, 28, 40, 24, 15, 29, 19, 16, 32, 37, 55, 18, 1, 14, 57, 39, 49, 9, 42, 41, 25, 13, 10, 26, 17, 50, 34, 20, 12, 3, 33, 38, 22, 52, 51]
Run 17:
Best OCplx: 4.143805907894935
Best Sequence: [60, 39, 43, 46, 13, 10, 8, 27, 49, 44, 25, 59, 15, 34, 16, 5, 28, 58, 40, 21, 17, 31, 23, 9, 61, 47, 18, 57, 2, 7, 45, 36, 22, 30, 14, 11, 48, 41, 29, 33, 24, 1, 54, 37, 26, 4, 35, 55, 56, 32, 3, 38, 19, 42, 20, 53, 52, 51, 6, 12, 50]
Run 18:
Best OCplx: 2.8922211143564422
Best Sequence: [34, 10, 47, 43, 15, 8, 44, 5, 28, 58, 29, 46, 60, 36, 21, 40, 54, 18, 13, 27, 25, 39, 17, 53, 61, 22, 49, 35, 59, 32, 9, 16, 23, 2, 4, 19, 56, 31, 57, 55, 48, 20, 24, 14, 6, 11, 7, 37, 45, 50, 30, 1, 26, 38, 3, 52, 42, 33, 51, 41, 12]
Run 19:
Best OCplx: 3.4885316680224903
Best Sequence: [31, 8, 27, 39, 46, 16, 49, 10, 36, 25, 17, 5, 15, 59, 28, 60, 21, 34, 61, 13, 9, 57, 44, 43, 29, 58, 47, 56, 11, 24, 48, 37, 3, 55, 14, 32, 45, 30, 6, 4, 40, 41, 23, 42, 26, 7, 35, 19, 1, 53, 2, 18, 54, 38, 22, 52, 20, 33, 51, 12, 50]
Run 20:
Best OCplx: 3.027916275765175
Best Sequence: [44, 8, 28, 49, 15, 61, 36, 39, 21, 11, 9, 31, 24, 46, 57, 60, 34, 59, 56, 58, 4, 47, 17, 7, 54, 30, 45, 29, 43, 40, 26, 2, 6, 16, 13, 19, 27, 5, 41, 53, 18, 23, 35, 22, 37, 32, 1, 14, 3, 55, 38, 52, 20, 33, 51, 42, 48, 12, 25, 10, 50]
Run 21:
Best OCplx: 4.636913580156759
Best Sequence: [30, 60, 47, 10, 5, 21, 53, 8, 39, 15, 25, 44, 61, 58, 46, 17, 34, 31, 29, 59, 27, 36, 9, 28, 18, 35, 14, 16, 49, 1, 26, 6, 57, 40, 11, 22, 48, 13, 20, 54, 7, 23, 2, 4, 41, 45, 43, 19, 37, 24, 56, 52, 55, 32, 33, 51, 42, 38, 12, 50, 3]
Run 22:
Best OCplx: 2.851549869405953
Best Sequence: [46, 27, 44, 61, 8, 30, 21, 29, 13, 5, 6, 11, 7, 25, 58, 4, 36, 31, 39, 15, 56, 45, 49, 28, 53, 60, 35, 43, 48, 47, 55, 14, 16, 32, 24, 54, 41, 26, 37, 57, 17, 22, 34, 9, 20, 40, 18, 59, 38, 33, 2, 23, 1, 51, 52, 12, 50, 42, 3, 19, 10]
Run 23:
Best OCplx: 3.818098536394057
Best Sequence: [25, 8, 17, 15, 46, 47, 53, 43, 59, 21, 28, 31, 14, 5, 16, 44, 58, 35, 36, 48, 22, 19, 4, 61, 10, 40, 32, 11, 29, 1, 54, 7, 60, 39, 2, 24, 9, 37, 30, 41, 23, 45, 13, 57, 6, 55, 26, 56, 38, 33, 52, 50, 42, 20, 27, 49, 18, 34, 3, 51, 12]
Run 24:
Best OCplx: 4.161030926052394
Best Sequence: [8, 27, 53, 9, 49, 60, 47, 28, 25, 36, 61, 21, 46, 59, 5, 4, 31, 40, 15, 44, 43, 10, 34, 39, 13, 23, 26, 30, 54, 17, 48, 29, 11, 56, 14, 35, 41, 22, 37, 6, 55, 7, 58, 24, 1, 16, 2, 57, 32, 45, 18, 52, 33, 42, 20, 51, 3, 38, 19, 12, 50]
Run 25:
Best OCplx: 5.095493105683276
Best Sequence: [8, 27, 30, 36, 59, 31, 17, 25, 60, 46, 15, 44, 61, 28, 58, 10, 5, 9, 7, 21, 34, 13, 47, 53, 57, 48, 37, 49, 45, 39, 41, 43, 24, 32, 20, 16, 4, 14, 3, 56, 40, 51, 1, 54, 11, 29, 26, 2, 22, 18, 23, 55, 19, 42, 38, 6, 35, 33, 52, 12, 50]
Run 26:
Best OCplx: 3.268111989058226
Best Sequence: [61, 17, 31, 8, 46, 5, 43, 21, 30, 49, 23, 28, 4, 6, 39, 47, 29, 36, 58, 45, 27, 48, 44, 22, 34, 7, 16, 1, 59, 40, 60, 13, 56, 15, 2, 24, 35, 54, 10, 26, 25, 18, 53, 32, 19, 52, 41, 57, 14, 11, 55, 20, 37, 3, 12, 38, 50, 42, 9, 51, 33]
Run 27:
Best OCplx: 4.475180452647695
Best Sequence: [25, 59, 53, 8, 46, 5, 49, 44, 39, 10, 17, 28, 15, 47, 31, 40, 61, 21, 36, 34, 60, 58, 13, 18, 43, 27, 11, 4, 9, 48, 19, 41, 37, 3, 7, 29, 2, 14, 6, 1, 30, 26, 23, 22, 54, 56, 45, 24, 35, 57, 55, 51, 16, 52, 32, 33, 12, 20, 38, 50, 42]
Run 28:
Best OCplx: 2.0646883259766327
Best Sequence: [59, 13, 9, 17, 25, 8, 44, 31, 39, 5, 46, 60, 36, 43, 28, 21, 15, 34, 58, 57, 10, 7, 47, 40, 27, 35, 49, 61, 4, 2, 54, 18, 53, 19, 11, 37, 24, 14, 22, 45, 48, 41, 6, 29, 23, 30, 26, 55, 32, 1, 56, 3, 20, 38, 42, 52, 16, 50, 51, 12, 33]
Run 29:
Best OCplx: 4.573830048757771
Best Sequence: [53, 27, 60, 10, 8, 28, 25, 9, 5, 31, 46, 58, 15, 49, 21, 17, 34, 59, 32, 11, 57, 47, 7, 4, 37, 61, 30, 29, 36, 43, 20, 26, 2, 42, 39, 24, 40, 3, 35, 48, 16, 13, 45, 19, 18, 6, 23, 41, 55, 22, 56, 54, 1, 14, 33, 51, 12, 52, 38, 44, 50]
Run 30:
Best OCplx: 3.8665297124662126
Best Sequence: [36, 31, 17, 40, 5, 25, 21, 44, 46, 9, 8, 58, 39, 15, 28, 49, 37, 26, 61, 27, 43, 34, 60, 6, 57, 48, 23, 14, 59, 10, 20, 4, 41, 35, 19, 13, 45, 24, 47, 2, 55, 18, 11, 54, 53, 7, 1, 32, 42, 38, 22, 16, 3, 52, 56, 50, 33, 29, 51, 12, 30]
UPDATE_GLOBAL_ITER: 20
GAMMA: 0.99
MAX_EP: 3000
thread_count: 3
RL: 0.0005
if_EWM: True

Mean: 3.7385
Min: 2.0647
Max: 6.8051
Std: 0.9526