Run 1:
Best OCplx: 9.913354539486088
Best Sequence: [21, 38, 6, 5, 8, 53, 29, 39, 30, 32, 44, 56, 17, 20, 54, 46, 45, 37, 47, 40, 28, 2, 27, 11, 59, 3, 60, 31, 26, 55, 4, 15, 34, 14, 22, 25, 58, 42, 18, 7, 48, 35, 49, 61, 41, 19, 52, 10, 36, 51, 9, 13, 57, 12, 1, 23, 43, 50, 16, 33, 24]
Run 2:
Best OCplx: 11.562280133469267
Best Sequence: [2, 39, 46, 23, 19, 21, 54, 34, 8, 14, 58, 31, 13, 43, 47, 35, 45, 20, 48, 30, 3, 27, 37, 1, 6, 56, 15, 24, 25, 26, 38, 28, 29, 57, 5, 52, 18, 59, 44, 32, 36, 4, 9, 16, 60, 12, 49, 41, 22, 33, 10, 7, 40, 11, 55, 51, 50, 61, 17, 42, 53]
Run 3:
Best OCplx: 12.612153849254389
Best Sequence: [35, 30, 36, 21, 24, 61, 56, 6, 29, 33, 55, 8, 13, 2, 43, 17, 10, 39, 45, 32, 11, 54, 22, 60, 5, 44, 3, 47, 40, 1, 37, 7, 49, 9, 14, 27, 50, 26, 42, 34, 59, 20, 25, 4, 16, 23, 57, 28, 41, 46, 51, 53, 15, 48, 38, 19, 31, 52, 12, 58, 18]
Run 4:
Best OCplx: 9.999450718659297
Best Sequence: [54, 21, 5, 16, 20, 18, 28, 48, 58, 43, 46, 8, 61, 53, 9, 60, 35, 7, 26, 49, 23, 57, 33, 34, 6, 19, 22, 55, 25, 17, 32, 30, 14, 45, 41, 36, 47, 15, 29, 2, 50, 39, 37, 10, 56, 1, 24, 51, 44, 12, 4, 3, 52, 31, 13, 27, 42, 40, 11, 59, 38]
Run 5:
Best OCplx: 10.190072341225486
Best Sequence: [21, 14, 31, 43, 6, 48, 35, 34, 59, 41, 7, 45, 57, 55, 32, 53, 39, 11, 19, 27, 40, 28, 10, 38, 23, 42, 20, 60, 37, 13, 47, 46, 29, 1, 58, 44, 22, 16, 5, 9, 61, 18, 54, 24, 36, 49, 26, 3, 33, 15, 50, 52, 51, 4, 12, 8, 30, 2, 56, 17, 25]
Run 6:
Best OCplx: 11.730641524646135
Best Sequence: [9, 43, 8, 21, 11, 28, 38, 14, 34, 30, 56, 57, 12, 46, 17, 47, 7, 40, 58, 35, 22, 49, 32, 37, 61, 19, 29, 4, 54, 16, 20, 6, 39, 15, 50, 10, 55, 23, 60, 53, 41, 18, 26, 59, 51, 48, 13, 25, 2, 44, 36, 42, 5, 24, 3, 45, 33, 1, 52, 31, 27]
Run 7:
Best OCplx: 10.950505079262513
Best Sequence: [40, 45, 22, 46, 21, 61, 34, 55, 53, 2, 13, 5, 57, 59, 52, 43, 7, 28, 9, 56, 29, 32, 30, 25, 19, 6, 48, 8, 20, 39, 4, 41, 36, 35, 54, 26, 18, 17, 14, 3, 23, 1, 10, 15, 38, 49, 47, 58, 42, 11, 27, 60, 37, 24, 12, 51, 16, 33, 50, 44, 31]
Run 8:
Best OCplx: 11.327455066528998
Best Sequence: [45, 21, 43, 44, 24, 31, 36, 52, 46, 6, 18, 5, 58, 48, 14, 34, 30, 23, 57, 29, 55, 41, 39, 27, 60, 20, 17, 4, 38, 33, 35, 61, 49, 59, 54, 22, 47, 26, 37, 13, 16, 28, 12, 25, 9, 3, 56, 19, 51, 2, 10, 1, 7, 8, 15, 32, 11, 42, 53, 40, 50]
Run 9:
Best OCplx: 12.061673193756787
Best Sequence: [52, 60, 39, 29, 40, 10, 22, 9, 28, 31, 5, 42, 21, 20, 55, 8, 23, 17, 14, 37, 36, 56, 47, 41, 49, 24, 1, 44, 48, 18, 59, 16, 15, 35, 43, 54, 53, 25, 33, 58, 57, 26, 6, 32, 46, 51, 2, 19, 4, 45, 38, 61, 12, 3, 27, 11, 7, 50, 13, 30, 34]
Run 10:
Best OCplx: 9.215761383464093
Best Sequence: [31, 48, 40, 39, 25, 16, 21, 35, 15, 44, 46, 43, 17, 36, 18, 29, 14, 8, 32, 54, 37, 55, 27, 34, 41, 26, 47, 58, 61, 1, 57, 24, 30, 59, 49, 45, 22, 50, 56, 23, 60, 11, 10, 7, 2, 38, 52, 4, 53, 6, 13, 42, 3, 12, 5, 28, 9, 33, 51, 20, 19]
Run 11:
Best OCplx: 12.240554520059888
Best Sequence: [11, 8, 46, 21, 53, 31, 34, 24, 9, 45, 58, 30, 6, 37, 38, 59, 4, 17, 33, 1, 44, 5, 26, 61, 55, 16, 35, 57, 56, 23, 25, 47, 20, 51, 54, 2, 13, 10, 18, 32, 50, 52, 15, 29, 7, 60, 41, 12, 27, 14, 42, 19, 40, 49, 22, 48, 36, 43, 39, 28, 3]
Run 12:
Best OCplx: 13.035709798564504
Best Sequence: [8, 21, 22, 57, 25, 5, 15, 30, 3, 36, 41, 56, 59, 17, 44, 51, 43, 34, 20, 54, 18, 6, 32, 45, 23, 47, 9, 29, 37, 11, 49, 55, 19, 35, 1, 61, 53, 40, 48, 2, 10, 14, 46, 33, 31, 58, 39, 27, 12, 26, 60, 38, 7, 28, 52, 50, 24, 42, 16, 4, 13]
Run 13:
Best OCplx: 11.264406148572915
Best Sequence: [43, 36, 34, 29, 21, 55, 6, 31, 49, 16, 7, 25, 24, 1, 10, 4, 57, 45, 41, 13, 56, 5, 11, 17, 39, 53, 59, 28, 30, 48, 58, 37, 9, 32, 42, 26, 23, 14, 35, 52, 38, 51, 8, 19, 22, 54, 44, 60, 33, 20, 18, 61, 15, 12, 27, 47, 3, 40, 46, 2, 50]
Run 14:
Best OCplx: 10.304915844915342
Best Sequence: [21, 27, 10, 20, 45, 19, 35, 22, 36, 43, 13, 46, 9, 11, 33, 2, 30, 15, 12, 39, 4, 49, 14, 7, 8, 31, 48, 56, 1, 58, 59, 55, 37, 47, 6, 23, 44, 40, 32, 38, 34, 26, 42, 25, 28, 3, 54, 29, 17, 52, 16, 60, 5, 24, 18, 53, 50, 57, 61, 41, 51]
Run 15:
Best OCplx: 12.6980511751323
Best Sequence: [59, 21, 7, 45, 13, 33, 2, 36, 29, 9, 43, 11, 28, 3, 61, 55, 32, 17, 30, 8, 58, 42, 6, 54, 57, 4, 39, 10, 46, 31, 60, 24, 25, 50, 18, 20, 35, 22, 23, 51, 12, 19, 15, 26, 40, 27, 1, 34, 53, 48, 56, 5, 47, 44, 14, 16, 41, 37, 52, 38, 49]
Run 16:
Best OCplx: 10.666964579634607
Best Sequence: [61, 60, 21, 8, 5, 49, 7, 28, 47, 52, 43, 4, 57, 38, 1, 17, 9, 20, 44, 36, 39, 42, 19, 46, 59, 40, 56, 34, 16, 48, 23, 55, 10, 37, 58, 18, 15, 31, 35, 26, 53, 24, 32, 54, 33, 41, 29, 50, 12, 25, 30, 11, 14, 51, 2, 27, 6, 45, 22, 3, 13]
Run 17:
Best OCplx: 9.93812464257877
Best Sequence: [48, 21, 13, 41, 38, 37, 29, 16, 36, 56, 9, 24, 58, 46, 43, 25, 55, 26, 61, 8, 4, 19, 15, 32, 31, 40, 34, 30, 47, 22, 11, 53, 3, 28, 10, 17, 1, 27, 60, 39, 52, 59, 2, 44, 23, 20, 7, 14, 51, 57, 45, 50, 18, 49, 42, 5, 6, 35, 54, 12, 33]
Run 18:
Best OCplx: 13.808044572403364
Best Sequence: [32, 47, 53, 31, 21, 4, 34, 11, 37, 8, 59, 24, 22, 19, 17, 30, 7, 54, 61, 38, 52, 25, 29, 39, 58, 20, 51, 10, 27, 6, 49, 41, 9, 2, 15, 55, 44, 16, 33, 35, 46, 43, 23, 14, 42, 40, 28, 18, 1, 56, 50, 45, 57, 5, 13, 60, 3, 12, 36, 26, 48]
Run 19:
Best OCplx: 9.680172160048738
Best Sequence: [3, 14, 21, 15, 46, 25, 32, 28, 43, 48, 54, 6, 61, 4, 38, 56, 41, 31, 58, 17, 60, 8, 49, 13, 40, 30, 7, 24, 36, 11, 27, 37, 20, 47, 44, 23, 39, 10, 55, 59, 12, 35, 50, 42, 53, 34, 45, 26, 18, 19, 1, 22, 16, 9, 29, 5, 52, 33, 2, 57, 51]
Run 20:
Best OCplx: 11.14126089500505
Best Sequence: [21, 25, 14, 40, 11, 31, 30, 58, 29, 36, 38, 15, 43, 20, 2, 42, 1, 55, 32, 37, 54, 47, 39, 19, 46, 61, 45, 5, 4, 34, 48, 59, 35, 24, 8, 44, 18, 60, 13, 27, 26, 57, 53, 50, 23, 22, 28, 3, 52, 56, 49, 9, 51, 10, 12, 6, 17, 33, 7, 16, 41]
Run 21:
Best OCplx: 10.36155557069413
Best Sequence: [8, 28, 58, 11, 47, 46, 5, 10, 31, 9, 55, 39, 57, 60, 36, 22, 23, 42, 56, 21, 38, 59, 26, 53, 14, 34, 30, 1, 15, 17, 54, 13, 7, 32, 35, 61, 33, 49, 43, 29, 50, 37, 25, 2, 20, 44, 27, 24, 16, 52, 51, 41, 45, 40, 48, 18, 4, 12, 6, 19, 3]
Run 22:
Best OCplx: 10.354731642719615
Best Sequence: [44, 13, 8, 1, 25, 3, 17, 5, 21, 14, 46, 24, 30, 37, 10, 28, 23, 47, 45, 56, 16, 58, 36, 32, 60, 40, 41, 20, 61, 7, 55, 59, 51, 43, 18, 57, 2, 26, 27, 12, 34, 9, 29, 11, 33, 19, 48, 39, 53, 6, 50, 22, 54, 52, 42, 49, 38, 4, 31, 15, 35]
Run 23:
Best OCplx: 10.435324643304934
Best Sequence: [4, 8, 21, 55, 28, 27, 31, 5, 6, 24, 10, 36, 40, 1, 47, 17, 46, 52, 32, 37, 51, 44, 29, 9, 43, 16, 25, 39, 49, 7, 54, 53, 57, 61, 58, 45, 50, 15, 35, 56, 14, 19, 30, 13, 23, 22, 60, 11, 18, 2, 20, 33, 41, 42, 48, 34, 26, 38, 3, 12, 59]
Run 24:
Best OCplx: 11.767261165592105
Best Sequence: [41, 61, 21, 8, 23, 47, 13, 54, 29, 46, 36, 44, 39, 1, 50, 55, 28, 10, 9, 15, 6, 32, 58, 24, 16, 33, 56, 43, 31, 49, 60, 3, 35, 30, 51, 18, 40, 38, 25, 52, 34, 27, 20, 7, 2, 22, 26, 57, 42, 5, 19, 48, 17, 11, 45, 59, 12, 53, 37, 4, 14]
Run 25:
Best OCplx: 10.845901229184706
Best Sequence: [26, 21, 36, 40, 17, 9, 4, 10, 32, 43, 6, 55, 30, 41, 60, 24, 46, 16, 37, 39, 25, 58, 14, 47, 52, 13, 61, 3, 11, 38, 44, 57, 1, 49, 23, 15, 7, 2, 59, 5, 18, 54, 56, 45, 34, 20, 19, 42, 31, 29, 35, 28, 27, 50, 33, 22, 48, 51, 12, 8, 53]
Run 26:
Best OCplx: 10.963998317374523
Best Sequence: [39, 24, 58, 33, 21, 32, 22, 45, 37, 30, 61, 5, 1, 46, 48, 36, 31, 8, 10, 3, 7, 25, 6, 35, 20, 2, 53, 13, 11, 55, 56, 4, 26, 18, 29, 19, 16, 57, 60, 15, 44, 42, 17, 23, 49, 50, 51, 34, 27, 38, 59, 9, 41, 43, 47, 54, 28, 52, 14, 40, 12]
Run 27:
Best OCplx: 10.729909663049222
Best Sequence: [35, 58, 36, 21, 34, 40, 60, 8, 31, 38, 43, 15, 32, 24, 56, 44, 39, 61, 28, 6, 41, 47, 13, 7, 16, 1, 42, 10, 52, 30, 22, 4, 25, 46, 9, 37, 26, 14, 29, 55, 50, 3, 23, 18, 12, 51, 20, 27, 59, 2, 17, 49, 57, 45, 54, 5, 53, 11, 48, 33, 19]
Run 28:
Best OCplx: 11.786133787768952
Best Sequence: [27, 56, 21, 34, 30, 47, 45, 31, 16, 13, 3, 55, 59, 29, 35, 58, 9, 61, 2, 7, 32, 17, 11, 48, 40, 49, 46, 4, 60, 10, 37, 8, 38, 44, 1, 42, 14, 41, 24, 50, 22, 57, 23, 25, 36, 54, 15, 18, 6, 26, 20, 39, 28, 19, 12, 5, 51, 52, 53, 33, 43]
Run 29:
Best OCplx: 10.009173295495808
Best Sequence: [14, 20, 22, 8, 7, 5, 21, 46, 16, 30, 34, 9, 32, 41, 39, 35, 26, 59, 37, 18, 28, 29, 1, 31, 48, 13, 24, 25, 17, 36, 55, 11, 10, 27, 19, 4, 45, 42, 49, 50, 6, 57, 61, 53, 47, 33, 54, 51, 60, 15, 23, 2, 3, 40, 43, 38, 52, 44, 56, 58, 12]
Run 30:
Best OCplx: 9.605207599506006
Best Sequence: [13, 32, 21, 8, 36, 41, 25, 31, 47, 57, 43, 20, 54, 38, 24, 23, 4, 59, 45, 35, 46, 39, 44, 60, 7, 52, 6, 16, 11, 55, 1, 28, 15, 17, 19, 37, 34, 51, 56, 33, 42, 50, 5, 40, 10, 2, 12, 30, 49, 27, 48, 26, 18, 53, 22, 29, 14, 61, 9, 58, 3]
UPDATE_GLOBAL_ITER: 200
GAMMA: 0.99
MAX_EP: 3000
thread_count: 3
RL: 5e-05
if_EWM: False

