2	4	8
2	18	2
2	20	1
2	21	1
2	22	1
2	25	2
2	29	2
2	32	2
2	33	6
2	34	2
2	37	1
2	38	1
2	39	1
2	40	2
2	43	1
2	44	3
2	45	0
3	30	20
4	5	4
4	18	2
4	32	2
4	34	2
4	45	0
5	18	2
5	45	0
6	7	1
6	9	1
6	10	0
6	11	1
6	12	1
6	13	0
6	14	1
6	15	0
6	16	2
6	19	1
6	20	1
6	45	0
7	18	2
7	20	1
7	45	0
8	18	2
9	18	2
9	45	0
10	45	0
11	18	2
11	45	0
12	18	2
12	45	0
13	45	0
14	18	2
14	45	0
15	45	0
16	18	2
16	45	0
17	18	2
18	6	1
18	7	1
18	8	1
18	9	1
18	10	0
18	11	1
18	12	1
18	13	0
18	14	1
18	15	0
18	16	2
18	19	1
18	20	1
18	45	0
19	18	2
19	20	1
19	45	0
20	45	0
21	6	1
21	9	1
21	11	1
21	12	1
21	14	1
21	18	2
21	19	1
21	20	1
21	45	0
22	18	2
22	45	0
23	2	4
23	4	8
23	5	4
23	6	1
23	7	1
23	9	1
23	10	0
23	11	1
23	12	1
23	13	0
23	14	1
23	15	0
23	16	2
23	18	2
23	19	1
23	20	1
23	21	1
23	22	1
23	25	2
23	26	0
23	28	4
23	29	2
23	30	20
23	31	2
23	32	2
23	33	6
23	34	2
23	35	0
23	39	1
23	40	2
23	41	6
23	43	1
23	44	3
24	4	8
24	5	4
24	7	1
24	9	1
24	10	0
24	11	1
24	12	1
24	13	0
24	14	1
24	15	0
24	16	2
24	18	2
24	19	1
24	20	1
24	21	1
24	22	1
24	25	2
24	26	0
24	28	4
24	29	2
24	30	20
24	31	2
24	32	2
24	33	6
24	34	2
24	35	0
24	39	1
24	40	2
24	41	6
24	43	1
24	44	3
25	18	2
25	45	0
26	2	4
26	18	2
26	21	1
26	45	0
27	2	4
27	18	2
27	20	1
28	18	2
28	20	1
28	45	0
29	18	2
29	28	4
29	45	0
30	2	4
30	10	0
30	18	2
30	20	1
30	26	0
30	35	0
30	39	1
30	45	0
31	45	0
32	18	2
32	31	2
32	45	0
33	18	2
33	20	1
33	45	0
34	18	2
34	33	6
34	45	0
35	2	4
35	4	8
35	18	2
35	20	1
35	21	1
35	25	2
35	32	2
35	34	2
35	45	0
36	45	0
37	18	2
37	20	1
37	45	0
38	18	2
38	20	1
38	45	0
39	18	2
39	45	0
40	18	2
40	41	6
40	45	0
41	18	2
41	43	3
41	45	0
42	18	2
43	18	2
43	45	0
44	18	2
44	45	0
45	4	8
45	5	4
45	7	1
45	9	1
45	11	1
45	12	1
45	13	0
45	14	1
45	15	0
45	16	2
45	18	2
45	19	1
45	21	1
45	22	1
45	25	2
45	26	0
45	28	4
45	29	2
45	30	20
45	31	2
45	32	2
45	33	6
45	34	2
45	35	0
45	39	1
45	40	2
45	41	6
45	43	1
45	44	3