2	4	1
2	18	2
2	20	2
2	21	1
2	22	1
2	25	1
2	29	1
2	32	1
2	33	1
2	34	1
2	37	1
2	38	1
2	39	1
2	40	1
2	43	1
2	44	1
2	45	0
3	30	1
4	5	4
4	18	1
4	32	1
4	34	1
4	45	1
5	18	2
5	45	1
6	7	1
6	9	1
6	10	1
6	11	1
6	12	1
6	13	1
6	14	1
6	15	1
6	16	1
6	19	1
6	20	1
6	45	1
7	18	2
7	20	2
7	45	1
8	18	2
9	18	1
9	45	1
10	45	1
11	18	1
11	45	1
12	18	1
12	45	1
13	45	1
14	18	1
14	45	1
15	45	1
16	18	2
16	45	1
17	18	1
18	6	5
18	7	2
18	8	3
18	9	2
18	10	1
18	11	2
18	12	2
18	13	1
18	14	2
18	15	1
18	16	3
18	19	2
18	20	2
18	45	1
19	18	1
19	20	2
19	45	1
20	45	1
21	6	1
21	9	2
21	11	2
21	12	2
21	14	2
21	18	1
21	19	2
21	20	2
21	45	1
22	18	1
22	45	1
23	2	2
23	4	4
23	5	2
23	6	2
23	7	2
23	9	2
23	10	2
23	11	2
23	12	2
23	13	2
23	14	2
23	15	2
23	16	2
23	18	2
23	19	2
23	20	2
23	21	2
23	22	2
23	25	2
23	26	3
23	28	2
23	29	2
23	30	6
23	31	2
23	32	3
23	33	2
23	34	3
23	35	3
23	39	2
23	40	3
23	41	2
23	43	2
23	44	2
24	4	1
24	5	1
24	7	1
24	9	1
24	10	1
24	11	1
24	12	1
24	13	1
24	14	1
24	15	1
24	16	1
24	18	1
24	19	1
24	20	1
24	21	1
24	22	1
24	25	1
24	26	1
24	28	1
24	29	1
24	30	1
24	31	1
24	32	1
24	33	1
24	34	1
24	35	1
24	39	1
24	40	1
24	41	1
24	43	1
24	44	1
25	18	1
25	45	1
26	2	2
26	18	1
26	21	3
26	45	1
27	2	4
27	18	2
27	20	3
28	18	2
28	20	2
28	45	1
29	18	1
29	28	3
29	45	1
30	2	3
30	10	1
30	18	1
30	20	1
30	26	3
30	35	4
30	39	2
30	45	1
31	45	1
32	18	1
32	31	7
32	45	1
33	18	2
33	20	3
33	45	1
34	18	1
34	33	4
34	45	1
35	2	2
35	4	3
35	18	2
35	20	3
35	21	1
35	25	1
35	32	1
35	34	1
35	45	1
36	45	0
37	18	2
37	20	3
37	45	0
38	18	2
38	20	3
38	45	0
39	18	2
39	20	3
40	18	1
40	41	4
40	45	1
41	18	1
41	42	2
41	45	1
42	18	2
43	18	1
43	45	1
44	18	2
44	20	2
44	45	1
45	4	1
45	5	1
45	7	1
45	9	1
45	11	1
45	12	1
45	13	1
45	14	1
45	15	1
45	16	1
45	18	1
45	19	1
45	20	1
45	21	1
45	22	1
45	25	1
45	26	1
45	28	1
45	29	1
45	30	1
45	31	1
45	32	1
45	33	1
45	34	1
45	35	1
45	39	1
45	40	1
45	41	1
45	43	1
45	44	1