Run 1:
Best OCplx: 2.0745437371948827
Best Sequence: [31, 34, 8, 5, 28, 47, 60, 36, 27, 40, 49, 59, 46, 21, 53, 14, 44, 10, 13, 18, 39, 11, 61, 35, 43, 6, 9, 29, 25, 55, 33, 17, 48, 58, 22, 15, 32, 41, 7, 56, 23, 26, 57, 20, 37, 42, 19, 3, 24, 30, 38, 51, 12, 16, 54, 52, 50, 45, 4, 2, 1]
Run 2:
Best OCplx: 7.39315275374009
Best Sequence: [21, 36, 31, 60, 24, 48, 46, 16, 20, 32, 43, 9, 61, 22, 3, 11, 28, 15, 34, 55, 44, 57, 5, 19, 29, 8, 59, 40, 39, 58, 53, 54, 56, 10, 30, 13, 47, 18, 37, 25, 42, 35, 41, 4, 1, 49, 7, 17, 6, 27, 45, 26, 14, 52, 33, 2, 51, 38, 50, 12, 23]
Run 3:
Best OCplx: 2.426957993401125
Best Sequence: [47, 22, 28, 39, 46, 5, 36, 21, 17, 34, 43, 8, 59, 10, 44, 24, 61, 58, 7, 30, 16, 27, 15, 35, 45, 14, 9, 1, 6, 4, 57, 40, 13, 56, 25, 48, 19, 54, 18, 37, 60, 31, 29, 26, 2, 23, 32, 41, 55, 20, 51, 38, 33, 12, 50, 49, 52, 42, 3, 11, 53]
Run 4:
Best OCplx: 4.974638961845678
Best Sequence: [54, 13, 8, 43, 37, 15, 9, 21, 31, 58, 46, 53, 28, 27, 60, 17, 11, 7, 41, 39, 24, 47, 59, 23, 5, 4, 36, 48, 57, 2, 61, 10, 18, 40, 14, 19, 44, 34, 25, 22, 35, 32, 29, 30, 16, 55, 26, 50, 52, 51, 6, 56, 42, 49, 12, 45, 3, 33, 1, 20, 38]
Run 5:
Best OCplx: 5.066678892560679
Best Sequence: [46, 28, 58, 21, 16, 13, 44, 29, 60, 23, 45, 35, 53, 48, 59, 32, 14, 54, 4, 10, 15, 26, 8, 43, 3, 7, 39, 2, 56, 31, 30, 9, 18, 41, 24, 19, 5, 36, 49, 40, 47, 6, 57, 61, 25, 17, 37, 34, 22, 20, 55, 27, 50, 38, 33, 12, 42, 51, 11, 1, 52]
Run 6:
Best OCplx: 1.8908369502844926
Best Sequence: [47, 5, 61, 28, 15, 8, 46, 9, 49, 13, 59, 17, 44, 10, 58, 36, 21, 60, 6, 31, 43, 53, 14, 56, 26, 30, 29, 48, 34, 57, 18, 25, 24, 2, 11, 16, 23, 7, 54, 55, 35, 4, 27, 19, 32, 22, 45, 38, 20, 1, 41, 37, 33, 52, 42, 39, 3, 50, 51, 40, 12]
Run 7:
Best OCplx: 6.026434617029143
Best Sequence: [13, 49, 47, 8, 5, 21, 60, 27, 44, 36, 43, 10, 40, 56, 39, 61, 31, 24, 34, 9, 59, 6, 54, 35, 14, 26, 57, 29, 37, 15, 30, 45, 55, 48, 7, 16, 50, 38, 53, 2, 28, 11, 46, 52, 17, 22, 32, 1, 19, 25, 12, 42, 20, 23, 33, 18, 58, 4, 41, 3, 51]
Run 8:
Best OCplx: 2.2523061644070452
Best Sequence: [47, 43, 40, 61, 34, 53, 31, 60, 15, 5, 59, 13, 10, 49, 44, 36, 9, 8, 58, 17, 21, 46, 27, 22, 35, 28, 45, 26, 4, 24, 39, 1, 32, 14, 54, 29, 2, 56, 11, 57, 30, 7, 55, 25, 20, 6, 18, 19, 23, 48, 38, 41, 42, 37, 52, 16, 51, 12, 50, 3, 33]
Run 9:
Best OCplx: 1.5989985334489634
Best Sequence: [39, 59, 60, 44, 17, 61, 15, 31, 28, 8, 10, 46, 9, 49, 34, 53, 5, 27, 21, 13, 43, 26, 1, 29, 4, 58, 24, 25, 18, 54, 47, 36, 2, 11, 45, 48, 14, 23, 30, 56, 6, 19, 32, 35, 20, 16, 37, 55, 51, 40, 42, 22, 33, 38, 41, 12, 52, 7, 3, 50, 57]
Run 10:
Best OCplx: 2.899680422518109
Best Sequence: [34, 47, 8, 44, 60, 10, 36, 58, 9, 15, 5, 31, 59, 17, 40, 28, 13, 27, 21, 6, 7, 39, 46, 22, 19, 35, 14, 11, 45, 43, 53, 61, 49, 56, 57, 23, 54, 41, 29, 1, 30, 37, 18, 4, 25, 32, 55, 24, 48, 26, 50, 42, 38, 51, 33, 52, 3, 16, 20, 12, 2]
Run 11:
Best OCplx: 5.072231036961438
Best Sequence: [27, 46, 28, 43, 15, 60, 21, 49, 47, 40, 4, 8, 39, 9, 37, 56, 61, 18, 5, 13, 22, 6, 7, 35, 14, 11, 19, 29, 10, 45, 17, 54, 24, 48, 16, 26, 44, 53, 57, 30, 2, 59, 32, 1, 23, 20, 41, 36, 55, 50, 58, 31, 34, 38, 51, 33, 42, 3, 12, 25, 52]
Run 12:
Best OCplx: 2.705153568959144
Best Sequence: [39, 46, 9, 53, 27, 49, 5, 28, 60, 58, 44, 59, 61, 13, 17, 8, 22, 21, 36, 43, 34, 47, 37, 41, 31, 10, 1, 26, 15, 7, 57, 30, 25, 45, 16, 19, 40, 48, 32, 56, 4, 6, 11, 23, 24, 14, 35, 55, 54, 20, 29, 18, 38, 33, 51, 50, 12, 42, 2, 52, 3]
Run 13:
Best OCplx: 1.6475643487379066
Best Sequence: [28, 31, 9, 13, 59, 8, 10, 43, 44, 47, 5, 40, 46, 36, 60, 17, 15, 34, 58, 39, 49, 21, 2, 54, 23, 24, 14, 19, 16, 6, 30, 29, 35, 18, 48, 57, 4, 45, 25, 53, 7, 32, 55, 61, 38, 22, 41, 37, 12, 11, 52, 20, 42, 51, 1, 33, 3, 26, 56, 27, 50]
Run 14:
Best OCplx: 2.594143429941413
Best Sequence: [37, 61, 44, 10, 5, 28, 17, 53, 31, 8, 15, 49, 46, 36, 60, 39, 21, 7, 43, 58, 41, 13, 47, 19, 6, 16, 56, 59, 26, 22, 4, 1, 27, 48, 35, 23, 32, 30, 20, 24, 18, 54, 45, 14, 2, 11, 40, 25, 42, 29, 55, 52, 9, 57, 34, 51, 50, 12, 3, 38, 33]
Run 15:
Best OCplx: 4.498870749940719
Best Sequence: [28, 13, 60, 40, 15, 61, 59, 46, 36, 44, 47, 53, 18, 21, 17, 31, 39, 49, 8, 25, 26, 58, 2, 7, 34, 11, 29, 6, 14, 56, 4, 22, 16, 45, 1, 41, 5, 19, 9, 23, 37, 48, 54, 30, 32, 24, 35, 10, 55, 33, 20, 12, 3, 57, 27, 43, 38, 51, 50, 42, 52]
Run 16:
Best OCplx: 3.0595720103529174
Best Sequence: [49, 13, 15, 39, 60, 8, 59, 31, 10, 46, 43, 17, 58, 44, 34, 53, 9, 5, 36, 21, 57, 30, 19, 14, 25, 7, 47, 56, 48, 35, 2, 23, 4, 18, 16, 29, 28, 40, 61, 24, 55, 37, 54, 41, 52, 22, 27, 32, 50, 51, 42, 6, 38, 12, 33, 20, 45, 3, 1, 26, 11]
Run 17:
Best OCplx: 4.3459124071558195
Best Sequence: [37, 31, 10, 5, 17, 8, 61, 36, 39, 60, 49, 34, 46, 9, 47, 59, 40, 53, 44, 21, 11, 14, 2, 18, 56, 4, 6, 27, 23, 1, 26, 7, 24, 57, 54, 29, 19, 25, 13, 35, 45, 58, 22, 32, 30, 43, 52, 55, 50, 38, 41, 42, 16, 20, 3, 28, 48, 51, 12, 15, 33]
Run 18:
Best OCplx: 3.2955030004042594
Best Sequence: [8, 17, 28, 13, 36, 9, 27, 53, 43, 60, 5, 47, 58, 41, 61, 49, 21, 25, 46, 55, 59, 40, 10, 35, 1, 30, 11, 31, 18, 56, 14, 23, 6, 44, 4, 39, 57, 22, 54, 16, 26, 48, 32, 2, 20, 7, 45, 37, 52, 34, 24, 3, 42, 38, 33, 15, 50, 19, 12, 51, 29]
Run 19:
Best OCplx: 4.583233903062084
Best Sequence: [5, 60, 22, 61, 21, 8, 58, 28, 7, 16, 31, 17, 19, 36, 1, 34, 15, 30, 59, 46, 44, 47, 23, 37, 57, 10, 41, 6, 48, 2, 18, 14, 32, 13, 54, 55, 25, 43, 39, 9, 26, 20, 35, 53, 49, 42, 24, 45, 38, 40, 52, 50, 12, 51, 33, 29, 27, 56, 3, 11, 4]
Run 20:
Best OCplx: 5.565534800153061
Best Sequence: [13, 8, 16, 15, 9, 22, 61, 40, 5, 31, 47, 39, 59, 49, 10, 36, 21, 34, 7, 23, 46, 18, 54, 56, 27, 53, 4, 24, 20, 11, 44, 6, 19, 29, 14, 35, 26, 48, 37, 43, 51, 58, 55, 30, 60, 32, 45, 52, 17, 2, 12, 1, 50, 28, 41, 57, 25, 3, 33, 38, 42]
Run 21:
Best OCplx: 4.991551558924966
Best Sequence: [43, 28, 59, 15, 60, 46, 27, 9, 40, 44, 31, 61, 5, 13, 39, 36, 22, 34, 10, 58, 17, 7, 37, 49, 41, 21, 4, 30, 54, 2, 56, 19, 23, 32, 45, 14, 24, 20, 16, 8, 57, 29, 35, 48, 53, 25, 6, 26, 1, 3, 55, 42, 51, 11, 47, 38, 50, 18, 12, 52, 33]
Run 22:
Best OCplx: 2.7778787423949076
Best Sequence: [13, 49, 60, 58, 47, 46, 36, 44, 8, 10, 9, 28, 61, 31, 27, 40, 59, 5, 15, 21, 17, 22, 16, 30, 26, 18, 14, 45, 39, 11, 25, 48, 6, 54, 56, 29, 37, 34, 43, 32, 2, 20, 41, 23, 57, 4, 24, 55, 42, 1, 53, 7, 33, 35, 3, 51, 19, 50, 52, 12, 38]
Run 23:
Best OCplx: 2.953342045770543
Best Sequence: [43, 58, 59, 31, 60, 5, 8, 36, 49, 37, 46, 21, 26, 61, 7, 13, 44, 47, 39, 45, 41, 10, 28, 6, 27, 15, 18, 53, 40, 16, 56, 48, 17, 29, 4, 34, 2, 25, 35, 55, 22, 1, 14, 30, 32, 54, 33, 42, 12, 24, 19, 20, 9, 38, 3, 50, 57, 11, 51, 52, 23]
Run 24:
Best OCplx: 2.932620873190559
Best Sequence: [28, 47, 61, 49, 46, 59, 9, 40, 27, 22, 10, 36, 58, 39, 21, 8, 15, 13, 31, 24, 43, 37, 25, 5, 11, 34, 60, 53, 30, 44, 57, 48, 41, 32, 18, 7, 35, 45, 6, 56, 29, 26, 16, 14, 54, 20, 4, 23, 55, 19, 38, 51, 1, 17, 42, 52, 3, 33, 50, 12, 2]
Run 25:
Best OCplx: 3.4159582432823186
Best Sequence: [61, 5, 60, 9, 28, 27, 47, 8, 49, 10, 40, 44, 31, 39, 53, 46, 17, 21, 36, 24, 59, 11, 43, 34, 22, 4, 19, 29, 57, 48, 1, 16, 15, 2, 23, 54, 41, 45, 58, 25, 32, 35, 37, 55, 51, 7, 18, 50, 30, 56, 13, 14, 42, 52, 12, 26, 6, 3, 33, 20, 38]
Run 26:
Best OCplx: 5.7843942549754
Best Sequence: [34, 9, 8, 31, 5, 36, 21, 41, 10, 61, 59, 53, 44, 43, 7, 48, 4, 60, 45, 57, 2, 40, 16, 30, 54, 27, 29, 19, 56, 58, 18, 35, 11, 6, 17, 14, 1, 28, 25, 47, 55, 46, 24, 13, 22, 37, 39, 23, 32, 3, 12, 50, 42, 52, 38, 20, 26, 49, 15, 51, 33]
Run 27:
Best OCplx: 4.103746592366179
Best Sequence: [61, 44, 28, 10, 47, 49, 40, 8, 15, 59, 43, 60, 34, 17, 39, 36, 37, 46, 53, 58, 31, 22, 9, 21, 4, 13, 27, 19, 35, 18, 16, 48, 41, 20, 57, 55, 32, 29, 38, 3, 23, 56, 25, 54, 1, 51, 45, 30, 26, 2, 7, 5, 11, 24, 12, 52, 42, 14, 33, 6, 50]
Run 28:
Best OCplx: 1.4305177002467162
Best Sequence: [46, 44, 5, 49, 13, 47, 8, 15, 27, 40, 28, 60, 10, 36, 58, 61, 59, 53, 39, 9, 21, 48, 22, 43, 23, 57, 7, 41, 19, 6, 16, 26, 30, 25, 24, 17, 34, 4, 29, 1, 45, 18, 35, 56, 14, 54, 2, 55, 11, 37, 31, 32, 20, 51, 3, 50, 38, 42, 33, 52, 12]
Run 29:
Best OCplx: 6.0217277615459155
Best Sequence: [21, 59, 41, 28, 36, 27, 15, 60, 46, 18, 43, 17, 33, 40, 2, 58, 11, 44, 13, 32, 47, 8, 23, 56, 10, 31, 22, 61, 30, 39, 35, 57, 34, 25, 4, 24, 48, 7, 9, 45, 29, 1, 14, 26, 55, 19, 53, 54, 38, 3, 5, 42, 52, 51, 49, 20, 37, 16, 6, 12, 50]
Run 30:
Best OCplx: 6.799376836996403
Best Sequence: [21, 32, 40, 34, 31, 60, 10, 30, 43, 6, 39, 56, 5, 15, 27, 46, 28, 48, 45, 22, 23, 8, 58, 17, 44, 37, 41, 61, 19, 47, 57, 54, 49, 11, 14, 16, 35, 4, 25, 59, 13, 20, 29, 36, 7, 1, 55, 18, 51, 24, 3, 33, 12, 38, 42, 2, 9, 52, 50, 26, 53]

Mean: 3.8431
Min: 1.4583
Max: 7.3932
Std: 1.6274UPDATE_GLOBAL_ITER: 15
GAMMA: 0.99
MAX_EP: 3000
thread_count: 3
RL: 8e-05
if_EWM: True

UPDATE_GLOBAL_ITER: 15
GAMMA: 0.99
MAX_EP: 3000
thread_count: 3
RL: 8e-05
if_EWM: True

