Run 1:
Best OCplx: 8.903662728868825
Best Sequence: [18, 36, 31, 16, 38, 11, 41, 8, 13, 20, 44, 34, 39, 43, 10, 19, 25, 29, 32, 4, 12, 9, 1, 40, 7, 15, 14, 28, 22, 6, 27, 5, 17, 21, 26, 37, 33, 42, 2, 30, 35, 23, 3, 24, 45]
Run 2:
Best OCplx: 8.073705899894714
Best Sequence: [19, 20, 1, 12, 14, 7, 38, 15, 18, 42, 36, 22, 16, 33, 31, 32, 34, 10, 8, 28, 43, 17, 44, 9, 39, 41, 11, 25, 29, 5, 6, 40, 13, 27, 4, 21, 37, 45, 26, 24, 2, 35, 30, 23, 3]
Run 3:
Best OCplx: 9.159922479564054
Best Sequence: [18, 42, 25, 26, 10, 44, 13, 15, 1, 14, 12, 7, 43, 9, 31, 22, 39, 6, 20, 5, 37, 33, 41, 40, 16, 17, 11, 8, 21, 38, 27, 32, 28, 4, 36, 29, 19, 35, 30, 34, 3, 2, 45, 24, 23]
Run 4:
Best OCplx: 9.81058806603896
Best Sequence: [25, 37, 31, 20, 16, 8, 34, 38, 18, 42, 10, 44, 14, 28, 17, 22, 15, 7, 39, 1, 13, 26, 36, 12, 11, 27, 9, 6, 32, 19, 30, 43, 33, 29, 21, 5, 4, 40, 35, 3, 41, 23, 24, 2, 45]
Run 5:
Best OCplx: 8.528905738628366
Best Sequence: [18, 9, 7, 16, 38, 22, 41, 43, 19, 10, 14, 31, 20, 28, 39, 36, 12, 13, 29, 42, 44, 17, 8, 15, 5, 11, 6, 33, 40, 25, 2, 37, 4, 1, 34, 21, 26, 27, 30, 32, 24, 3, 45, 35, 23]
Run 6:
Best OCplx: 8.938150219971757
Best Sequence: [20, 31, 18, 1, 36, 38, 8, 9, 13, 11, 37, 10, 33, 7, 5, 6, 42, 25, 44, 29, 17, 22, 41, 32, 15, 39, 34, 12, 19, 27, 40, 43, 16, 4, 2, 3, 30, 14, 35, 28, 21, 24, 26, 45, 23]
Run 7:
Best OCplx: 8.1109584053445
Best Sequence: [18, 36, 17, 8, 10, 25, 20, 31, 9, 41, 39, 38, 1, 5, 42, 33, 7, 11, 16, 34, 43, 19, 40, 15, 4, 22, 32, 21, 14, 27, 44, 2, 28, 26, 13, 30, 35, 37, 6, 12, 29, 3, 24, 23, 45]
Run 8:
Best OCplx: 8.97312504350407
Best Sequence: [41, 25, 14, 1, 37, 11, 5, 10, 20, 31, 8, 22, 18, 16, 4, 28, 36, 17, 15, 40, 38, 9, 29, 32, 42, 21, 43, 39, 13, 12, 34, 26, 19, 44, 7, 27, 6, 2, 35, 33, 30, 24, 3, 45, 23]
Run 9:
Best OCplx: 8.020243748312808
Best Sequence: [18, 17, 20, 8, 19, 13, 14, 41, 25, 42, 27, 15, 37, 10, 22, 36, 39, 1, 9, 31, 40, 12, 11, 4, 33, 7, 6, 28, 16, 29, 38, 34, 21, 26, 43, 5, 44, 32, 35, 2, 30, 24, 3, 45, 23]
Run 10:
Best OCplx: 8.556552722853692
Best Sequence: [16, 1, 9, 36, 28, 43, 12, 17, 14, 18, 44, 29, 4, 13, 20, 19, 8, 21, 42, 33, 41, 40, 22, 38, 5, 39, 37, 31, 10, 25, 34, 2, 15, 32, 35, 6, 3, 26, 27, 7, 30, 11, 24, 23, 45]
Run 11:
Best OCplx: 8.686539074716777
Best Sequence: [18, 20, 38, 19, 7, 17, 36, 9, 31, 13, 15, 41, 44, 42, 43, 34, 12, 10, 22, 25, 37, 27, 28, 1, 11, 16, 5, 4, 33, 29, 6, 32, 8, 14, 26, 40, 39, 2, 30, 3, 24, 21, 35, 23, 45]
Run 12:
Best OCplx: 8.468489566069163
Best Sequence: [11, 20, 28, 18, 22, 1, 17, 38, 43, 13, 7, 12, 34, 19, 31, 36, 8, 14, 33, 41, 5, 16, 10, 9, 27, 15, 4, 42, 44, 39, 32, 21, 25, 29, 26, 37, 40, 6, 30, 3, 35, 2, 23, 24, 45]
Run 13:
Best OCplx: 8.55353888215819
Best Sequence: [39, 18, 14, 22, 9, 20, 27, 10, 26, 13, 15, 19, 12, 16, 33, 43, 25, 5, 36, 28, 1, 31, 17, 29, 7, 32, 11, 41, 40, 6, 37, 44, 42, 38, 30, 8, 21, 4, 34, 3, 2, 35, 45, 24, 23]
Run 14:
Best OCplx: 9.096122110586375
Best Sequence: [11, 42, 15, 16, 20, 44, 31, 33, 41, 9, 6, 34, 4, 12, 10, 19, 36, 38, 39, 13, 22, 7, 18, 14, 32, 37, 17, 28, 21, 43, 5, 1, 8, 35, 25, 30, 27, 40, 26, 3, 29, 2, 23, 24, 45]
Run 15:
Best OCplx: 9.549763737597633
Best Sequence: [18, 33, 31, 39, 13, 32, 7, 36, 16, 15, 43, 20, 5, 22, 42, 27, 44, 17, 37, 4, 34, 9, 41, 10, 11, 25, 29, 6, 38, 1, 40, 12, 19, 26, 14, 8, 28, 21, 30, 3, 35, 2, 45, 23, 24]
Run 16:
Best OCplx: 9.586505447302342
Best Sequence: [18, 1, 12, 11, 20, 40, 15, 14, 41, 17, 39, 31, 37, 10, 27, 36, 32, 21, 5, 44, 29, 13, 26, 4, 19, 7, 25, 22, 38, 9, 2, 33, 16, 8, 28, 34, 42, 43, 35, 6, 3, 30, 24, 23, 45]
Run 17:
Best OCplx: 8.827677139508175
Best Sequence: [18, 20, 13, 42, 36, 26, 11, 10, 17, 8, 9, 33, 43, 38, 1, 19, 28, 39, 40, 27, 14, 16, 15, 25, 41, 44, 22, 32, 34, 7, 29, 5, 4, 31, 12, 37, 21, 6, 35, 30, 2, 24, 3, 23, 45]
Run 18:
Best OCplx: 8.28804894686149
Best Sequence: [9, 43, 18, 42, 33, 13, 14, 12, 16, 31, 26, 11, 36, 20, 5, 44, 38, 41, 28, 15, 8, 7, 1, 25, 17, 10, 37, 27, 32, 39, 34, 22, 19, 30, 21, 6, 4, 29, 2, 3, 35, 40, 23, 45, 24]
Run 19:
Best OCplx: 8.335734968207706
Best Sequence: [8, 18, 41, 42, 20, 5, 32, 9, 15, 37, 22, 4, 17, 31, 36, 39, 27, 10, 11, 14, 38, 1, 33, 13, 43, 28, 7, 26, 19, 21, 34, 40, 25, 12, 16, 44, 6, 29, 2, 35, 30, 45, 24, 3, 23]
Run 20:
Best OCplx: 9.116969550046695
Best Sequence: [9, 22, 26, 34, 14, 20, 43, 25, 44, 15, 13, 7, 19, 38, 11, 18, 28, 40, 31, 1, 10, 6, 29, 39, 16, 42, 4, 37, 17, 33, 2, 27, 8, 36, 21, 35, 32, 41, 5, 30, 3, 12, 23, 45, 24]
Run 21:
Best OCplx: 8.958701820356179
Best Sequence: [32, 20, 40, 9, 26, 12, 4, 16, 19, 8, 37, 18, 42, 22, 13, 7, 15, 36, 43, 38, 14, 1, 17, 39, 25, 28, 29, 33, 31, 41, 44, 34, 2, 21, 6, 5, 11, 10, 35, 27, 30, 3, 24, 23, 45]
Run 22:
Best OCplx: 8.83521555688649
Best Sequence: [29, 31, 36, 20, 18, 13, 8, 34, 41, 16, 28, 38, 19, 7, 14, 39, 11, 44, 40, 32, 5, 12, 15, 10, 27, 25, 26, 43, 6, 22, 42, 33, 1, 37, 9, 17, 4, 30, 3, 21, 2, 35, 45, 23, 24]
Run 23:
Best OCplx: 9.016640098819497
Best Sequence: [29, 15, 11, 43, 20, 8, 18, 25, 19, 1, 44, 4, 28, 12, 40, 31, 6, 32, 42, 22, 17, 27, 10, 37, 9, 7, 36, 13, 21, 33, 34, 41, 16, 38, 14, 2, 26, 5, 39, 30, 3, 35, 23, 45, 24]
Run 24:
Best OCplx: 8.38598750095681
Best Sequence: [41, 20, 22, 33, 38, 28, 7, 11, 10, 44, 9, 42, 17, 15, 8, 25, 39, 29, 40, 6, 1, 18, 12, 5, 36, 16, 37, 13, 43, 31, 19, 32, 14, 34, 4, 27, 21, 26, 2, 35, 30, 23, 3, 45, 24]
Run 25:
Best OCplx: 8.414709340967512
Best Sequence: [25, 18, 8, 17, 7, 13, 43, 41, 15, 1, 20, 44, 33, 39, 22, 9, 31, 28, 19, 14, 11, 5, 29, 34, 40, 16, 6, 42, 37, 21, 10, 26, 32, 12, 38, 36, 4, 30, 45, 3, 35, 23, 2, 24, 27]
Run 26:
Best OCplx: 8.3988323078318
Best Sequence: [1, 20, 18, 27, 44, 16, 22, 40, 26, 37, 33, 17, 15, 34, 42, 10, 31, 13, 25, 39, 43, 28, 14, 32, 38, 7, 8, 19, 41, 36, 11, 5, 6, 3, 9, 12, 29, 21, 4, 35, 2, 30, 45, 24, 23]
Run 27:
Best OCplx: 8.431406672414589
Best Sequence: [36, 18, 43, 15, 11, 38, 42, 44, 33, 8, 31, 13, 41, 10, 12, 5, 29, 28, 16, 32, 34, 20, 14, 25, 1, 39, 17, 19, 7, 22, 6, 9, 40, 4, 26, 37, 27, 21, 2, 35, 30, 45, 24, 3, 23]
Run 28:
Best OCplx: 9.786159040634011
Best Sequence: [40, 16, 31, 20, 1, 18, 27, 38, 7, 5, 39, 36, 10, 21, 13, 26, 22, 43, 19, 33, 28, 11, 15, 30, 12, 44, 41, 32, 25, 37, 14, 6, 8, 17, 34, 9, 35, 3, 29, 42, 4, 2, 45, 24, 23]
Run 29:
Best OCplx: 8.694922189281803
Best Sequence: [20, 25, 28, 1, 18, 12, 22, 19, 42, 40, 5, 31, 44, 39, 41, 13, 14, 36, 29, 8, 43, 15, 10, 17, 33, 32, 9, 11, 37, 7, 4, 30, 3, 45, 24, 21, 6, 34, 16, 2, 38, 26, 27, 35, 23]
Run 30:
Best OCplx: 9.35889740377988
Best Sequence: [12, 16, 41, 42, 31, 11, 22, 18, 5, 7, 1, 20, 38, 25, 37, 19, 43, 14, 26, 44, 4, 39, 36, 33, 9, 32, 29, 34, 10, 21, 28, 30, 13, 8, 40, 27, 17, 15, 6, 3, 35, 45, 2, 23, 24]
