总体测试桩复杂度OCplx为: 2.776437991178484
属性复杂度ACplx为: 48
方法复杂度MCplx为: 136
传递复杂度TCplx为: 38.89861345294051
总体测试桩数目为: 49


2025-03-18 17:25:37 INFO -   输出全部的测试桩列表
82-->52--(2,7,1.8125)
82-->94--(5,3,12.00439453125)
82-->50--(1,12,6.75)
82-->51--(1,19,1.782989501953125)
82-->93--(9,6,8.513671875)
82-->95--(0,2,0.0)
82-->81--(0,3,0.0)
313-->311--(1,4,2.125)
313-->312--(1,1,0.0)
324-->320--(1,2,0.004517078399658203)
324-->323--(1,5,2.126709222793579)
94-->92--(3,2,0.25)
94-->93--(3,0,0.0)
94-->91--(0,0,1.0)
77-->61--(0,1,7.62939453125E-6)
77-->60--(0,1,3.0517578125E-5)
77-->59--(0,1,0.0078125)
77-->65--(0,1,4.76837158203125E-7)
77-->67--(0,1,4.8828125E-4)
77-->64--(0,1,9.5367431640625E-7)
77-->63--(0,1,1.9073486328125E-6)
77-->62--(0,1,3.814697265625E-6)
77-->70--(0,1,9.765625E-4)
77-->71--(0,1,4.8828125E-4)
77-->68--(0,1,1.1920928955078125E-7)
77-->69--(0,1,0.001953125)
77-->74--(0,1,6.103515625E-5)
77-->72--(0,1,2.44140625E-4)
77-->73--(0,1,1.220703125E-4)
77-->66--(0,1,1.1920928955078125E-7)
91-->88--(0,1,9.765625E-4)
50-->93--(3,1,0.0)
326-->325--(3,7,1.203125)
320-->325--(2,0,0.25)
226-->223--(0,1,0.25)
93-->330--(1,0,0.0)
266-->268--(2,0,0.0)
216-->215--(0,2,2.288818359375E-5)
270-->269--(0,1,0.25)
252-->253--(2,0,0.0)
253-->248--(2,12,0.0)
253-->250--(1,3,0.0)
253-->247--(0,1,2.9103830456733704E-11)
253-->249--(0,4,0.0)
253-->251--(0,6,0.0)
284-->283--(1,2,0.0)
268-->267--(1,6,0.5000152587890625)
290-->289--(1,3,0.0)
275-->274--(1,4,0.06250000000002842)