Run 1:
Best OCplx: 1.0615269298409946
Best Sequence: [3, 13, 39, 12, 30, 24, 38, 7, 36, 11, 15, 23, 14, 34, 32, 18, 20, 17, 10, 27, 22, 8, 19, 9, 33, 37, 29, 1, 31, 2, 21, 6, 26, 4, 28, 35, 25, 16, 5]
Run 2:
Best OCplx: 1.0666910034486066
Best Sequence: [31, 27, 11, 13, 10, 35, 22, 9, 5, 23, 20, 28, 6, 17, 12, 15, 14, 36, 38, 16, 2, 30, 34, 19, 18, 3, 32, 33, 4, 7, 39, 29, 8, 24, 37, 25, 21, 26, 1]
Run 3:
Best OCplx: 1.011988596565855
Best Sequence: [30, 28, 7, 2, 17, 5, 27, 39, 11, 35, 10, 8, 26, 31, 18, 3, 34, 21, 15, 9, 6, 37, 23, 38, 1, 36, 19, 4, 24, 13, 20, 22, 32, 29, 25, 12, 33, 14, 16]
Run 4:
Best OCplx: 1.0181995076762551
Best Sequence: [35, 39, 5, 24, 7, 17, 33, 25, 20, 32, 26, 29, 38, 21, 3, 1, 16, 11, 18, 27, 36, 10, 31, 9, 22, 6, 19, 15, 12, 13, 34, 14, 23, 37, 30, 4, 28, 2, 8]
Run 5:
Best OCplx: 1.0366416935298697
Best Sequence: [5, 21, 3, 10, 12, 36, 39, 22, 38, 32, 19, 24, 29, 33, 1, 23, 20, 16, 11, 27, 18, 9, 6, 31, 35, 14, 28, 15, 25, 37, 26, 13, 8, 7, 2, 4, 34, 30, 17]
Run 6:
Best OCplx: 1.1330653455098534
Best Sequence: [31, 20, 27, 2, 26, 14, 22, 39, 10, 18, 13, 29, 11, 9, 33, 8, 17, 15, 23, 16, 36, 3, 7, 28, 21, 6, 1, 34, 5, 19, 12, 30, 38, 25, 37, 4, 35, 32, 24]
Run 7:
Best OCplx: 0.9790057184956373
Best Sequence: [19, 38, 21, 15, 34, 39, 11, 13, 27, 10, 9, 7, 31, 24, 5, 36, 16, 37, 32, 3, 2, 22, 35, 23, 18, 12, 1, 6, 30, 29, 28, 17, 14, 26, 20, 33, 25, 4, 8]
Run 8:
Best OCplx: 1.007332339773899
Best Sequence: [3, 2, 32, 16, 17, 11, 20, 31, 7, 38, 33, 21, 27, 14, 35, 19, 26, 15, 39, 10, 29, 30, 9, 23, 36, 12, 25, 6, 13, 28, 8, 18, 37, 24, 5, 4, 1, 22, 34]
Run 9:
Best OCplx: 0.971594742552596
Best Sequence: [5, 36, 11, 21, 38, 27, 10, 12, 20, 1, 17, 26, 25, 33, 15, 8, 9, 7, 2, 3, 14, 22, 18, 13, 30, 39, 32, 35, 23, 19, 24, 34, 31, 6, 16, 37, 29, 4, 28]
Run 10:
Best OCplx: 0.9287019850977215
Best Sequence: [14, 30, 32, 8, 16, 15, 1, 22, 27, 18, 39, 11, 34, 26, 17, 21, 38, 10, 9, 12, 19, 3, 29, 36, 25, 35, 6, 2, 20, 31, 7, 13, 24, 33, 5, 28, 37, 4, 23]
Run 11:
Best OCplx: 1.096678859738742
Best Sequence: [24, 32, 8, 11, 21, 17, 25, 7, 22, 30, 23, 19, 1, 33, 10, 39, 27, 13, 18, 34, 16, 26, 5, 29, 12, 9, 15, 36, 31, 3, 35, 20, 14, 2, 28, 6, 4, 37, 38]
Run 12:
Best OCplx: 1.0887452599878666
Best Sequence: [39, 24, 32, 1, 13, 34, 22, 11, 23, 17, 8, 27, 10, 15, 7, 20, 36, 38, 33, 25, 9, 28, 30, 5, 29, 12, 37, 26, 6, 18, 19, 14, 3, 2, 16, 4, 21, 35, 31]
Run 13:
Best OCplx: 1.0556597935380332
Best Sequence: [36, 24, 3, 21, 5, 27, 15, 26, 30, 10, 20, 7, 8, 9, 1, 38, 6, 29, 33, 34, 4, 28, 39, 19, 18, 14, 32, 25, 13, 37, 22, 12, 23, 17, 11, 16, 2, 35, 31]
Run 14:
Best OCplx: 1.3249832073388268
Best Sequence: [27, 29, 7, 36, 10, 12, 17, 30, 9, 24, 3, 14, 32, 33, 28, 15, 35, 25, 11, 8, 39, 6, 16, 38, 19, 26, 5, 13, 34, 1, 20, 4, 23, 18, 31, 22, 37, 2, 21]
Run 15:
Best OCplx: 1.0955557616151743
Best Sequence: [11, 32, 36, 8, 19, 30, 24, 12, 38, 7, 27, 39, 10, 33, 9, 13, 23, 34, 26, 18, 1, 17, 21, 35, 37, 15, 2, 28, 20, 6, 5, 3, 25, 16, 4, 22, 14, 31, 29]
Run 16:
Best OCplx: 0.8730159619384353
Best Sequence: [32, 30, 11, 27, 10, 21, 2, 24, 33, 34, 17, 7, 39, 15, 35, 3, 28, 38, 18, 31, 8, 9, 23, 22, 29, 5, 16, 26, 20, 37, 14, 6, 25, 1, 36, 12, 19, 4, 13]
Run 17:
Best OCplx: 0.9992970354422337
Best Sequence: [3, 27, 36, 7, 31, 32, 30, 13, 20, 39, 10, 35, 21, 16, 33, 11, 9, 14, 23, 15, 12, 17, 29, 38, 5, 34, 22, 37, 1, 6, 26, 28, 25, 18, 4, 2, 24, 19, 8]
Run 18:
Best OCplx: 1.1868785612137989
Best Sequence: [1, 31, 24, 25, 5, 34, 23, 22, 17, 11, 10, 9, 27, 2, 32, 19, 21, 8, 16, 36, 15, 37, 33, 38, 12, 6, 14, 29, 28, 4, 20, 13, 35, 18, 30, 39, 26, 3, 7]
Run 19:
Best OCplx: 0.9458808848924415
Best Sequence: [18, 36, 20, 3, 29, 24, 23, 1, 15, 38, 35, 34, 11, 25, 16, 13, 22, 32, 10, 28, 33, 2, 9, 5, 17, 27, 30, 6, 8, 37, 21, 31, 39, 12, 4, 7, 19, 26, 14]
Run 20:
Best OCplx: 1.3494583391012709
Best Sequence: [39, 25, 38, 10, 11, 24, 23, 16, 2, 8, 22, 21, 29, 13, 12, 37, 33, 7, 27, 20, 17, 30, 9, 15, 28, 6, 34, 26, 1, 19, 4, 3, 35, 32, 36, 14, 5, 18, 31]
Run 21:
Best OCplx: 0.9967457254527285
Best Sequence: [13, 28, 11, 32, 20, 10, 15, 17, 3, 33, 19, 5, 18, 21, 14, 26, 2, 27, 1, 38, 9, 7, 6, 31, 4, 34, 37, 24, 12, 8, 23, 22, 30, 39, 36, 35, 25, 16, 29]
Run 22:
Best OCplx: 1.1049807944582402
Best Sequence: [32, 21, 14, 38, 34, 20, 27, 16, 26, 10, 31, 19, 25, 23, 11, 28, 9, 15, 24, 39, 36, 29, 3, 12, 30, 1, 7, 8, 2, 17, 33, 6, 5, 35, 4, 18, 22, 37, 13]
Run 23:
Best OCplx: 1.2349738756308228
Best Sequence: [19, 14, 18, 25, 28, 38, 23, 21, 36, 29, 10, 33, 7, 31, 39, 27, 26, 11, 16, 9, 3, 5, 30, 24, 1, 6, 12, 4, 17, 37, 22, 34, 8, 32, 20, 15, 35, 2, 13]
Run 24:
Best OCplx: 1.4499368897586522
Best Sequence: [11, 39, 7, 24, 14, 10, 1, 20, 32, 15, 28, 22, 36, 4, 16, 8, 29, 3, 27, 2, 38, 18, 9, 33, 30, 26, 21, 13, 35, 23, 34, 25, 17, 5, 6, 37, 12, 19, 31]
Run 25:
Best OCplx: 1.2183560829984736
Best Sequence: [10, 11, 28, 21, 3, 34, 29, 33, 16, 14, 7, 24, 26, 35, 32, 36, 5, 37, 13, 9, 15, 38, 2, 27, 20, 22, 1, 31, 6, 39, 4, 12, 25, 18, 17, 8, 23, 30, 19]
Run 26:
Best OCplx: 1.1708070687516428
Best Sequence: [34, 10, 1, 15, 26, 24, 23, 3, 9, 30, 11, 36, 22, 13, 29, 27, 8, 39, 6, 20, 18, 4, 2, 21, 5, 14, 12, 17, 38, 32, 7, 37, 33, 28, 35, 31, 19, 25, 16]
Run 27:
Best OCplx: 1.088629632213724
Best Sequence: [10, 24, 11, 29, 20, 39, 38, 31, 1, 7, 2, 9, 25, 5, 36, 28, 33, 23, 26, 27, 6, 16, 15, 34, 19, 21, 14, 8, 4, 37, 13, 17, 3, 12, 32, 22, 18, 35, 30]
Run 28:
Best OCplx: 1.1510374918140547
Best Sequence: [32, 38, 10, 11, 26, 27, 15, 33, 5, 2, 17, 28, 9, 31, 22, 20, 19, 29, 1, 30, 34, 24, 7, 23, 21, 18, 16, 8, 35, 14, 6, 4, 36, 25, 37, 12, 3, 39, 13]
Run 29:
Best OCplx: 0.9824610266561264
Best Sequence: [24, 7, 28, 13, 16, 19, 30, 27, 20, 29, 8, 31, 10, 26, 11, 3, 36, 9, 39, 15, 34, 23, 38, 14, 6, 33, 4, 35, 5, 25, 32, 18, 21, 1, 22, 12, 2, 37, 17]
Run 30:
Best OCplx: 1.0891907393760951
Best Sequence: [31, 20, 1, 17, 21, 25, 8, 3, 30, 16, 29, 15, 19, 18, 36, 27, 23, 33, 24, 26, 22, 34, 7, 35, 12, 11, 32, 37, 28, 2, 10, 9, 38, 13, 5, 39, 6, 4, 14]
UPDATE_GLOBAL_ITER: 200
GAMMA: 0.99
MAX_EP: 3000
thread_count: 3
RL: 5e-05
if_EWM: False

