Run 1:
Best OCplx: 0.38569460791993504
Best Sequence: [17, 22, 16, 19, 11, 1, 21, 6, 9, 23, 12, 10, 7, 5, 8, 18, 14, 20, 13, 4, 2, 3, 15]
Run 2:
Best OCplx: 0.38569460791993504
Best Sequence: [13, 18, 6, 21, 7, 17, 11, 22, 9, 23, 8, 12, 16, 14, 19, 1, 10, 4, 5, 2, 3, 15, 20]
Run 3:
Best OCplx: 0.38569460791993504
Best Sequence: [18, 21, 8, 1, 19, 12, 7, 14, 11, 22, 13, 10, 6, 17, 9, 4, 20, 5, 23, 16, 2, 3, 15]
Run 4:
Best OCplx: 0.4178358252465963
Best Sequence: [18, 16, 11, 21, 10, 23, 17, 19, 13, 8, 7, 9, 12, 20, 1, 5, 22, 6, 4, 14, 2, 3, 15]
Run 5:
Best OCplx: 0.5464006945532414
Best Sequence: [13, 18, 23, 6, 8, 11, 1, 10, 9, 7, 17, 16, 22, 12, 4, 20, 21, 5, 2, 3, 14, 15, 19]
Run 6:
Best OCplx: 0.3535533905932738
Best Sequence: [1, 7, 21, 11, 8, 10, 16, 6, 13, 22, 9, 17, 5, 20, 14, 23, 18, 12, 4, 2, 3, 15, 19]
Run 7:
Best OCplx: 0.4821182598999188
Best Sequence: [11, 20, 13, 10, 8, 21, 22, 17, 19, 1, 9, 12, 5, 23, 14, 7, 16, 4, 6, 2, 3, 18, 15]
Run 8:
Best OCplx: 0.6106831292065639
Best Sequence: [5, 6, 22, 1, 7, 17, 21, 9, 12, 11, 19, 8, 4, 18, 23, 16, 20, 2, 3, 13, 10, 14, 15]
Run 9:
Best OCplx: 0.5464006945532413
Best Sequence: [19, 21, 12, 9, 17, 13, 5, 23, 20, 22, 11, 7, 4, 1, 10, 2, 8, 14, 18, 6, 3, 16, 15]
Run 10:
Best OCplx: 0.3535533905932738
Best Sequence: [7, 17, 23, 8, 11, 12, 6, 20, 1, 22, 10, 9, 13, 5, 4, 18, 16, 2, 3, 14, 21, 19, 15]
Run 11:
Best OCplx: 0.4604086456587254
Best Sequence: [10, 9, 21, 17, 16, 12, 4, 22, 8, 5, 7, 23, 14, 6, 18, 11, 1, 13, 2, 20, 19, 3, 15]
Run 12:
Best OCplx: 0.6532559496186929
Best Sequence: [9, 8, 7, 6, 1, 10, 22, 17, 12, 5, 16, 14, 4, 13, 20, 19, 2, 18, 21, 11, 23, 3, 15]
Run 13:
Best OCplx: 0.32141217326661253
Best Sequence: [9, 21, 16, 11, 7, 6, 1, 10, 12, 22, 17, 18, 4, 19, 8, 5, 20, 2, 23, 14, 13, 3, 15]
Run 14:
Best OCplx: 0.38569460791993504
Best Sequence: [21, 13, 7, 17, 11, 9, 16, 23, 6, 8, 19, 1, 10, 14, 5, 20, 22, 12, 4, 2, 3, 15, 18]
Run 15:
Best OCplx: 0.2892709559399513
Best Sequence: [11, 9, 1, 21, 12, 19, 17, 13, 22, 7, 8, 10, 5, 16, 14, 20, 4, 23, 6, 2, 3, 15, 18]
Run 16:
Best OCplx: 0.4821182598999188
Best Sequence: [16, 11, 23, 13, 6, 1, 19, 12, 22, 21, 18, 10, 9, 8, 14, 7, 5, 20, 4, 17, 2, 3, 15]
Run 17:
Best OCplx: 0.4821182598999188
Best Sequence: [19, 22, 11, 8, 21, 17, 12, 13, 1, 7, 4, 23, 14, 6, 20, 16, 10, 5, 9, 18, 2, 3, 15]
Run 18:
Best OCplx: 0.5785419118799026
Best Sequence: [12, 13, 21, 19, 11, 17, 9, 23, 8, 22, 7, 16, 20, 6, 1, 18, 14, 10, 4, 5, 3, 2, 15]
Run 19:
Best OCplx: 0.38569460791993504
Best Sequence: [17, 19, 12, 7, 11, 22, 16, 20, 1, 8, 6, 13, 10, 21, 9, 23, 4, 5, 2, 14, 18, 3, 15]
Run 20:
Best OCplx: 0.6749655638598864
Best Sequence: [17, 12, 9, 8, 11, 10, 14, 23, 22, 18, 5, 16, 19, 20, 7, 1, 21, 13, 4, 6, 3, 15, 2]
Run 21:
Best OCplx: 0.6428243465332251
Best Sequence: [6, 16, 22, 17, 11, 12, 1, 7, 10, 23, 9, 8, 19, 13, 20, 5, 21, 18, 3, 15, 4, 14, 2]
Run 22:
Best OCplx: 0.44997704257325755
Best Sequence: [22, 8, 19, 21, 9, 12, 18, 11, 4, 5, 6, 16, 1, 17, 23, 7, 20, 2, 14, 10, 13, 3, 15]
Run 23:
Best OCplx: 0.2892709559399513
Best Sequence: [22, 13, 19, 8, 21, 12, 17, 6, 23, 11, 10, 14, 9, 18, 5, 20, 7, 16, 4, 1, 2, 3, 15]
Run 24:
Best OCplx: 0.51425947722658
Best Sequence: [16, 21, 13, 12, 5, 11, 8, 9, 7, 17, 20, 14, 1, 22, 6, 23, 19, 18, 10, 4, 2, 3, 15]
Run 25:
Best OCplx: 0.6106831292065638
Best Sequence: [8, 19, 9, 1, 7, 13, 17, 6, 16, 20, 11, 10, 22, 12, 23, 5, 4, 18, 14, 21, 15, 2, 3]
Run 26:
Best OCplx: 0.38569460791993504
Best Sequence: [21, 17, 1, 8, 12, 9, 7, 6, 22, 19, 13, 11, 20, 4, 18, 23, 14, 16, 10, 5, 2, 3, 15]
Run 27:
Best OCplx: 0.6106831292065639
Best Sequence: [22, 8, 11, 7, 21, 12, 16, 18, 19, 10, 5, 6, 17, 14, 9, 20, 23, 4, 1, 3, 15, 2, 13]
Run 28:
Best OCplx: 0.48211825989991874
Best Sequence: [16, 11, 22, 12, 19, 21, 13, 17, 7, 9, 23, 5, 8, 1, 6, 4, 14, 2, 20, 3, 15, 10, 18]
Run 29:
Best OCplx: 0.38569460791993504
Best Sequence: [6, 11, 10, 9, 21, 16, 8, 13, 12, 7, 5, 1, 17, 18, 19, 23, 14, 20, 4, 2, 3, 15, 22]
Run 30:
Best OCplx: 0.4821182598999188
Best Sequence: [6, 9, 23, 1, 22, 7, 19, 8, 21, 18, 11, 14, 17, 12, 4, 20, 13, 10, 5, 2, 3, 16, 15]
Learning Rate: 1e-05
Epsilon: 0.1
Gamma: 0.99
Reward Version: v2.1
if_EWM: False
