Run 1:
Best OCplx: 0.8842514648094141
Best Sequence: [2, 1, 3, 21, 8, 11, 20, 15, 13, 18, 7, 23, 26, 34, 10, 17, 16, 28, 35, 22, 14, 38, 30, 9, 27, 31, 19, 6, 5, 37, 25, 29, 39, 33, 32, 36, 12, 4, 24]
Run 2:
Best OCplx: 0.6626559142558471
Best Sequence: [28, 24, 23, 22, 36, 2, 3, 32, 5, 11, 30, 7, 20, 15, 31, 1, 34, 21, 27, 38, 13, 10, 25, 16, 18, 9, 33, 6, 35, 17, 14, 19, 4, 26, 39, 12, 29, 8, 37]
Run 3:
Best OCplx: 0.9124131602806325
Best Sequence: [7, 19, 23, 11, 26, 32, 13, 27, 35, 38, 10, 18, 30, 21, 16, 20, 22, 15, 24, 17, 28, 31, 25, 33, 5, 12, 2, 36, 9, 34, 6, 8, 3, 1, 4, 39, 29, 37, 14]
Run 4:
Best OCplx: 0.8374826576775379
Best Sequence: [1, 8, 11, 7, 36, 10, 3, 16, 19, 31, 24, 34, 33, 21, 27, 28, 37, 9, 22, 35, 15, 25, 38, 6, 20, 13, 18, 4, 17, 32, 39, 29, 30, 2, 5, 14, 12, 23, 26]
Run 5:
Best OCplx: 0.7578547635314733
Best Sequence: [21, 20, 11, 24, 3, 22, 15, 18, 13, 34, 28, 27, 14, 31, 5, 19, 2, 26, 39, 16, 7, 29, 30, 23, 10, 1, 32, 25, 36, 33, 9, 37, 8, 38, 17, 6, 12, 35, 4]
Run 6:
Best OCplx: 0.609724610247646
Best Sequence: [7, 20, 14, 17, 19, 27, 39, 26, 18, 34, 11, 24, 15, 21, 10, 23, 9, 36, 8, 25, 6, 22, 31, 38, 35, 33, 30, 12, 4, 3, 13, 28, 2, 16, 29, 1, 32, 37, 5]
Run 7:
Best OCplx: 0.840313637449403
Best Sequence: [11, 21, 17, 27, 3, 24, 16, 7, 10, 32, 8, 2, 22, 13, 28, 1, 26, 12, 35, 15, 9, 39, 29, 18, 25, 30, 14, 19, 38, 34, 37, 31, 33, 6, 4, 36, 5, 23, 20]
Run 8:
Best OCplx: 1.2788493655634061
Best Sequence: [18, 30, 38, 16, 21, 20, 7, 37, 11, 5, 14, 10, 13, 34, 32, 26, 25, 12, 9, 2, 27, 36, 29, 3, 6, 19, 24, 22, 33, 1, 4, 31, 39, 15, 8, 17, 23, 35, 28]
Run 9:
Best OCplx: 0.8864196328381183
Best Sequence: [20, 18, 7, 1, 17, 33, 35, 3, 23, 11, 22, 24, 15, 30, 21, 32, 10, 38, 39, 25, 13, 2, 14, 36, 29, 28, 34, 5, 8, 26, 27, 37, 19, 9, 16, 6, 4, 31, 12]
Run 10:
Best OCplx: 0.9287019850977216
Best Sequence: [2, 11, 15, 16, 30, 1, 39, 33, 7, 18, 28, 38, 36, 23, 19, 10, 22, 25, 27, 14, 35, 9, 26, 29, 6, 8, 31, 37, 13, 5, 4, 32, 24, 3, 21, 20, 12, 34, 17]
Run 11:
Best OCplx: 0.6925272589730141
Best Sequence: [11, 7, 24, 38, 20, 1, 10, 16, 36, 13, 25, 27, 39, 32, 31, 26, 21, 9, 34, 29, 33, 23, 6, 12, 30, 8, 22, 3, 17, 15, 4, 35, 18, 28, 14, 5, 19, 2, 37]
Run 12:
Best OCplx: 0.9372221359709779
Best Sequence: [5, 29, 22, 27, 16, 19, 2, 13, 3, 15, 17, 36, 34, 1, 21, 24, 11, 23, 37, 10, 12, 18, 35, 38, 7, 9, 32, 6, 25, 20, 26, 8, 31, 14, 28, 33, 39, 30, 4]
Run 13:
Best OCplx: 0.9376815385525588
Best Sequence: [30, 8, 15, 36, 27, 34, 16, 11, 14, 38, 10, 26, 31, 9, 21, 25, 22, 28, 7, 24, 23, 32, 1, 6, 5, 12, 35, 2, 19, 18, 37, 29, 39, 17, 13, 4, 3, 20, 33]
Run 14:
Best OCplx: 0.6739053403201785
Best Sequence: [16, 11, 27, 17, 38, 7, 3, 2, 18, 24, 1, 39, 20, 19, 8, 25, 32, 26, 10, 9, 31, 23, 21, 36, 22, 28, 33, 13, 6, 34, 29, 35, 5, 30, 15, 4, 37, 12, 14]
Run 15:
Best OCplx: 1.404455222758561
Best Sequence: [21, 35, 22, 20, 25, 11, 3, 16, 15, 27, 14, 7, 10, 24, 18, 17, 12, 36, 31, 2, 34, 29, 1, 8, 39, 32, 9, 28, 4, 26, 30, 23, 33, 19, 37, 6, 5, 13, 38]
Run 16:
Best OCplx: 0.7605077781017684
Best Sequence: [1, 20, 21, 11, 15, 36, 7, 32, 23, 5, 17, 19, 31, 14, 18, 27, 24, 29, 25, 38, 10, 9, 16, 28, 35, 37, 39, 6, 22, 26, 33, 4, 13, 30, 8, 34, 2, 3, 12]
Run 17:
Best OCplx: 0.9399514111620529
Best Sequence: [23, 1, 27, 21, 5, 35, 15, 11, 13, 16, 18, 28, 8, 24, 26, 7, 10, 19, 20, 34, 22, 3, 9, 14, 29, 12, 30, 25, 31, 6, 36, 37, 4, 39, 33, 2, 17, 32, 38]
Run 18:
Best OCplx: 1.1638800555513669
Best Sequence: [10, 18, 32, 14, 21, 27, 30, 8, 3, 26, 7, 9, 1, 22, 12, 23, 34, 11, 17, 35, 6, 16, 39, 36, 29, 20, 19, 13, 33, 2, 5, 24, 4, 31, 37, 15, 25, 38, 28]
Run 19:
Best OCplx: 0.9659449386045673
Best Sequence: [30, 15, 31, 11, 10, 13, 39, 3, 9, 19, 2, 27, 20, 36, 35, 32, 33, 7, 5, 29, 28, 22, 38, 16, 18, 6, 37, 21, 34, 4, 26, 23, 12, 14, 17, 8, 24, 25, 1]
Run 20:
Best OCplx: 0.8211938328604492
Best Sequence: [2, 22, 21, 18, 23, 19, 13, 26, 33, 12, 25, 30, 36, 7, 11, 27, 34, 10, 14, 35, 1, 31, 17, 16, 20, 3, 9, 29, 32, 28, 39, 37, 6, 24, 38, 5, 8, 15, 4]
Run 21:
Best OCplx: 0.9109086877939152
Best Sequence: [39, 7, 18, 31, 25, 20, 32, 1, 15, 3, 36, 27, 11, 21, 10, 19, 17, 22, 2, 9, 26, 6, 5, 13, 23, 35, 14, 16, 8, 29, 4, 38, 34, 37, 24, 33, 30, 28, 12]
Run 22:
Best OCplx: 0.9610081282314256
Best Sequence: [36, 5, 2, 19, 21, 39, 26, 14, 17, 1, 30, 8, 35, 27, 20, 22, 32, 33, 34, 15, 25, 31, 12, 23, 13, 28, 7, 11, 10, 24, 3, 29, 37, 16, 18, 9, 6, 38, 4]
Run 23:
Best OCplx: 1.177222272822448
Best Sequence: [27, 21, 1, 16, 2, 11, 28, 35, 10, 37, 36, 26, 17, 20, 13, 9, 38, 12, 32, 25, 8, 18, 6, 4, 39, 22, 3, 19, 7, 30, 14, 24, 31, 5, 29, 33, 23, 15, 34]
Run 24:
Best OCplx: 0.8139378518449132
Best Sequence: [15, 11, 19, 16, 27, 36, 33, 10, 30, 24, 39, 13, 7, 9, 25, 21, 31, 14, 6, 34, 3, 12, 22, 32, 26, 29, 38, 5, 37, 4, 1, 35, 8, 28, 18, 20, 2, 17, 23]
Run 25:
Best OCplx: 0.7148611852946343
Best Sequence: [15, 7, 19, 36, 11, 10, 35, 34, 9, 22, 16, 20, 39, 25, 2, 24, 27, 23, 38, 8, 14, 31, 13, 28, 21, 32, 33, 30, 6, 5, 3, 26, 17, 29, 1, 37, 12, 4, 18]
Run 26:
Best OCplx: 1.0216309617638535
Best Sequence: [11, 1, 16, 34, 7, 27, 33, 10, 9, 22, 5, 8, 35, 2, 19, 15, 28, 14, 6, 3, 4, 26, 18, 32, 24, 20, 37, 29, 21, 31, 30, 38, 39, 13, 17, 36, 12, 25, 23]
Run 27:
Best OCplx: 1.0218975921516864
Best Sequence: [20, 2, 33, 31, 11, 7, 36, 14, 10, 27, 38, 19, 9, 8, 5, 34, 28, 15, 6, 22, 16, 30, 17, 4, 39, 37, 13, 1, 26, 35, 29, 32, 3, 24, 23, 18, 21, 25, 12]
Run 28:
Best OCplx: 0.8103405881514458
Best Sequence: [26, 27, 39, 36, 2, 29, 34, 16, 8, 11, 15, 31, 30, 7, 19, 10, 20, 3, 9, 18, 23, 6, 17, 25, 38, 28, 5, 35, 4, 33, 1, 14, 13, 22, 21, 12, 32, 24, 37]
Run 29:
Best OCplx: 0.8771743327942733
Best Sequence: [11, 21, 10, 9, 15, 24, 38, 17, 23, 35, 33, 20, 27, 28, 6, 25, 8, 30, 4, 7, 34, 19, 2, 5, 36, 12, 16, 14, 29, 13, 18, 32, 39, 22, 26, 31, 37, 3, 1]
Run 30:
Best OCplx: 1.0061075370695411
Best Sequence: [30, 1, 33, 21, 3, 26, 28, 18, 29, 13, 7, 11, 10, 35, 19, 9, 27, 32, 20, 8, 37, 14, 2, 16, 36, 15, 25, 6, 31, 12, 24, 4, 39, 5, 17, 22, 38, 23, 34]
Actor Learning Rate: 1e-05
Critic Learning Rate: 0.0001
Hidden Dimension: 256
Gamma: 0.99
Lambda: 0.9
Epsilon: 0.2
if_EWM: False

