Run 1:
Best OCplx: 2.1745511418388492
Best Sequence: [7, 9, 58, 26, 17, 42, 16, 59, 62, 22, 3, 45, 13, 46, 38, 14, 2, 63, 61, 21, 53, 30, 43, 64, 27, 36, 55, 56, 60, 49, 15, 47, 50, 29, 24, 25, 10, 31, 40, 44, 6, 12, 39, 28, 23, 8, 34, 19, 11, 54, 35, 5, 52, 48, 20, 65, 1, 37, 57, 4, 51, 33, 41, 32, 18]
Run 2:
Best OCplx: 2.172408905712656
Best Sequence: [7, 11, 65, 16, 55, 27, 58, 40, 19, 1, 39, 50, 15, 53, 59, 20, 46, 22, 13, 60, 8, 45, 52, 64, 28, 21, 23, 62, 33, 61, 2, 51, 54, 10, 49, 43, 24, 17, 18, 29, 3, 30, 34, 37, 36, 48, 35, 42, 38, 32, 47, 9, 14, 56, 25, 41, 5, 26, 63, 12, 57, 4, 44, 6, 31]
Run 3:
Best OCplx: 2.0897351782064693
Best Sequence: [65, 39, 50, 54, 63, 27, 58, 52, 26, 3, 22, 43, 30, 56, 41, 57, 37, 64, 15, 42, 46, 62, 34, 60, 13, 1, 14, 51, 8, 23, 61, 16, 5, 11, 10, 21, 4, 29, 25, 2, 49, 17, 55, 40, 12, 28, 24, 36, 35, 32, 45, 59, 18, 31, 7, 38, 48, 9, 44, 33, 47, 20, 6, 19, 53]
Run 4:
Best OCplx: 1.7791468969929138
Best Sequence: [35, 60, 27, 65, 58, 2, 49, 61, 41, 38, 13, 50, 4, 59, 23, 24, 43, 14, 3, 33, 30, 22, 51, 26, 39, 37, 34, 1, 9, 56, 52, 55, 36, 46, 57, 45, 12, 63, 62, 8, 64, 11, 32, 16, 5, 53, 40, 15, 48, 6, 10, 42, 20, 21, 7, 47, 25, 18, 29, 44, 28, 54, 17, 31, 19]
Run 5:
Best OCplx: 1.9798469622112638
Best Sequence: [58, 43, 19, 10, 22, 42, 49, 13, 9, 34, 47, 40, 3, 1, 8, 55, 37, 12, 14, 27, 64, 28, 11, 62, 48, 33, 53, 4, 41, 15, 39, 24, 57, 46, 59, 36, 44, 16, 61, 52, 2, 32, 65, 35, 31, 17, 6, 7, 51, 20, 23, 60, 30, 29, 26, 56, 45, 21, 50, 18, 63, 38, 25, 54, 5]
Run 6:
Best OCplx: 2.138542689300015
Best Sequence: [58, 22, 48, 50, 24, 44, 14, 64, 27, 59, 28, 56, 33, 12, 57, 55, 61, 4, 8, 45, 3, 52, 20, 38, 34, 49, 10, 15, 2, 31, 36, 6, 25, 65, 43, 62, 42, 5, 30, 41, 13, 29, 7, 39, 51, 35, 32, 21, 40, 19, 54, 63, 11, 37, 53, 1, 23, 17, 60, 9, 46, 18, 16, 26, 47]
Run 7:
Best OCplx: 2.1239105816814847
Best Sequence: [58, 24, 37, 22, 35, 13, 20, 62, 40, 16, 30, 32, 57, 4, 21, 56, 61, 3, 42, 63, 52, 45, 9, 2, 11, 26, 65, 51, 27, 49, 46, 25, 8, 15, 34, 33, 6, 44, 29, 43, 48, 55, 14, 47, 17, 38, 60, 36, 5, 53, 64, 54, 7, 23, 59, 41, 1, 39, 50, 12, 28, 19, 31, 18, 10]
Run 8:
Best OCplx: 2.1226451942823163
Best Sequence: [65, 61, 19, 27, 30, 50, 23, 63, 58, 53, 43, 60, 4, 64, 29, 41, 13, 3, 8, 51, 48, 38, 33, 62, 39, 9, 24, 22, 46, 14, 1, 54, 52, 45, 56, 10, 7, 44, 40, 34, 12, 26, 21, 37, 11, 59, 55, 25, 47, 49, 6, 17, 2, 28, 15, 32, 42, 20, 57, 16, 18, 5, 31, 36, 35]
Run 9:
Best OCplx: 2.1862855472012623
Best Sequence: [4, 8, 10, 24, 61, 13, 48, 14, 9, 27, 58, 22, 12, 65, 47, 1, 16, 53, 35, 7, 64, 39, 40, 62, 45, 31, 11, 19, 60, 44, 6, 41, 51, 37, 34, 50, 55, 32, 59, 23, 17, 56, 63, 25, 29, 30, 18, 36, 5, 33, 20, 28, 46, 21, 43, 52, 15, 38, 49, 42, 2, 54, 3, 57, 26]
Run 10:
Best OCplx: 1.8926804499232264
Best Sequence: [65, 27, 13, 15, 38, 58, 52, 56, 19, 34, 51, 37, 28, 59, 36, 30, 35, 24, 43, 8, 42, 55, 10, 62, 64, 29, 22, 21, 32, 60, 47, 31, 18, 44, 40, 61, 25, 41, 1, 54, 16, 26, 9, 14, 50, 45, 2, 11, 33, 3, 12, 53, 6, 23, 63, 48, 4, 46, 57, 7, 5, 39, 49, 20, 17]
Run 11:
Best OCplx: 1.8494366798280402
Best Sequence: [65, 17, 30, 14, 32, 27, 62, 9, 5, 58, 16, 2, 48, 56, 31, 13, 64, 45, 33, 50, 42, 44, 4, 26, 28, 8, 49, 24, 22, 59, 53, 12, 55, 35, 57, 19, 29, 10, 25, 20, 23, 60, 51, 11, 38, 34, 63, 40, 3, 37, 6, 1, 21, 15, 36, 61, 39, 47, 7, 43, 41, 18, 46, 52, 54]
Run 12:
Best OCplx: 2.304041023456161
Best Sequence: [65, 27, 31, 62, 9, 58, 41, 54, 13, 26, 37, 30, 1, 60, 2, 45, 20, 59, 14, 47, 36, 17, 51, 38, 49, 3, 55, 10, 4, 28, 22, 19, 33, 63, 11, 7, 24, 18, 53, 57, 52, 56, 50, 64, 61, 5, 23, 16, 32, 40, 29, 42, 21, 39, 34, 44, 12, 46, 25, 35, 6, 8, 15, 48, 43]
Run 13:
Best OCplx: 2.1829012743763188
Best Sequence: [58, 42, 13, 46, 33, 32, 59, 17, 39, 50, 60, 61, 56, 52, 45, 11, 40, 22, 9, 1, 27, 26, 54, 48, 31, 30, 8, 47, 12, 3, 6, 63, 7, 20, 44, 36, 64, 2, 14, 25, 29, 51, 24, 21, 65, 19, 10, 18, 23, 15, 38, 37, 55, 35, 53, 4, 57, 43, 62, 41, 49, 16, 28, 34, 5]
Run 14:
Best OCplx: 2.140687530159371
Best Sequence: [58, 8, 14, 15, 42, 11, 57, 63, 12, 27, 22, 59, 28, 26, 53, 6, 37, 56, 24, 2, 23, 32, 39, 49, 51, 3, 48, 19, 20, 17, 55, 1, 18, 9, 50, 10, 64, 54, 13, 16, 31, 35, 45, 33, 65, 47, 62, 52, 4, 61, 60, 34, 5, 29, 46, 7, 43, 30, 36, 44, 25, 21, 38, 41, 40]
Run 15:
Best OCplx: 1.858543372053319
Best Sequence: [65, 58, 43, 57, 47, 39, 24, 12, 41, 42, 13, 62, 11, 14, 49, 50, 59, 33, 10, 4, 18, 60, 19, 27, 22, 1, 51, 15, 45, 61, 48, 31, 35, 63, 55, 7, 5, 37, 46, 20, 34, 26, 23, 29, 2, 8, 40, 64, 3, 16, 56, 21, 25, 53, 32, 36, 30, 28, 38, 54, 44, 17, 9, 52, 6]
Run 16:
Best OCplx: 2.196490890278693
Best Sequence: [65, 9, 16, 19, 46, 21, 58, 23, 22, 13, 39, 10, 28, 64, 6, 35, 30, 31, 32, 4, 36, 55, 41, 44, 54, 24, 29, 62, 40, 34, 33, 63, 14, 57, 27, 11, 37, 3, 60, 15, 8, 48, 53, 45, 18, 17, 59, 47, 38, 26, 42, 43, 52, 5, 49, 2, 12, 61, 7, 20, 50, 51, 56, 25, 1]
Run 17:
Best OCplx: 1.6535489904452803
Best Sequence: [1, 10, 14, 44, 13, 65, 24, 58, 4, 61, 27, 8, 56, 48, 39, 52, 2, 51, 60, 45, 43, 16, 12, 36, 3, 22, 54, 11, 20, 33, 50, 17, 18, 5, 59, 37, 46, 23, 55, 38, 25, 35, 53, 42, 63, 15, 26, 29, 49, 32, 28, 47, 31, 21, 7, 19, 34, 64, 41, 40, 9, 6, 62, 30, 57]
Run 18:
Best OCplx: 2.183379480074381
Best Sequence: [35, 58, 51, 23, 14, 60, 27, 43, 46, 13, 49, 10, 8, 50, 55, 17, 56, 40, 2, 19, 15, 53, 9, 64, 63, 18, 4, 6, 25, 30, 24, 34, 32, 22, 38, 65, 37, 61, 48, 44, 26, 7, 16, 33, 47, 41, 57, 11, 39, 52, 62, 21, 59, 20, 31, 1, 12, 3, 45, 28, 36, 29, 5, 42, 54]
Run 19:
Best OCplx: 2.134165526977663
Best Sequence: [13, 24, 23, 58, 22, 63, 59, 7, 49, 32, 1, 35, 56, 55, 30, 36, 14, 43, 15, 65, 64, 11, 20, 53, 29, 10, 4, 16, 9, 45, 40, 5, 41, 50, 27, 54, 47, 33, 38, 34, 57, 3, 28, 61, 51, 62, 60, 8, 6, 21, 37, 26, 17, 19, 31, 12, 46, 39, 44, 48, 25, 18, 2, 42, 52]
Run 20:
Best OCplx: 2.1969904865395016
Best Sequence: [38, 1, 9, 58, 65, 61, 60, 19, 57, 6, 28, 27, 52, 25, 16, 13, 12, 4, 29, 55, 50, 44, 42, 32, 8, 22, 15, 56, 49, 53, 51, 20, 3, 48, 17, 45, 39, 26, 41, 10, 2, 35, 21, 37, 7, 11, 64, 59, 23, 14, 43, 30, 24, 18, 5, 46, 36, 34, 33, 40, 62, 47, 63, 54, 31]
Run 21:
Best OCplx: 2.142033912703979
Best Sequence: [28, 9, 65, 12, 58, 2, 32, 33, 10, 46, 64, 31, 26, 23, 27, 25, 55, 4, 42, 13, 49, 39, 24, 41, 11, 3, 51, 16, 61, 63, 6, 30, 8, 22, 20, 43, 34, 1, 36, 53, 62, 56, 35, 14, 45, 19, 17, 7, 50, 21, 37, 40, 57, 29, 47, 44, 59, 48, 60, 15, 54, 52, 18, 38, 5]
Run 22:
Best OCplx: 2.170020031451891
Best Sequence: [27, 7, 13, 58, 34, 16, 38, 53, 8, 43, 36, 12, 26, 1, 31, 52, 50, 32, 17, 2, 11, 28, 60, 57, 51, 22, 15, 14, 10, 19, 48, 33, 61, 59, 47, 56, 35, 30, 46, 64, 9, 55, 37, 54, 4, 44, 49, 6, 25, 18, 5, 29, 41, 63, 23, 45, 20, 3, 65, 39, 24, 40, 21, 42, 62]
Run 23:
Best OCplx: 2.0539020642949897
Best Sequence: [63, 27, 17, 65, 58, 34, 12, 9, 48, 23, 15, 13, 52, 4, 54, 32, 36, 53, 6, 40, 42, 30, 62, 46, 31, 51, 19, 56, 3, 11, 20, 22, 60, 8, 41, 28, 49, 26, 7, 29, 45, 64, 44, 55, 39, 18, 59, 2, 24, 61, 21, 50, 33, 16, 37, 57, 10, 1, 25, 47, 14, 43, 35, 5, 38]
Run 24:
Best OCplx: 2.058542799794275
Best Sequence: [24, 27, 58, 64, 33, 42, 9, 22, 20, 47, 52, 53, 26, 29, 6, 54, 32, 65, 14, 51, 60, 44, 28, 4, 19, 5, 43, 56, 23, 17, 46, 59, 38, 48, 57, 12, 50, 8, 62, 7, 31, 40, 37, 45, 34, 10, 21, 25, 63, 49, 41, 36, 30, 1, 16, 3, 61, 55, 35, 15, 13, 18, 2, 11, 39]
Run 25:
Best OCplx: 1.5689259620455613
Best Sequence: [24, 19, 9, 17, 10, 65, 29, 61, 58, 13, 27, 42, 22, 40, 37, 2, 59, 57, 20, 28, 8, 64, 14, 23, 30, 31, 48, 6, 56, 41, 33, 35, 50, 5, 47, 3, 26, 46, 32, 7, 49, 16, 4, 55, 45, 34, 36, 51, 12, 25, 39, 15, 38, 44, 60, 62, 63, 1, 52, 54, 53, 11, 21, 18, 43]
Run 26:
Best OCplx: 1.7838222598062576
Best Sequence: [62, 10, 27, 17, 38, 24, 65, 58, 2, 39, 36, 22, 31, 25, 52, 15, 40, 45, 8, 32, 3, 43, 16, 1, 60, 20, 13, 12, 41, 18, 35, 33, 26, 14, 59, 29, 61, 4, 5, 34, 6, 49, 57, 56, 48, 19, 9, 51, 37, 54, 50, 21, 55, 63, 7, 42, 53, 44, 11, 23, 64, 47, 46, 28, 30]
Run 27:
Best OCplx: 2.389618520081788
Best Sequence: [64, 4, 58, 32, 62, 15, 51, 17, 40, 44, 35, 30, 3, 14, 19, 38, 16, 8, 2, 22, 6, 1, 36, 57, 52, 55, 18, 28, 53, 27, 46, 11, 7, 24, 37, 60, 48, 45, 42, 59, 49, 41, 61, 26, 65, 23, 25, 34, 56, 20, 10, 47, 54, 5, 39, 50, 43, 31, 29, 12, 9, 33, 21, 13, 63]
Run 28:
Best OCplx: 2.2278410805130777
Best Sequence: [58, 30, 34, 61, 22, 43, 27, 31, 9, 51, 53, 60, 13, 38, 29, 50, 14, 39, 26, 21, 7, 25, 49, 2, 12, 57, 16, 59, 19, 52, 41, 15, 17, 6, 62, 46, 35, 20, 36, 54, 10, 8, 55, 1, 18, 33, 4, 40, 44, 48, 24, 3, 11, 32, 42, 65, 64, 23, 47, 45, 56, 28, 5, 63, 37]
Run 29:
Best OCplx: 2.0151769387488447
Best Sequence: [65, 2, 14, 58, 41, 50, 49, 31, 48, 9, 24, 43, 59, 22, 32, 23, 38, 55, 61, 37, 25, 13, 44, 42, 3, 11, 26, 1, 15, 57, 12, 8, 56, 40, 7, 10, 52, 28, 33, 17, 45, 18, 62, 64, 47, 53, 21, 29, 20, 35, 16, 46, 6, 34, 27, 51, 4, 36, 5, 54, 19, 63, 60, 39, 30]
Run 30:
Best OCplx: 1.9060768238672166
Best Sequence: [14, 24, 5, 58, 19, 41, 57, 50, 33, 27, 7, 10, 22, 61, 13, 39, 21, 40, 63, 36, 34, 64, 15, 47, 49, 43, 38, 16, 42, 55, 8, 28, 11, 3, 59, 32, 23, 56, 2, 62, 12, 48, 46, 17, 6, 44, 65, 51, 35, 54, 31, 29, 18, 4, 45, 60, 53, 37, 30, 9, 25, 52, 20, 26, 1]
