Run 1:
Best OCplx: 0.7496355659308623
Best Sequence: [39, 8, 11, 21, 17, 28, 7, 15, 14, 20, 36, 12, 18, 34, 3, 38, 29, 26, 1, 24, 13, 16, 10, 31, 2, 32, 23, 35, 19, 5, 27, 33, 25, 30, 37, 22, 9, 6, 4]
Run 2:
Best OCplx: 0.6466594122010945
Best Sequence: [15, 1, 17, 11, 32, 23, 14, 27, 36, 10, 8, 3, 21, 28, 5, 29, 34, 31, 2, 33, 16, 24, 13, 38, 20, 35, 30, 19, 22, 18, 7, 26, 12, 39, 37, 25, 9, 6, 4]
Run 3:
Best OCplx: 0.7956018329697733
Best Sequence: [36, 21, 20, 12, 33, 26, 35, 11, 8, 13, 23, 17, 16, 24, 29, 3, 38, 15, 19, 39, 2, 25, 27, 22, 30, 5, 7, 14, 31, 28, 34, 32, 1, 10, 9, 18, 37, 6, 4]
Run 4:
Best OCplx: 0.6476828364814016
Best Sequence: [29, 20, 3, 2, 24, 21, 19, 28, 36, 13, 22, 12, 11, 8, 38, 7, 27, 15, 10, 17, 18, 34, 31, 16, 32, 9, 26, 33, 39, 14, 23, 35, 25, 1, 5, 6, 4, 30, 37]
Run 5:
Best OCplx: 0.8028398923456262
Best Sequence: [28, 7, 23, 38, 2, 39, 27, 22, 11, 18, 32, 3, 26, 34, 5, 10, 36, 15, 31, 14, 24, 21, 8, 17, 29, 1, 33, 19, 16, 20, 13, 12, 9, 6, 30, 4, 35, 37, 25]
Run 6:
Best OCplx: 0.7266491637178204
Best Sequence: [21, 14, 3, 36, 11, 10, 33, 7, 1, 16, 29, 17, 35, 20, 5, 34, 22, 24, 8, 23, 13, 28, 39, 31, 27, 37, 19, 26, 2, 32, 15, 30, 18, 12, 38, 25, 9, 6, 4]
Run 7:
Best OCplx: 0.6293893266249954
Best Sequence: [22, 7, 36, 11, 27, 10, 2, 20, 34, 9, 38, 18, 24, 31, 28, 19, 17, 32, 33, 21, 39, 30, 23, 12, 26, 16, 5, 1, 13, 8, 35, 37, 14, 29, 15, 3, 25, 6, 4]
Run 8:
Best OCplx: 0.6415194971539397
Best Sequence: [3, 11, 17, 1, 34, 22, 21, 28, 23, 10, 7, 26, 9, 27, 15, 38, 6, 12, 36, 29, 31, 30, 33, 5, 14, 20, 37, 4, 39, 2, 32, 13, 16, 35, 8, 24, 19, 18, 25]
Run 9:
Best OCplx: 0.6797198883248176
Best Sequence: [35, 27, 2, 20, 36, 22, 17, 26, 34, 11, 38, 32, 10, 15, 21, 29, 31, 13, 8, 30, 39, 16, 28, 33, 1, 19, 24, 14, 3, 23, 12, 18, 7, 37, 25, 5, 9, 6, 4]
Run 10:
Best OCplx: 0.7655335465557861
Best Sequence: [20, 36, 13, 39, 34, 24, 22, 16, 17, 30, 26, 7, 15, 38, 29, 5, 18, 8, 3, 14, 19, 28, 21, 33, 1, 23, 2, 35, 31, 11, 12, 25, 32, 27, 37, 10, 9, 6, 4]
Run 11:
Best OCplx: 0.8387700115672916
Best Sequence: [11, 14, 20, 22, 23, 36, 39, 8, 3, 30, 17, 24, 15, 32, 29, 35, 33, 18, 1, 5, 13, 16, 31, 25, 7, 2, 34, 28, 21, 12, 38, 27, 10, 37, 9, 19, 6, 4, 26]
Run 12:
Best OCplx: 0.8102771705179346
Best Sequence: [24, 2, 17, 33, 19, 11, 39, 15, 1, 22, 21, 23, 27, 18, 26, 32, 12, 3, 20, 28, 36, 13, 29, 38, 30, 5, 7, 10, 14, 8, 25, 35, 34, 31, 37, 16, 9, 6, 4]
Run 13:
Best OCplx: 0.7878536243067102
Best Sequence: [36, 11, 38, 20, 21, 10, 26, 24, 9, 35, 28, 5, 32, 14, 29, 15, 27, 2, 31, 30, 39, 1, 19, 34, 16, 13, 18, 25, 33, 3, 8, 23, 6, 4, 7, 37, 17, 22, 12]
Run 14:
Best OCplx: 0.9029558269484229
Best Sequence: [36, 15, 33, 23, 24, 5, 16, 13, 11, 1, 35, 18, 17, 14, 38, 28, 39, 31, 2, 8, 34, 3, 22, 30, 19, 32, 20, 27, 7, 10, 9, 6, 26, 29, 4, 37, 25, 21, 12]
Run 15:
Best OCplx: 0.8215980920975212
Best Sequence: [8, 5, 32, 2, 11, 20, 17, 24, 33, 15, 27, 21, 18, 26, 10, 9, 34, 22, 35, 16, 36, 19, 28, 14, 25, 31, 29, 3, 13, 6, 30, 38, 12, 37, 1, 23, 39, 4, 7]
Run 16:
Best OCplx: 0.8573962407364218
Best Sequence: [3, 38, 23, 28, 20, 34, 16, 29, 11, 18, 14, 1, 31, 24, 7, 26, 22, 19, 25, 21, 27, 13, 39, 10, 9, 15, 30, 2, 32, 33, 12, 35, 6, 5, 17, 4, 37, 8, 36]
Run 17:
Best OCplx: 0.6392221340287862
Best Sequence: [21, 24, 1, 3, 17, 30, 15, 38, 27, 7, 13, 22, 20, 32, 11, 10, 34, 36, 2, 9, 12, 35, 39, 28, 8, 18, 5, 14, 26, 25, 29, 31, 6, 4, 16, 23, 19, 33, 37]
Run 18:
Best OCplx: 0.5791528094145025
Best Sequence: [1, 16, 32, 30, 24, 36, 11, 26, 15, 29, 39, 19, 13, 38, 20, 17, 3, 21, 7, 34, 27, 10, 14, 35, 9, 31, 12, 6, 2, 33, 22, 28, 5, 23, 37, 4, 18, 25, 8]
Run 19:
Best OCplx: 0.8671308820338837
Best Sequence: [13, 38, 35, 21, 22, 14, 33, 36, 29, 17, 7, 3, 23, 11, 5, 39, 24, 30, 19, 20, 27, 15, 25, 34, 26, 12, 28, 37, 32, 2, 1, 10, 9, 31, 6, 18, 16, 8, 4]
Run 20:
Best OCplx: 0.8499548409471138
Best Sequence: [36, 20, 29, 23, 38, 7, 34, 1, 8, 5, 31, 21, 32, 28, 22, 16, 3, 15, 2, 35, 24, 25, 12, 27, 14, 17, 19, 11, 18, 30, 37, 33, 39, 26, 13, 10, 9, 6, 4]
Run 21:
Best OCplx: 0.8999880177441518
Best Sequence: [17, 11, 21, 5, 24, 30, 23, 20, 19, 18, 31, 36, 33, 34, 38, 28, 7, 3, 14, 27, 13, 35, 16, 22, 15, 32, 26, 12, 39, 1, 37, 10, 25, 8, 2, 29, 9, 6, 4]
Run 22:
Best OCplx: 0.653412698706315
Best Sequence: [17, 35, 3, 13, 19, 11, 38, 7, 14, 21, 2, 36, 1, 22, 30, 27, 28, 10, 29, 31, 26, 34, 20, 23, 9, 16, 24, 18, 6, 32, 39, 5, 15, 25, 12, 4, 33, 8, 37]
Run 23:
Best OCplx: 0.7609700330984196
Best Sequence: [30, 23, 21, 32, 24, 8, 14, 13, 11, 17, 16, 27, 10, 36, 9, 1, 33, 19, 20, 6, 18, 22, 12, 15, 5, 35, 4, 7, 25, 29, 34, 28, 3, 39, 26, 38, 37, 2, 31]
Run 24:
Best OCplx: 0.8203268639231506
Best Sequence: [31, 36, 3, 17, 38, 34, 28, 29, 23, 15, 7, 30, 20, 39, 32, 24, 19, 8, 11, 27, 2, 10, 35, 25, 26, 22, 13, 21, 16, 37, 14, 5, 33, 12, 18, 9, 1, 6, 4]
Run 25:
Best OCplx: 0.8096067244388171
Best Sequence: [27, 21, 36, 28, 38, 23, 22, 31, 11, 20, 39, 16, 15, 10, 8, 17, 29, 12, 37, 34, 3, 2, 30, 32, 33, 14, 7, 1, 13, 24, 35, 18, 26, 19, 5, 25, 9, 6, 4]
Run 26:
Best OCplx: 0.6249334032449285
Best Sequence: [36, 24, 1, 11, 7, 34, 15, 10, 22, 3, 20, 39, 26, 27, 9, 38, 23, 21, 18, 8, 29, 6, 17, 35, 16, 30, 19, 33, 37, 28, 12, 2, 25, 13, 32, 5, 31, 4, 14]
Run 27:
Best OCplx: 0.8062723914453861
Best Sequence: [16, 23, 28, 30, 38, 2, 3, 5, 18, 26, 19, 11, 15, 21, 35, 20, 17, 7, 27, 36, 10, 39, 33, 29, 34, 24, 12, 14, 9, 8, 6, 13, 1, 32, 22, 31, 25, 37, 4]
Run 28:
Best OCplx: 0.7067287368153781
Best Sequence: [38, 30, 27, 21, 28, 11, 1, 36, 10, 2, 29, 9, 13, 16, 15, 8, 18, 24, 33, 23, 6, 34, 5, 17, 12, 7, 26, 32, 22, 31, 39, 35, 19, 37, 3, 14, 25, 20, 4]
Run 29:
Best OCplx: 1.0016793977115788
Best Sequence: [8, 17, 36, 23, 29, 15, 24, 3, 34, 33, 27, 39, 38, 5, 2, 11, 25, 21, 32, 14, 1, 13, 7, 30, 18, 26, 28, 19, 12, 16, 31, 37, 20, 35, 22, 10, 9, 6, 4]
Run 30:
Best OCplx: 0.7317890787649752
Best Sequence: [38, 17, 7, 20, 22, 28, 34, 31, 23, 21, 11, 32, 1, 29, 8, 2, 12, 14, 16, 26, 13, 39, 15, 3, 36, 27, 24, 10, 9, 6, 30, 35, 19, 18, 5, 33, 4, 25, 37]
