Run 1:
Best OCplx: 0.6983943952759755
Best Sequence: [3, 7, 20, 5, 24, 32, 22, 19, 23, 11, 30, 36, 27, 16, 26, 21, 10, 34, 28, 1, 25, 39, 29, 33, 17, 9, 2, 8, 35, 31, 37, 14, 38, 13, 15, 6, 4, 12, 18]
Run 2:
Best OCplx: 0.7672165751482862
Best Sequence: [17, 1, 3, 11, 8, 24, 32, 34, 2, 5, 38, 36, 26, 27, 39, 20, 13, 14, 31, 18, 15, 21, 10, 35, 28, 19, 33, 30, 23, 7, 12, 29, 37, 16, 25, 9, 6, 4, 22]
Run 3:
Best OCplx: 0.9225542952135748
Best Sequence: [15, 27, 24, 26, 17, 16, 36, 29, 38, 28, 1, 30, 34, 35, 22, 19, 8, 7, 3, 31, 11, 20, 18, 13, 2, 33, 37, 5, 23, 10, 14, 32, 21, 39, 25, 9, 12, 6, 4]
Run 4:
Best OCplx: 0.9444920401798665
Best Sequence: [34, 14, 29, 18, 11, 27, 19, 10, 3, 17, 7, 36, 15, 35, 24, 32, 22, 33, 21, 2, 31, 39, 8, 5, 1, 28, 23, 20, 13, 12, 25, 26, 16, 37, 9, 6, 38, 30, 4]
Run 5:
Best OCplx: 0.8699667660128121
Best Sequence: [5, 19, 22, 17, 20, 32, 39, 11, 36, 13, 33, 29, 30, 1, 8, 15, 34, 28, 7, 14, 16, 21, 2, 38, 25, 26, 23, 3, 18, 12, 27, 35, 10, 24, 9, 31, 6, 37, 4]
Run 6:
Best OCplx: 0.8908585572751418
Best Sequence: [21, 12, 13, 36, 24, 3, 22, 7, 35, 38, 23, 17, 11, 8, 32, 30, 29, 28, 2, 20, 15, 16, 1, 34, 19, 26, 14, 5, 31, 25, 18, 10, 33, 9, 37, 39, 27, 6, 4]
Run 7:
Best OCplx: 0.741401896706167
Best Sequence: [13, 1, 24, 3, 11, 36, 20, 18, 28, 25, 27, 23, 38, 21, 34, 32, 29, 7, 10, 8, 17, 19, 30, 15, 16, 26, 5, 31, 33, 22, 14, 2, 39, 9, 6, 4, 35, 12, 37]
Run 8:
Best OCplx: 0.7870624127066539
Best Sequence: [7, 26, 20, 21, 35, 17, 29, 22, 36, 11, 12, 31, 33, 3, 32, 38, 34, 13, 15, 1, 24, 30, 23, 27, 8, 14, 16, 2, 28, 18, 25, 10, 9, 6, 37, 39, 5, 19, 4]
Run 9:
Best OCplx: 0.9389054574580908
Best Sequence: [15, 21, 34, 16, 23, 19, 24, 5, 36, 13, 18, 7, 1, 30, 14, 39, 26, 11, 3, 2, 35, 31, 8, 12, 25, 32, 28, 38, 29, 33, 27, 10, 9, 37, 20, 17, 22, 6, 4]
Run 10:
Best OCplx: 0.8400954212956451
Best Sequence: [32, 39, 21, 12, 23, 36, 2, 17, 7, 13, 30, 5, 3, 20, 33, 22, 29, 15, 16, 8, 27, 14, 35, 19, 18, 25, 11, 34, 28, 31, 37, 10, 9, 6, 24, 26, 38, 1, 4]
Run 11:
Best OCplx: 0.8047400822363178
Best Sequence: [20, 15, 34, 7, 38, 26, 18, 11, 2, 28, 23, 29, 30, 1, 3, 16, 36, 21, 13, 35, 39, 14, 24, 19, 31, 32, 17, 25, 22, 12, 33, 27, 8, 10, 37, 9, 6, 5, 4]
Run 12:
Best OCplx: 0.8926699111018805
Best Sequence: [11, 39, 30, 3, 23, 22, 21, 14, 8, 7, 17, 18, 27, 10, 36, 5, 25, 38, 35, 34, 16, 12, 13, 28, 2, 29, 1, 26, 37, 33, 20, 9, 24, 6, 32, 31, 19, 15, 4]
Run 13:
Best OCplx: 0.8047400822363178
Best Sequence: [21, 20, 36, 8, 31, 16, 2, 28, 34, 32, 35, 15, 22, 1, 7, 17, 38, 39, 29, 18, 30, 11, 24, 33, 26, 23, 14, 5, 27, 3, 19, 25, 10, 12, 37, 9, 6, 4, 13]
Run 14:
Best OCplx: 0.933024397961777
Best Sequence: [33, 5, 16, 8, 1, 20, 21, 30, 26, 24, 31, 13, 34, 3, 35, 15, 17, 39, 14, 19, 27, 32, 18, 23, 11, 10, 29, 2, 37, 28, 12, 7, 38, 25, 9, 6, 4, 22, 36]
Run 15:
Best OCplx: 0.9579096342729021
Best Sequence: [3, 5, 21, 28, 26, 27, 2, 35, 36, 23, 24, 22, 39, 18, 33, 30, 16, 17, 32, 34, 11, 29, 7, 12, 37, 38, 31, 15, 13, 14, 10, 1, 8, 19, 20, 9, 6, 25, 4]
Run 16:
Best OCplx: 0.6961236388676558
Best Sequence: [23, 7, 32, 27, 16, 8, 21, 38, 20, 36, 24, 3, 30, 1, 15, 12, 11, 10, 29, 13, 35, 33, 25, 22, 19, 9, 14, 28, 31, 37, 17, 5, 2, 6, 26, 34, 4, 18, 39]
Run 17:
Best OCplx: 0.9421195791907571
Best Sequence: [7, 21, 13, 17, 28, 27, 5, 39, 22, 31, 26, 15, 34, 18, 3, 24, 12, 36, 33, 14, 19, 38, 25, 8, 20, 35, 11, 32, 10, 2, 29, 30, 37, 9, 23, 6, 16, 4, 1]
Run 18:
Best OCplx: 0.7961436707422814
Best Sequence: [36, 34, 26, 20, 3, 23, 7, 18, 16, 29, 15, 38, 8, 24, 21, 30, 27, 17, 35, 11, 19, 12, 25, 28, 31, 13, 10, 2, 1, 5, 22, 39, 37, 9, 32, 33, 14, 6, 4]
Run 19:
Best OCplx: 0.928421431516536
Best Sequence: [28, 36, 11, 3, 5, 23, 1, 14, 15, 8, 27, 34, 24, 17, 31, 13, 2, 21, 7, 12, 22, 18, 20, 29, 33, 19, 39, 32, 30, 26, 37, 10, 9, 35, 6, 38, 25, 4, 16]
Run 20:
Best OCplx: 0.9999598471853947
Best Sequence: [20, 17, 39, 30, 36, 32, 24, 5, 22, 3, 7, 14, 31, 15, 19, 38, 29, 18, 13, 21, 28, 8, 16, 25, 35, 2, 26, 33, 37, 11, 10, 27, 1, 23, 9, 6, 34, 4, 12]
Run 21:
Best OCplx: 0.9610081282314258
Best Sequence: [8, 38, 35, 2, 23, 26, 5, 20, 1, 30, 11, 36, 3, 22, 32, 13, 28, 24, 15, 7, 19, 25, 39, 29, 14, 17, 16, 18, 33, 37, 27, 21, 34, 10, 31, 9, 6, 12, 4]
Run 22:
Best OCplx: 1.0607615297182182
Best Sequence: [2, 13, 38, 21, 8, 32, 22, 18, 3, 1, 23, 30, 16, 12, 15, 29, 36, 35, 33, 7, 17, 11, 14, 39, 25, 31, 26, 34, 19, 27, 10, 24, 37, 28, 20, 9, 6, 4, 5]
Run 23:
Best OCplx: 0.8301725025164611
Best Sequence: [5, 1, 20, 2, 29, 23, 27, 7, 36, 34, 8, 26, 39, 38, 11, 17, 3, 28, 21, 30, 15, 12, 16, 13, 14, 35, 22, 33, 32, 10, 19, 18, 9, 24, 37, 6, 4, 31, 25]
Run 24:
Best OCplx: 0.956569203794402
Best Sequence: [35, 29, 32, 5, 7, 14, 21, 26, 23, 17, 11, 13, 20, 39, 3, 19, 22, 2, 1, 16, 28, 12, 15, 30, 18, 38, 33, 8, 25, 36, 27, 34, 10, 9, 37, 31, 24, 6, 4]
Run 25:
Best OCplx: 0.842187328703569
Best Sequence: [13, 14, 36, 24, 33, 19, 8, 20, 22, 34, 3, 15, 31, 27, 23, 29, 17, 35, 18, 25, 26, 32, 39, 21, 11, 12, 37, 30, 1, 2, 38, 7, 10, 9, 16, 6, 28, 4, 5]
Run 26:
Best OCplx: 0.8148812171692597
Best Sequence: [15, 36, 17, 2, 26, 21, 5, 13, 20, 30, 7, 19, 32, 38, 12, 18, 23, 14, 1, 8, 28, 22, 34, 31, 25, 24, 11, 16, 39, 3, 29, 27, 10, 35, 37, 33, 9, 6, 4]
Run 27:
Best OCplx: 0.8912408154371174
Best Sequence: [22, 17, 18, 11, 24, 36, 26, 29, 38, 8, 2, 39, 21, 23, 28, 20, 13, 3, 33, 34, 32, 7, 12, 15, 35, 25, 31, 16, 27, 14, 5, 37, 10, 9, 6, 1, 19, 30, 4]
Run 28:
Best OCplx: 0.9003220734727447
Best Sequence: [36, 17, 7, 32, 2, 28, 23, 16, 22, 30, 26, 24, 3, 20, 39, 8, 38, 19, 18, 34, 14, 33, 11, 15, 35, 1, 29, 13, 25, 37, 10, 9, 21, 12, 27, 6, 4, 5, 31]
Run 29:
Best OCplx: 1.0343718209203758
Best Sequence: [27, 28, 36, 20, 22, 26, 5, 18, 35, 7, 11, 32, 38, 34, 8, 13, 1, 39, 31, 2, 23, 14, 21, 29, 17, 19, 16, 3, 37, 30, 24, 25, 10, 9, 15, 6, 12, 4, 33]
Run 30:
Best OCplx: 1.046284058727868
Best Sequence: [21, 1, 17, 2, 5, 36, 19, 20, 23, 8, 16, 32, 30, 28, 15, 38, 24, 31, 37, 18, 11, 33, 26, 25, 3, 22, 13, 14, 27, 29, 10, 9, 12, 6, 7, 39, 34, 35, 4]
