Run 1:
Best OCplx: 2.4574240267756142
Best Sequence: [16, 21, 20, 9, 1, 8, 17, 5, 19, 2, 10, 11, 4, 14, 6, 7, 18, 3, 13, 15, 12]
Run 2:
Best OCplx: 2.8088726634349483
Best Sequence: [16, 1, 2, 21, 20, 8, 3, 7, 18, 9, 10, 5, 17, 6, 15, 11, 14, 12, 4, 19, 13]
Run 3:
Best OCplx: 3.5352059947059713
Best Sequence: [21, 20, 3, 16, 4, 9, 10, 6, 1, 8, 2, 7, 19, 12, 13, 15, 11, 5, 17, 14, 18]
Run 4:
Best OCplx: 3.4240212241408
Best Sequence: [20, 8, 7, 5, 3, 1, 9, 19, 16, 21, 2, 10, 13, 15, 14, 4, 12, 11, 18, 6, 17]
Run 5:
Best OCplx: 3.407204007090571
Best Sequence: [20, 2, 6, 17, 8, 4, 18, 9, 16, 10, 5, 19, 7, 12, 11, 13, 21, 14, 1, 15, 3]
Run 6:
Best OCplx: 2.8370474195012467
Best Sequence: [20, 8, 21, 17, 9, 4, 2, 12, 10, 11, 1, 16, 7, 5, 15, 18, 3, 6, 14, 13, 19]
Run 7:
Best OCplx: 3.1711747996223627
Best Sequence: [20, 2, 18, 8, 9, 19, 21, 1, 3, 13, 10, 16, 17, 4, 7, 6, 11, 5, 14, 15, 12]
Run 8:
Best OCplx: 3.0355010146976427
Best Sequence: [17, 21, 8, 5, 9, 10, 14, 12, 11, 3, 6, 20, 7, 19, 18, 15, 4, 16, 2, 13, 1]
Run 9:
Best OCplx: 3.6654445440877823
Best Sequence: [8, 16, 2, 9, 10, 13, 17, 4, 1, 20, 15, 7, 21, 12, 5, 18, 11, 14, 3, 19, 6]
Run 10:
Best OCplx: 2.975165201064623
Best Sequence: [7, 4, 21, 8, 9, 6, 20, 17, 3, 10, 14, 13, 5, 1, 15, 12, 11, 19, 16, 2, 18]
Run 11:
Best OCplx: 3.3139591568242133
Best Sequence: [2, 20, 16, 8, 9, 17, 10, 13, 3, 5, 14, 11, 15, 1, 19, 12, 6, 21, 18, 4, 7]
Run 12:
Best OCplx: 3.414173689208682
Best Sequence: [4, 3, 17, 8, 21, 20, 2, 9, 14, 10, 5, 15, 1, 16, 7, 19, 13, 11, 6, 18, 12]
Run 13:
Best OCplx: 3.254899751863697
Best Sequence: [8, 16, 7, 3, 9, 21, 10, 19, 14, 20, 17, 11, 18, 12, 4, 1, 5, 6, 13, 2, 15]
Run 14:
Best OCplx: 3.5726604184987414
Best Sequence: [1, 8, 21, 9, 10, 2, 11, 6, 5, 17, 15, 3, 7, 20, 12, 13, 14, 16, 18, 4, 19]
Run 15:
Best OCplx: 4.208161934531379
Best Sequence: [4, 20, 17, 18, 9, 2, 21, 8, 6, 7, 11, 12, 5, 3, 16, 10, 13, 15, 19, 14, 1]
Run 16:
Best OCplx: 3.281547595472427
Best Sequence: [21, 9, 8, 10, 7, 17, 14, 16, 18, 19, 2, 15, 13, 3, 4, 11, 6, 20, 5, 12, 1]
Run 17:
Best OCplx: 2.987813194703909
Best Sequence: [19, 17, 8, 16, 2, 5, 21, 9, 20, 14, 7, 10, 4, 15, 12, 18, 13, 3, 11, 1, 6]
Run 18:
Best OCplx: 3.7304036185486034
Best Sequence: [9, 5, 20, 7, 21, 18, 8, 10, 14, 1, 2, 15, 11, 4, 12, 6, 13, 3, 19, 16, 17]
Run 19:
Best OCplx: 2.6913150858324593
Best Sequence: [17, 21, 3, 20, 5, 2, 8, 9, 16, 7, 10, 11, 15, 6, 1, 14, 19, 13, 18, 4, 12]
Run 20:
Best OCplx: 3.4872329441386416
Best Sequence: [9, 21, 20, 8, 1, 7, 10, 4, 2, 18, 6, 14, 11, 19, 17, 15, 3, 16, 13, 5, 12]
Run 21:
Best OCplx: 3.4131469914015478
Best Sequence: [8, 2, 20, 9, 10, 3, 15, 17, 14, 19, 6, 4, 16, 1, 11, 18, 21, 7, 5, 12, 13]
Run 22:
Best OCplx: 3.618334239608609
Best Sequence: [20, 2, 8, 1, 16, 10, 5, 21, 6, 9, 17, 7, 18, 12, 13, 14, 19, 15, 11, 3, 4]
Run 23:
Best OCplx: 3.0355010146976418
Best Sequence: [6, 8, 21, 17, 3, 9, 18, 10, 12, 13, 16, 20, 5, 2, 15, 7, 1, 14, 11, 4, 19]
Run 24:
Best OCplx: 3.5007686918752285
Best Sequence: [20, 5, 16, 8, 21, 7, 9, 4, 2, 12, 17, 3, 14, 18, 13, 10, 11, 15, 1, 19, 6]
Run 25:
Best OCplx: 3.4240212241408
Best Sequence: [8, 5, 20, 9, 1, 7, 21, 6, 10, 16, 11, 15, 17, 4, 18, 19, 14, 3, 13, 12, 2]
Run 26:
Best OCplx: 3.237453597566358
Best Sequence: [7, 8, 19, 9, 16, 20, 21, 17, 18, 12, 10, 11, 2, 13, 4, 6, 14, 3, 5, 1, 15]
Run 27:
Best OCplx: 3.281510844868191
Best Sequence: [8, 4, 9, 20, 16, 1, 21, 2, 5, 10, 7, 17, 6, 18, 12, 13, 19, 14, 3, 11, 15]
Run 28:
Best OCplx: 3.3723266604203275
Best Sequence: [18, 21, 17, 16, 8, 20, 4, 2, 9, 12, 14, 13, 5, 7, 10, 11, 19, 1, 15, 6, 3]
Run 29:
Best OCplx: 3.3499194619847548
Best Sequence: [8, 18, 19, 17, 4, 21, 20, 3, 9, 5, 15, 1, 2, 10, 7, 6, 12, 11, 13, 14, 16]
Run 30:
Best OCplx: 2.874149946609403
Best Sequence: [8, 16, 21, 9, 17, 10, 4, 12, 13, 3, 7, 11, 15, 6, 20, 18, 14, 19, 1, 2, 5]
UPDATE_GLOBAL_ITER: 200
GAMMA: 0.99
MAX_EP: 3000
thread_count: 3
RL: 5e-05
if_EWM: True

