Run 1:
Best OCplx: 2.758493156009692
Best Sequence: [60, 53, 49, 15, 31, 36, 5, 8, 61, 39, 59, 25, 44, 21, 17, 46, 10, 47, 27, 9, 43, 58, 19, 26, 6, 29, 7, 13, 2, 34, 32, 4, 14, 20, 35, 48, 40, 54, 18, 55, 11, 37, 56, 30, 57, 28, 23, 1, 16, 41, 22, 3, 38, 45, 24, 52, 33, 51, 42, 12, 50]
Run 2:
Best OCplx: 3.50318522641732
Best Sequence: [10, 15, 36, 49, 8, 47, 21, 59, 17, 9, 40, 19, 39, 13, 29, 4, 43, 60, 34, 54, 24, 11, 48, 45, 2, 27, 46, 7, 35, 56, 58, 14, 44, 28, 55, 23, 37, 53, 31, 26, 61, 32, 30, 38, 18, 33, 22, 5, 41, 20, 50, 57, 1, 6, 16, 42, 52, 3, 51, 25, 12]
Run 3:
Best OCplx: 3.4588584013012227
Best Sequence: [16, 10, 60, 8, 5, 25, 46, 31, 21, 57, 23, 47, 28, 34, 24, 11, 9, 7, 27, 19, 29, 30, 6, 43, 35, 61, 49, 17, 13, 39, 36, 53, 22, 59, 2, 48, 58, 1, 32, 41, 14, 54, 45, 40, 37, 56, 15, 18, 55, 26, 38, 42, 4, 20, 52, 33, 3, 51, 44, 50, 12]
Run 4:
Best OCplx: 2.1837947620438576
Best Sequence: [61, 36, 8, 46, 31, 25, 17, 47, 49, 43, 28, 15, 5, 21, 7, 11, 10, 44, 60, 30, 14, 39, 45, 9, 6, 35, 57, 58, 2, 29, 24, 40, 37, 23, 16, 41, 56, 27, 34, 26, 48, 4, 53, 20, 32, 54, 1, 55, 38, 52, 50, 51, 12, 3, 33, 59, 19, 22, 13, 42, 18]
Run 5:
Best OCplx: 3.2786230178032416
Best Sequence: [58, 46, 27, 8, 43, 49, 5, 21, 25, 36, 48, 10, 40, 17, 54, 13, 60, 47, 18, 20, 31, 9, 29, 39, 16, 4, 30, 15, 19, 59, 32, 23, 53, 22, 28, 45, 56, 26, 2, 11, 44, 6, 61, 14, 55, 7, 24, 35, 1, 38, 3, 51, 37, 57, 41, 33, 52, 34, 12, 42, 50]
Run 6:
Best OCplx: 1.6578326236239702
Best Sequence: [28, 5, 21, 17, 49, 8, 36, 61, 9, 31, 7, 54, 46, 25, 13, 40, 44, 53, 10, 34, 15, 45, 39, 11, 60, 48, 57, 27, 47, 30, 29, 43, 14, 6, 59, 35, 1, 19, 58, 55, 18, 37, 24, 56, 32, 2, 23, 22, 26, 16, 20, 38, 4, 52, 12, 41, 33, 3, 42, 50, 51]
Run 7:
Best OCplx: 3.3442639427150276
Best Sequence: [25, 49, 46, 36, 8, 34, 5, 21, 57, 48, 53, 18, 44, 60, 13, 61, 27, 35, 39, 11, 29, 14, 15, 26, 19, 54, 17, 28, 30, 43, 45, 6, 9, 37, 56, 31, 16, 47, 7, 1, 10, 4, 55, 38, 58, 24, 32, 40, 59, 2, 12, 42, 33, 20, 23, 22, 52, 41, 3, 50, 51]
Run 8:
Best OCplx: 2.1834751991943406
Best Sequence: [25, 8, 39, 10, 5, 59, 28, 13, 21, 46, 36, 15, 6, 11, 29, 4, 54, 44, 23, 16, 57, 58, 56, 17, 61, 18, 45, 60, 43, 41, 35, 24, 1, 48, 40, 7, 34, 27, 14, 19, 47, 9, 53, 26, 55, 30, 2, 37, 31, 22, 32, 20, 38, 52, 42, 50, 51, 33, 49, 12, 3]
Run 9:
Best OCplx: 3.43060509787865
Best Sequence: [44, 31, 60, 49, 34, 25, 28, 8, 36, 47, 5, 46, 17, 27, 61, 40, 15, 10, 59, 21, 39, 43, 1, 55, 58, 14, 11, 57, 9, 22, 13, 30, 6, 53, 16, 18, 19, 32, 7, 45, 54, 33, 26, 23, 38, 52, 35, 48, 56, 3, 20, 29, 2, 24, 42, 37, 41, 50, 4, 51, 12]
Run 10:
Best OCplx: 3.1425313126571752
Best Sequence: [46, 49, 8, 9, 39, 60, 17, 58, 21, 40, 5, 25, 15, 56, 27, 16, 19, 36, 30, 24, 54, 29, 48, 45, 61, 13, 2, 53, 44, 55, 57, 6, 23, 11, 28, 47, 4, 35, 22, 59, 37, 31, 14, 18, 10, 7, 41, 26, 43, 32, 38, 1, 42, 12, 52, 33, 50, 20, 3, 34, 51]
Run 11:
Best OCplx: 3.31496142455683
Best Sequence: [43, 60, 44, 21, 46, 25, 8, 27, 39, 15, 36, 17, 10, 31, 59, 57, 29, 61, 34, 47, 40, 48, 13, 49, 28, 6, 56, 5, 1, 9, 58, 23, 30, 16, 11, 24, 53, 35, 45, 7, 14, 37, 41, 18, 32, 19, 22, 26, 54, 20, 4, 55, 52, 3, 2, 38, 33, 50, 42, 12, 51]
Run 12:
Best OCplx: 3.855396592130102
Best Sequence: [36, 27, 39, 60, 13, 10, 5, 25, 8, 46, 59, 47, 9, 61, 58, 31, 49, 34, 15, 21, 17, 40, 19, 48, 28, 6, 2, 44, 18, 53, 23, 45, 29, 41, 11, 56, 57, 54, 35, 16, 32, 30, 22, 14, 26, 43, 24, 7, 4, 37, 1, 20, 55, 33, 3, 42, 52, 50, 12, 38, 51]
Run 13:
Best OCplx: 2.436733298005359
Best Sequence: [17, 46, 8, 21, 25, 36, 2, 29, 11, 59, 58, 5, 39, 15, 27, 7, 24, 40, 44, 28, 47, 9, 49, 61, 4, 14, 30, 35, 13, 54, 31, 60, 48, 26, 16, 22, 34, 53, 18, 45, 43, 1, 6, 19, 23, 56, 32, 57, 41, 55, 38, 20, 42, 37, 52, 33, 50, 3, 51, 10, 12]
Run 14:
Best OCplx: 3.231040975181041
Best Sequence: [60, 25, 44, 13, 8, 28, 5, 34, 46, 10, 15, 21, 59, 39, 58, 14, 7, 47, 24, 6, 17, 36, 48, 61, 40, 49, 27, 29, 31, 43, 55, 32, 18, 37, 9, 4, 30, 35, 23, 57, 26, 19, 22, 11, 2, 41, 1, 52, 56, 33, 42, 20, 38, 51, 3, 50, 16, 45, 54, 12, 53]
Run 15:
Best OCplx: 3.80724759049461
Best Sequence: [60, 25, 8, 59, 46, 5, 40, 28, 21, 31, 44, 17, 34, 24, 4, 22, 58, 29, 39, 57, 61, 11, 35, 49, 6, 36, 14, 13, 54, 56, 7, 16, 30, 19, 18, 1, 26, 15, 43, 2, 9, 45, 27, 48, 47, 23, 37, 41, 55, 42, 38, 32, 20, 52, 33, 53, 3, 50, 51, 10, 12]
Run 16:
Best OCplx: 2.6886859011747015
Best Sequence: [27, 43, 9, 21, 8, 36, 31, 25, 13, 10, 34, 49, 39, 28, 45, 48, 46, 17, 35, 19, 15, 11, 47, 53, 29, 5, 59, 58, 4, 7, 40, 23, 60, 14, 16, 22, 24, 44, 37, 26, 2, 57, 32, 6, 61, 55, 20, 30, 1, 41, 42, 12, 38, 33, 3, 51, 18, 52, 50, 54, 56]
Run 17:
Best OCplx: 2.8458462035464502
Best Sequence: [49, 17, 39, 36, 46, 34, 15, 61, 8, 5, 47, 40, 21, 35, 25, 60, 22, 24, 27, 9, 59, 48, 16, 28, 31, 29, 18, 19, 57, 4, 45, 10, 44, 58, 14, 54, 43, 37, 7, 1, 53, 30, 6, 11, 26, 13, 55, 23, 2, 41, 56, 52, 42, 32, 38, 33, 20, 12, 51, 3, 50]
Run 18:
Best OCplx: 3.1876935710845387
Best Sequence: [59, 46, 49, 60, 9, 36, 8, 34, 10, 39, 21, 28, 25, 11, 4, 35, 58, 37, 57, 54, 45, 48, 14, 43, 18, 29, 5, 40, 15, 6, 61, 44, 23, 7, 24, 56, 47, 26, 31, 16, 22, 2, 55, 51, 32, 38, 30, 1, 17, 27, 13, 53, 20, 41, 19, 52, 42, 50, 33, 3, 12]
Run 19:
Best OCplx: 3.164587091915858
Best Sequence: [43, 58, 40, 24, 10, 8, 47, 15, 28, 36, 31, 34, 5, 27, 21, 17, 49, 46, 25, 39, 32, 44, 20, 53, 13, 56, 9, 48, 61, 35, 16, 45, 60, 30, 4, 57, 29, 22, 7, 2, 14, 18, 37, 54, 55, 59, 19, 41, 50, 3, 23, 11, 51, 6, 42, 1, 38, 52, 26, 12, 33]
Run 20:
Best OCplx: 3.169724212048429
Best Sequence: [36, 40, 8, 13, 5, 25, 46, 59, 49, 10, 17, 21, 15, 34, 61, 39, 28, 31, 56, 11, 14, 6, 27, 43, 44, 35, 9, 2, 60, 4, 48, 58, 57, 22, 54, 23, 19, 26, 18, 1, 16, 53, 29, 41, 55, 32, 30, 52, 47, 7, 38, 24, 37, 45, 42, 3, 20, 33, 51, 50, 12]
Run 21:
Best OCplx: 3.264940761780078
Best Sequence: [46, 17, 28, 8, 25, 60, 39, 5, 44, 27, 36, 21, 9, 13, 31, 22, 15, 40, 58, 43, 35, 34, 59, 24, 6, 47, 4, 48, 18, 10, 61, 14, 56, 16, 37, 7, 32, 49, 45, 30, 53, 54, 26, 41, 23, 11, 42, 1, 2, 57, 55, 19, 20, 3, 51, 38, 52, 33, 50, 12, 29]
Run 22:
Best OCplx: 3.772414129751785
Best Sequence: [8, 61, 13, 15, 31, 60, 39, 10, 46, 21, 4, 24, 40, 18, 43, 17, 30, 11, 44, 45, 27, 5, 6, 35, 2, 25, 7, 48, 14, 29, 9, 54, 47, 57, 49, 36, 28, 32, 34, 19, 55, 41, 3, 23, 53, 22, 56, 42, 1, 59, 37, 26, 16, 50, 51, 38, 52, 33, 12, 58, 20]
Run 23:
Best OCplx: 3.528751760865954
Best Sequence: [10, 17, 8, 46, 21, 49, 57, 5, 54, 59, 44, 26, 39, 34, 7, 29, 28, 35, 6, 36, 56, 24, 4, 40, 11, 48, 58, 32, 45, 19, 2, 43, 37, 55, 13, 31, 61, 42, 23, 47, 53, 14, 20, 41, 60, 15, 52, 50, 16, 3, 1, 22, 9, 38, 30, 33, 18, 51, 27, 25, 12]
Run 24:
Best OCplx: 3.6522373563118187
Best Sequence: [39, 10, 8, 46, 17, 21, 14, 36, 15, 31, 44, 30, 26, 29, 48, 54, 13, 27, 49, 28, 9, 16, 58, 18, 7, 45, 57, 5, 23, 47, 41, 43, 1, 24, 61, 4, 40, 11, 35, 2, 59, 6, 56, 34, 53, 32, 19, 3, 55, 52, 20, 42, 22, 33, 38, 37, 50, 25, 60, 51, 12]
Run 25:
Best OCplx: 2.6451122652126315
Best Sequence: [21, 40, 46, 34, 29, 10, 25, 8, 17, 59, 47, 28, 49, 7, 2, 35, 24, 61, 5, 9, 4, 45, 31, 54, 36, 23, 58, 43, 11, 44, 39, 57, 60, 19, 27, 13, 6, 18, 16, 48, 26, 14, 1, 55, 37, 56, 32, 41, 20, 42, 38, 53, 52, 51, 22, 50, 33, 3, 15, 12, 30]
Run 26:
Best OCplx: 3.5434619103363882
Best Sequence: [46, 25, 44, 8, 58, 15, 10, 21, 61, 17, 34, 47, 60, 53, 40, 59, 31, 23, 5, 29, 43, 11, 4, 39, 2, 26, 24, 30, 22, 35, 1, 57, 6, 13, 7, 27, 16, 41, 45, 14, 56, 49, 36, 28, 48, 54, 3, 32, 55, 38, 20, 52, 18, 9, 37, 19, 42, 33, 50, 51, 12]
Run 27:
Best OCplx: 3.517089751337641
Best Sequence: [48, 21, 8, 40, 25, 44, 10, 46, 31, 4, 17, 6, 27, 59, 47, 29, 24, 49, 28, 43, 36, 39, 5, 11, 58, 57, 13, 45, 9, 15, 2, 60, 35, 14, 18, 26, 7, 16, 32, 34, 37, 56, 55, 23, 53, 1, 22, 51, 54, 3, 30, 38, 52, 33, 41, 20, 50, 19, 61, 12, 42]
Run 28:
Best OCplx: 3.3345482464402734
Best Sequence: [17, 9, 10, 25, 44, 61, 8, 39, 58, 47, 5, 21, 46, 48, 43, 34, 24, 28, 36, 29, 4, 22, 53, 7, 54, 31, 18, 13, 41, 56, 27, 15, 14, 45, 35, 11, 30, 32, 26, 57, 6, 49, 40, 60, 19, 1, 2, 59, 16, 37, 55, 51, 38, 3, 42, 20, 33, 52, 12, 23, 50]
Run 29:
Best OCplx: 3.831495284002778
Best Sequence: [5, 47, 40, 46, 28, 21, 18, 25, 10, 8, 59, 44, 13, 31, 61, 30, 39, 36, 15, 58, 24, 43, 60, 19, 27, 48, 56, 53, 49, 22, 17, 14, 45, 32, 7, 54, 9, 20, 2, 55, 26, 16, 29, 4, 37, 6, 11, 35, 41, 33, 52, 3, 23, 42, 38, 50, 1, 12, 57, 51, 34]
Run 30:
Best OCplx: 3.215026167361965
Best Sequence: [17, 44, 10, 8, 31, 60, 28, 21, 53, 7, 9, 39, 46, 15, 11, 29, 30, 36, 61, 40, 54, 48, 34, 18, 13, 4, 26, 56, 1, 35, 16, 58, 5, 37, 6, 45, 24, 19, 32, 59, 14, 23, 47, 49, 2, 43, 41, 3, 57, 55, 22, 20, 52, 42, 38, 33, 51, 27, 25, 12, 50]
UPDATE_GLOBAL_ITER: 20
GAMMA: 0.99
MAX_EP: 3000
thread_count: 2
RL: 0.0005
if_EWM: False

