UPDATE_GLOBAL_ITER: 25
GAMMA: 0.99
MAX_EP: 3000
thread_count: 3
RL: 8e-05
if_EWM: True

UPDATE_GLOBAL_ITER: 25
GAMMA: 0.99
MAX_EP: 3000
thread_count: 3
RL: 8e-05
if_EWM: True

Run 1:
Best OCplx: 0
Best Sequence: []
UPDATE_GLOBAL_ITER: 25
GAMMA: 0.99
MAX_EP: 3000
thread_count: 3
RL: 8e-05
if_EWM: True

Run 1:
Best OCplx: 5.7493958954913715
Best Sequence: [1, 4, 9, 3, 13, 16, 37, 38, 14, 31, 28, 61, 27, 46, 44, 55, 39, 56, 40, 43, 26, 47, 24, 64, 29, 62, 19, 17, 32, 35, 7, 42, 53, 8, 48, 21, 11, 30, 49, 59, 10, 5, 45, 65, 60, 23, 41, 58, 50, 63, 2, 54, 12, 22, 52, 15, 57, 18, 51, 6, 25, 36, 33, 20, 34]
Run 2:
Best OCplx: 1.9886215975448855
Best Sequence: [24, 59, 2, 14, 13, 10, 20, 15, 61, 63, 65, 58, 9, 6, 8, 51, 22, 1, 54, 25, 16, 62, 42, 50, 64, 17, 43, 30, 48, 19, 5, 32, 57, 36, 4, 11, 52, 12, 55, 7, 35, 28, 40, 46, 49, 33, 41, 53, 23, 45, 60, 31, 29, 27, 21, 34, 37, 18, 3, 44, 38, 26, 47, 56, 39]
Run 3:
Best OCplx: 2.263098104131491
Best Sequence: [4, 9, 13, 6, 2, 16, 14, 3, 64, 30, 17, 24, 1, 8, 60, 59, 15, 65, 7, 58, 45, 5, 56, 11, 25, 51, 23, 47, 10, 31, 21, 32, 37, 62, 39, 22, 41, 40, 35, 55, 42, 12, 48, 38, 61, 63, 50, 43, 34, 19, 54, 20, 33, 27, 36, 28, 49, 18, 44, 46, 26, 53, 57, 52, 29]
Run 4:
Best OCplx: 3.2916238951111216
Best Sequence: [15, 9, 4, 17, 49, 14, 62, 19, 32, 41, 30, 42, 27, 65, 13, 25, 59, 11, 47, 39, 53, 48, 24, 6, 3, 52, 58, 26, 35, 45, 55, 22, 38, 23, 54, 20, 50, 7, 16, 46, 37, 34, 8, 56, 29, 57, 44, 40, 60, 61, 21, 28, 10, 43, 2, 33, 51, 64, 12, 63, 18, 5, 1, 36, 31]
Run 5:
Best OCplx: 4.125474231183043
Best Sequence: [16, 9, 10, 4, 17, 13, 64, 59, 3, 24, 6, 46, 2, 62, 20, 43, 55, 49, 54, 19, 7, 36, 8, 31, 12, 14, 50, 35, 45, 5, 21, 61, 65, 1, 23, 27, 58, 18, 53, 57, 47, 42, 28, 29, 40, 48, 41, 60, 22, 34, 51, 37, 32, 30, 33, 39, 25, 15, 63, 52, 38, 56, 44, 26, 11]
Run 6:
Best OCplx: 3.577045580479938
Best Sequence: [13, 16, 9, 1, 63, 38, 44, 35, 14, 21, 23, 27, 32, 24, 65, 7, 36, 11, 53, 8, 33, 47, 20, 58, 42, 3, 4, 46, 37, 60, 5, 56, 2, 26, 22, 39, 30, 10, 34, 59, 54, 28, 17, 52, 41, 45, 19, 48, 15, 31, 12, 55, 43, 25, 57, 29, 50, 51, 49, 64, 61, 18, 62, 40, 6]
