Run 1:
Best OCplx: 4.039891456124961
Best Sequence: [17, 3, 12, 11, 9, 2, 15, 19, 6, 16, 18, 13, 14, 10, 7, 5, 4, 8, 1]
Run 2:
Best OCplx: 3.9238171847426506
Best Sequence: [12, 3, 2, 13, 6, 9, 1, 16, 15, 14, 11, 5, 19, 18, 10, 17, 8, 4, 7]
Run 3:
Best OCplx: 3.4826556154751587
Best Sequence: [3, 18, 9, 11, 12, 15, 10, 1, 17, 2, 13, 6, 14, 19, 16, 5, 8, 7, 4]
Run 4:
Best OCplx: 3.0286294476553275
Best Sequence: [3, 2, 9, 11, 18, 1, 10, 17, 6, 16, 19, 15, 14, 13, 5, 12, 8, 7, 4]
Run 5:
Best OCplx: 3.7540448401451383
Best Sequence: [17, 2, 11, 3, 18, 14, 15, 6, 10, 16, 9, 13, 5, 1, 12, 19, 4, 8, 7]
Run 6:
Best OCplx: 3.1531424680449613
Best Sequence: [11, 3, 2, 9, 18, 16, 13, 12, 10, 14, 17, 15, 6, 19, 1, 5, 7, 8, 4]
Run 7:
Best OCplx: 3.2735621756858895
Best Sequence: [2, 3, 11, 19, 12, 9, 10, 18, 13, 6, 15, 14, 16, 17, 5, 1, 7, 8, 4]
Run 8:
Best OCplx: 2.7857451046405486
Best Sequence: [18, 17, 3, 2, 12, 15, 19, 16, 11, 9, 14, 13, 1, 5, 6, 10, 8, 7, 4]
Run 9:
Best OCplx: 3.638078820204033
Best Sequence: [17, 9, 3, 2, 19, 11, 18, 10, 1, 6, 15, 13, 16, 12, 14, 5, 8, 7, 4]
Run 10:
Best OCplx: 3.5661450095609313
Best Sequence: [2, 9, 18, 11, 12, 17, 3, 14, 16, 15, 6, 10, 1, 13, 19, 5, 8, 7, 4]
Run 11:
Best OCplx: 3.388936674186918
Best Sequence: [18, 12, 10, 17, 3, 2, 14, 9, 13, 6, 19, 8, 16, 15, 4, 5, 11, 1, 7]
Run 12:
Best OCplx: 3.5661450095609313
Best Sequence: [2, 18, 11, 9, 12, 3, 14, 1, 17, 15, 6, 10, 13, 19, 16, 5, 7, 4, 8]
Run 13:
Best OCplx: 3.2377228874445967
Best Sequence: [12, 18, 11, 17, 3, 9, 10, 2, 16, 13, 1, 14, 15, 6, 19, 5, 8, 7, 4]
Run 14:
Best OCplx: 3.9272720755300083
Best Sequence: [2, 3, 13, 10, 12, 19, 17, 11, 15, 18, 16, 9, 14, 5, 4, 1, 8, 7, 6]
Run 15:
Best OCplx: 3.2524387589394492
Best Sequence: [18, 10, 3, 2, 12, 9, 11, 16, 13, 6, 1, 15, 14, 5, 17, 19, 4, 8, 7]
Run 16:
Best OCplx: 3.028629447655327
Best Sequence: [2, 3, 18, 9, 17, 16, 15, 11, 1, 6, 19, 12, 10, 13, 14, 5, 7, 8, 4]
Run 17:
Best OCplx: 4.456459467517979
Best Sequence: [11, 3, 12, 6, 17, 10, 2, 19, 15, 9, 5, 16, 14, 13, 8, 1, 18, 7, 4]
Run 18:
Best OCplx: 3.375640694385899
Best Sequence: [3, 11, 17, 2, 15, 19, 12, 6, 18, 9, 10, 13, 14, 16, 1, 5, 8, 7, 4]
Run 19:
Best OCplx: 3.7625918405936667
Best Sequence: [17, 9, 11, 10, 3, 12, 6, 15, 18, 2, 1, 13, 16, 14, 5, 19, 4, 8, 7]
Run 20:
Best OCplx: 3.97675045026664
Best Sequence: [19, 12, 17, 2, 9, 3, 14, 1, 15, 6, 18, 11, 10, 16, 13, 5, 7, 8, 4]
Run 21:
Best OCplx: 3.226033193563003
Best Sequence: [3, 18, 17, 2, 19, 13, 16, 11, 9, 10, 5, 6, 14, 12, 15, 1, 7, 8, 4]
Run 22:
Best OCplx: 3.3370191783390846
Best Sequence: [18, 3, 10, 12, 9, 17, 1, 6, 2, 19, 16, 13, 15, 14, 11, 4, 5, 8, 7]
Run 23:
Best OCplx: 3.2594567406650743
Best Sequence: [2, 11, 3, 13, 18, 9, 17, 16, 12, 15, 1, 10, 6, 19, 14, 8, 5, 7, 4]
Run 24:
Best OCplx: 2.966534781113819
Best Sequence: [18, 17, 11, 3, 2, 14, 10, 9, 12, 15, 13, 16, 5, 19, 6, 1, 8, 7, 4]
Run 25:
Best OCplx: 3.589447127958559
Best Sequence: [12, 3, 2, 10, 18, 1, 15, 17, 13, 11, 9, 6, 19, 16, 14, 5, 7, 4, 8]
Run 26:
Best OCplx: 3.0301206308919153
Best Sequence: [3, 10, 17, 11, 18, 2, 9, 16, 13, 12, 15, 19, 1, 14, 5, 6, 4, 7, 8]
Run 27:
Best OCplx: 3.771145136601495
Best Sequence: [18, 17, 9, 3, 15, 2, 6, 14, 16, 5, 1, 13, 11, 19, 12, 10, 7, 8, 4]
Run 28:
Best OCplx: 3.5985118970616643
Best Sequence: [3, 2, 9, 15, 16, 12, 1, 11, 10, 18, 19, 14, 17, 6, 13, 5, 8, 4, 7]
Run 29:
Best OCplx: 2.8400287960289456
Best Sequence: [3, 18, 11, 12, 17, 2, 9, 16, 15, 10, 6, 19, 1, 13, 5, 14, 4, 7, 8]
Run 30:
Best OCplx: 3.134943720275441
Best Sequence: [11, 3, 2, 18, 16, 17, 10, 19, 9, 12, 6, 13, 14, 15, 5, 1, 7, 8, 4]
Learning Rate: 1e-05
Epsilon: 0.1
Gamma: 0.99
Reward Version: v2.1
if_EWM: True
