Run 11:
Best OCplx: 2.1786525229958773
Best Sequence: [17, 59, 57, 27, 54, 26, 65, 58, 15, 41, 51, 19, 24, 31, 14, 23, 30, 53, 21, 13, 25, 22, 64, 33, 63, 7, 11, 29, 6, 9, 34, 20, 47, 60, 45, 48, 28, 55, 61, 4, 62, 46, 44, 2, 5, 56, 18, 42, 16, 37, 10, 38, 32, 8, 52, 1, 3, 50, 35, 12, 43, 40, 36, 39, 49]
Run 2:
Best OCplx: 2.348221665171948
Best Sequence: [19, 16, 31, 58, 22, 30, 14, 54, 21, 18, 15, 55, 27, 49, 17, 51, 13, 29, 36, 6, 44, 45, 11, 32, 50, 20, 43, 60, 59, 63, 9, 62, 33, 10, 12, 61, 65, 37, 25, 64, 1, 34, 4, 8, 26, 40, 23, 41, 35, 2, 39, 52, 28, 7, 3, 5, 57, 24, 53, 48, 42, 56, 46, 47, 38]
Run 3:
Best OCplx: 2.4430445353983337
Best Sequence: [3, 50, 11, 27, 58, 49, 65, 40, 13, 28, 26, 30, 36, 21, 59, 23, 22, 45, 60, 31, 29, 15, 41, 17, 8, 25, 6, 10, 53, 51, 52, 32, 61, 55, 1, 47, 48, 44, 20, 35, 57, 62, 16, 43, 24, 33, 38, 54, 64, 14, 7, 18, 37, 56, 46, 42, 5, 63, 34, 2, 19, 9, 39, 4, 12]
Run 4:
Best OCplx: 2.190174917537778
Best Sequence: [24, 58, 8, 54, 47, 22, 7, 20, 41, 2, 34, 36, 49, 27, 18, 44, 9, 14, 57, 4, 25, 55, 29, 1, 39, 63, 59, 38, 3, 62, 40, 17, 52, 35, 65, 26, 33, 32, 42, 30, 16, 64, 48, 28, 23, 13, 11, 10, 12, 51, 5, 56, 50, 53, 19, 46, 45, 6, 61, 60, 43, 31, 37, 21, 15]
Run 5:
Best OCplx: 2.0812097070416464
Best Sequence: [62, 58, 22, 55, 44, 33, 46, 4, 50, 48, 36, 31, 1, 60, 56, 14, 37, 15, 30, 17, 49, 59, 8, 57, 27, 20, 40, 32, 41, 43, 12, 19, 28, 21, 63, 29, 13, 65, 24, 10, 2, 3, 11, 25, 39, 23, 6, 45, 47, 51, 38, 35, 5, 7, 9, 53, 64, 16, 54, 42, 52, 26, 18, 61, 34]
Run 6:
Best OCplx: 2.174991021931805
Best Sequence: [62, 58, 23, 13, 46, 4, 27, 53, 45, 52, 25, 50, 48, 17, 39, 32, 1, 36, 2, 3, 14, 22, 8, 30, 37, 33, 49, 35, 21, 51, 55, 56, 54, 5, 16, 15, 38, 57, 64, 18, 60, 12, 20, 42, 19, 10, 28, 43, 31, 9, 44, 34, 47, 59, 40, 24, 26, 29, 61, 6, 65, 7, 11, 41, 63]
Run 7:
Best OCplx: 2.0641659343159966
Best Sequence: [13, 9, 65, 17, 55, 58, 59, 38, 51, 44, 10, 42, 23, 14, 43, 15, 46, 11, 5, 7, 27, 28, 52, 40, 63, 22, 2, 49, 48, 24, 37, 39, 26, 47, 30, 54, 8, 3, 61, 45, 31, 56, 60, 36, 25, 33, 6, 19, 29, 18, 1, 20, 34, 57, 4, 50, 32, 64, 21, 41, 35, 16, 53, 12, 62]
Run 8:
Best OCplx: 2.1674532138306093
Best Sequence: [58, 22, 1, 37, 46, 62, 8, 38, 15, 2, 53, 63, 45, 33, 14, 44, 41, 52, 27, 40, 13, 24, 42, 17, 7, 35, 16, 21, 50, 51, 28, 36, 55, 57, 31, 26, 6, 19, 12, 18, 47, 48, 60, 39, 59, 4, 56, 10, 25, 29, 65, 32, 20, 61, 5, 34, 23, 9, 30, 11, 43, 3, 49, 54, 64]
Run 9:
Best OCplx: 1.8589921768711017
Best Sequence: [13, 58, 47, 14, 24, 15, 62, 9, 27, 39, 19, 23, 31, 59, 45, 12, 33, 57, 22, 28, 52, 53, 65, 6, 48, 55, 36, 4, 1, 43, 11, 35, 44, 50, 64, 17, 34, 51, 29, 5, 30, 42, 49, 46, 2, 8, 41, 21, 37, 63, 10, 32, 54, 60, 18, 3, 25, 20, 56, 38, 40, 61, 16, 26, 7]
Run 10:
Best OCplx: 2.218734388287799
Best Sequence: [20, 21, 27, 14, 6, 58, 22, 13, 2, 62, 8, 33, 35, 40, 45, 47, 9, 32, 1, 61, 53, 4, 48, 64, 52, 55, 42, 63, 25, 17, 37, 12, 26, 3, 59, 51, 16, 24, 38, 44, 23, 28, 60, 5, 50, 36, 10, 43, 41, 54, 46, 29, 34, 7, 19, 15, 65, 57, 31, 18, 39, 56, 49, 30, 11]
Run 11:
Best OCplx: 2.376016438341496
Best Sequence: [58, 9, 61, 8, 18, 34, 65, 63, 51, 29, 54, 39, 47, 16, 1, 24, 2, 32, 4, 22, 25, 59, 35, 52, 37, 30, 38, 14, 20, 55, 27, 10, 60, 64, 43, 36, 5, 48, 44, 21, 26, 28, 6, 33, 56, 40, 46, 15, 41, 13, 17, 3, 62, 11, 42, 50, 31, 23, 12, 7, 45, 19, 53, 57, 49]
Run 12:
Best OCplx: 2.4378179820590202
Best Sequence: [57, 10, 30, 27, 58, 14, 31, 38, 22, 45, 56, 15, 50, 33, 62, 4, 6, 54, 36, 20, 52, 13, 53, 61, 40, 63, 48, 49, 51, 43, 37, 17, 12, 41, 39, 11, 1, 3, 16, 18, 64, 65, 44, 7, 9, 60, 21, 34, 32, 46, 5, 2, 28, 19, 24, 42, 29, 47, 59, 8, 25, 26, 23, 35, 55]
Run 13:
Best OCplx: 1.9887096210351327
Best Sequence: [59, 27, 13, 58, 19, 23, 1, 22, 55, 52, 35, 14, 17, 40, 46, 31, 21, 2, 65, 20, 60, 57, 37, 38, 15, 45, 53, 29, 41, 36, 32, 54, 50, 5, 33, 7, 61, 63, 24, 28, 47, 9, 10, 12, 39, 8, 64, 51, 25, 44, 56, 48, 49, 18, 11, 34, 43, 6, 26, 30, 3, 16, 4, 62, 42]
Run 14:
Best OCplx: 2.1241318242365397
Best Sequence: [65, 41, 58, 59, 62, 60, 22, 4, 10, 19, 57, 1, 47, 31, 12, 46, 11, 43, 14, 49, 37, 61, 36, 50, 42, 9, 21, 63, 29, 54, 52, 30, 28, 23, 40, 64, 13, 17, 7, 20, 35, 2, 16, 27, 5, 24, 53, 26, 56, 3, 48, 38, 8, 33, 55, 32, 18, 15, 45, 39, 6, 34, 25, 44, 51]
Run 15:
Best OCplx: 1.9973426086755321
Best Sequence: [2, 65, 58, 3, 61, 29, 62, 23, 34, 15, 33, 63, 19, 26, 14, 16, 17, 57, 59, 54, 6, 35, 49, 8, 39, 45, 37, 28, 51, 24, 48, 9, 1, 13, 10, 43, 56, 32, 7, 12, 36, 44, 27, 25, 22, 21, 4, 46, 31, 53, 42, 11, 20, 18, 64, 50, 5, 47, 60, 52, 38, 41, 55, 40, 30]
Run 16:
Best OCplx: 2.485702487653491
Best Sequence: [58, 27, 30, 24, 1, 50, 45, 25, 37, 32, 3, 41, 19, 44, 28, 10, 48, 22, 62, 15, 34, 14, 18, 64, 23, 7, 39, 42, 46, 56, 65, 9, 21, 47, 12, 40, 36, 17, 63, 2, 35, 54, 52, 33, 8, 59, 43, 31, 60, 4, 55, 26, 5, 13, 29, 51, 16, 38, 20, 49, 6, 53, 57, 61, 11]
Run 17:
Best OCplx: 2.2109172901009226
Best Sequence: [65, 58, 46, 2, 14, 44, 52, 43, 23, 3, 45, 16, 28, 37, 48, 5, 1, 61, 35, 27, 22, 21, 11, 6, 25, 9, 57, 32, 31, 64, 42, 7, 24, 40, 12, 51, 26, 53, 20, 56, 30, 15, 29, 19, 10, 63, 34, 60, 54, 8, 62, 17, 13, 33, 49, 36, 4, 39, 18, 38, 55, 47, 41, 59, 50]
Run 18:
Best OCplx: 1.8744924613361782
Best Sequence: [58, 19, 27, 9, 47, 49, 28, 45, 61, 48, 22, 36, 17, 30, 1, 21, 51, 60, 41, 26, 4, 55, 34, 38, 46, 3, 62, 13, 24, 29, 43, 40, 14, 44, 16, 35, 32, 57, 64, 11, 54, 42, 25, 20, 39, 2, 53, 15, 33, 56, 31, 52, 63, 50, 8, 59, 10, 7, 12, 23, 37, 65, 18, 5, 6]
Run 19:
Best OCplx: 2.0486755109556767
Best Sequence: [1, 65, 58, 6, 30, 10, 49, 59, 13, 32, 51, 17, 62, 61, 60, 11, 9, 45, 44, 22, 3, 35, 64, 24, 18, 2, 36, 27, 43, 50, 54, 47, 40, 23, 56, 7, 29, 57, 4, 14, 8, 63, 41, 28, 53, 15, 55, 48, 38, 31, 52, 20, 46, 12, 37, 26, 39, 42, 16, 25, 34, 19, 33, 5, 21]
Run 20:
Best OCplx: 2.2354741047184636
Best Sequence: [41, 16, 61, 65, 14, 59, 8, 54, 58, 36, 13, 22, 1, 5, 27, 11, 39, 38, 7, 55, 52, 2, 6, 44, 28, 25, 23, 35, 40, 26, 45, 47, 31, 12, 10, 9, 21, 42, 62, 53, 30, 51, 37, 33, 19, 20, 29, 3, 43, 64, 57, 56, 17, 34, 49, 18, 46, 60, 24, 63, 15, 50, 32, 4, 48]
Run 21:
Best OCplx: 2.1139088845538025
Best Sequence: [65, 58, 29, 33, 43, 63, 11, 59, 14, 2, 56, 60, 1, 17, 7, 9, 27, 44, 30, 10, 16, 32, 4, 42, 12, 34, 36, 50, 49, 48, 35, 55, 61, 24, 53, 52, 13, 23, 64, 8, 15, 41, 20, 25, 3, 47, 57, 22, 19, 28, 54, 38, 5, 37, 62, 21, 31, 46, 26, 6, 39, 51, 18, 45, 40]
Run 22:
Best OCplx: 1.7775786425230364
Best Sequence: [27, 1, 65, 8, 58, 51, 52, 15, 6, 10, 13, 43, 63, 22, 36, 41, 38, 61, 56, 4, 48, 37, 64, 45, 44, 34, 60, 7, 39, 29, 55, 3, 28, 50, 12, 21, 54, 35, 20, 57, 30, 2, 32, 14, 26, 46, 42, 25, 62, 47, 23, 59, 19, 11, 17, 33, 5, 24, 18, 40, 31, 16, 53, 9, 49]
Run 23:
Best OCplx: 2.051757223435634
Best Sequence: [65, 54, 58, 52, 13, 32, 39, 35, 47, 60, 4, 43, 36, 42, 30, 51, 22, 17, 3, 63, 8, 31, 46, 64, 55, 62, 50, 7, 18, 27, 45, 48, 24, 14, 38, 16, 40, 15, 29, 9, 61, 26, 33, 41, 12, 53, 11, 2, 23, 34, 44, 6, 28, 21, 5, 57, 25, 56, 19, 20, 59, 49, 37, 1, 10]
Run 24:
Best OCplx: 1.9927691354739623
Best Sequence: [58, 1, 38, 13, 10, 62, 33, 59, 31, 14, 63, 61, 34, 39, 15, 3, 50, 12, 49, 24, 53, 6, 43, 57, 60, 42, 36, 54, 9, 2, 17, 41, 55, 27, 46, 52, 22, 64, 11, 23, 25, 56, 35, 19, 44, 45, 40, 16, 30, 8, 65, 4, 7, 29, 18, 47, 51, 20, 21, 5, 26, 32, 48, 28, 37]
Run 25:
Best OCplx: 2.3455887575097725
Best Sequence: [58, 37, 12, 13, 52, 32, 41, 27, 28, 9, 48, 23, 18, 33, 51, 53, 25, 6, 45, 43, 61, 8, 60, 10, 15, 42, 22, 63, 36, 44, 14, 34, 64, 2, 46, 54, 4, 16, 59, 5, 30, 47, 57, 1, 40, 55, 24, 56, 49, 19, 65, 7, 3, 20, 50, 31, 29, 21, 39, 38, 62, 26, 35, 11, 17]
Run 26:
Best OCplx: 2.2916746753904076
Best Sequence: [48, 35, 65, 58, 27, 33, 18, 8, 14, 22, 50, 57, 40, 23, 29, 52, 61, 38, 31, 10, 26, 16, 1, 19, 64, 55, 59, 62, 45, 6, 5, 20, 13, 41, 39, 47, 37, 3, 46, 25, 24, 49, 7, 51, 12, 43, 15, 42, 60, 44, 30, 17, 36, 32, 9, 2, 63, 11, 34, 53, 21, 28, 4, 56, 54]
Run 27:
Best OCplx: 2.1980205124177403
Best Sequence: [58, 29, 4, 59, 27, 60, 52, 38, 32, 16, 47, 22, 33, 11, 65, 8, 42, 10, 49, 28, 13, 37, 14, 50, 7, 17, 46, 53, 63, 34, 56, 12, 62, 23, 15, 3, 54, 1, 31, 19, 25, 35, 5, 26, 61, 2, 6, 18, 48, 40, 55, 43, 36, 45, 64, 44, 41, 57, 9, 30, 24, 39, 51, 21, 20]
Run 28:
Best OCplx: 2.159798524245494
Best Sequence: [58, 44, 27, 64, 19, 1, 38, 22, 51, 16, 49, 20, 35, 11, 60, 43, 4, 36, 9, 34, 8, 53, 46, 14, 45, 21, 12, 25, 42, 7, 47, 30, 28, 29, 3, 13, 59, 23, 52, 2, 26, 17, 33, 40, 41, 65, 6, 54, 18, 15, 63, 31, 10, 5, 56, 61, 50, 57, 48, 32, 37, 39, 62, 55, 24]
Run 29:
Best OCplx: 1.940688102418416
Best Sequence: [62, 1, 13, 19, 58, 2, 7, 64, 27, 22, 14, 16, 46, 59, 5, 37, 17, 9, 26, 3, 43, 44, 65, 61, 29, 8, 32, 63, 15, 51, 50, 47, 28, 10, 20, 48, 25, 38, 35, 56, 39, 45, 24, 60, 31, 11, 23, 41, 40, 30, 36, 33, 53, 12, 49, 6, 34, 42, 55, 18, 4, 54, 21, 57, 52]
Run 30:
Best OCplx: 2.120787002483328
Best Sequence: [65, 58, 55, 13, 56, 40, 53, 15, 45, 44, 8, 26, 1, 29, 11, 33, 64, 25, 59, 7, 27, 14, 21, 30, 54, 6, 19, 39, 34, 17, 12, 47, 43, 60, 49, 42, 61, 4, 24, 10, 52, 18, 51, 5, 9, 63, 41, 22, 50, 3, 35, 32, 36, 2, 46, 28, 16, 38, 20, 48, 57, 37, 62, 23, 31]

Mean: 2.1429
Min: 1.7776
Max: 2.4857
Std: 0.1837