Run 1:
Best OCplx: 3.6269552757703103
Best Sequence: [21, 17, 25, 8, 61, 10, 46, 2, 36, 49, 4, 28, 15, 44, 11, 47, 34, 59, 53, 27, 9, 30, 54, 58, 31, 48, 57, 5, 37, 32, 40, 43, 6, 35, 45, 23, 1, 19, 24, 60, 39, 16, 7, 56, 14, 18, 3, 22, 29, 26, 20, 41, 55, 42, 13, 33, 52, 50, 51, 12, 38]
Run 2:
Best OCplx: 2.2069935168000434
Best Sequence: [31, 5, 39, 21, 8, 46, 61, 59, 60, 25, 49, 17, 28, 13, 40, 44, 9, 4, 43, 35, 27, 15, 11, 45, 10, 36, 29, 53, 37, 47, 2, 55, 58, 26, 32, 54, 38, 24, 7, 34, 18, 56, 20, 19, 41, 22, 14, 30, 48, 23, 1, 16, 33, 3, 52, 42, 6, 51, 57, 50, 12]
Run 3:
Best OCplx: 4.270181856683843
Best Sequence: [49, 28, 25, 40, 8, 17, 34, 31, 39, 44, 60, 61, 15, 46, 59, 13, 9, 27, 43, 36, 10, 58, 5, 53, 21, 47, 18, 35, 57, 41, 7, 52, 2, 30, 48, 4, 29, 54, 26, 24, 19, 45, 1, 6, 11, 22, 23, 56, 3, 33, 37, 16, 32, 14, 55, 42, 20, 38, 51, 50, 12]
Run 4:
Best OCplx: 3.6414853481773606
Best Sequence: [40, 5, 37, 21, 10, 8, 29, 49, 25, 14, 28, 27, 61, 58, 20, 48, 31, 15, 1, 60, 24, 39, 45, 34, 44, 46, 43, 41, 17, 56, 53, 32, 47, 11, 7, 6, 13, 57, 30, 19, 9, 36, 22, 54, 18, 55, 59, 16, 2, 35, 4, 26, 42, 38, 23, 52, 33, 3, 51, 12, 50]
Run 5:
Best OCplx: 2.181493271725205
Best Sequence: [46, 27, 61, 8, 40, 10, 17, 5, 9, 13, 21, 36, 25, 28, 44, 49, 59, 39, 6, 45, 26, 15, 60, 57, 47, 24, 11, 31, 4, 48, 14, 29, 30, 32, 22, 34, 7, 3, 35, 58, 43, 55, 16, 42, 56, 2, 52, 53, 18, 37, 54, 23, 19, 20, 1, 51, 38, 33, 12, 41, 50]
Run 6:
Best OCplx: 3.5219614267400496
Best Sequence: [13, 31, 4, 28, 15, 44, 8, 60, 10, 17, 21, 27, 39, 25, 43, 61, 49, 29, 5, 9, 40, 57, 47, 59, 54, 46, 35, 30, 36, 45, 55, 22, 11, 58, 16, 7, 53, 24, 14, 23, 26, 48, 18, 34, 37, 1, 2, 19, 41, 6, 20, 56, 32, 38, 42, 33, 3, 52, 51, 50, 12]
Run 7:
Best OCplx: 3.6160618782334777
Best Sequence: [31, 36, 44, 8, 46, 60, 47, 21, 10, 39, 54, 56, 61, 13, 4, 59, 27, 29, 14, 18, 11, 43, 17, 26, 58, 34, 6, 48, 9, 7, 40, 24, 57, 53, 28, 5, 22, 16, 2, 32, 23, 30, 37, 45, 35, 19, 3, 20, 55, 1, 41, 38, 52, 42, 33, 50, 49, 12, 15, 25, 51]
Run 8:
Best OCplx: 3.841112185816625
Best Sequence: [60, 21, 25, 8, 44, 46, 31, 40, 49, 5, 17, 39, 34, 9, 43, 4, 61, 10, 24, 54, 47, 28, 53, 11, 13, 1, 33, 48, 2, 6, 15, 58, 27, 35, 56, 26, 14, 55, 36, 37, 32, 22, 57, 7, 59, 20, 29, 45, 16, 18, 19, 30, 41, 38, 52, 42, 23, 3, 51, 50, 12]
Run 9:
Best OCplx: 3.7958002792576355
Best Sequence: [60, 31, 59, 44, 8, 21, 9, 10, 25, 13, 40, 61, 4, 46, 27, 17, 43, 47, 49, 28, 36, 39, 2, 32, 34, 6, 41, 29, 15, 56, 18, 53, 22, 35, 30, 54, 55, 11, 58, 7, 19, 20, 37, 5, 26, 1, 24, 45, 14, 57, 38, 3, 16, 48, 23, 33, 52, 42, 12, 51, 50]
Run 10:
Best OCplx: 2.8209288820183693
Best Sequence: [8, 17, 25, 46, 10, 21, 27, 60, 34, 44, 47, 15, 9, 13, 28, 31, 56, 40, 54, 36, 5, 4, 61, 48, 16, 39, 58, 2, 49, 53, 59, 11, 1, 29, 30, 26, 43, 57, 35, 24, 45, 7, 22, 6, 14, 23, 19, 55, 41, 32, 37, 38, 33, 52, 20, 12, 51, 3, 42, 50, 18]
Run 11:
Best OCplx: 3.1080451111652048
Best Sequence: [25, 13, 8, 5, 36, 44, 49, 46, 31, 61, 10, 28, 21, 30, 60, 57, 58, 15, 17, 16, 40, 34, 35, 24, 9, 29, 43, 26, 48, 52, 55, 54, 47, 1, 6, 56, 27, 7, 23, 59, 53, 39, 18, 4, 32, 42, 11, 2, 37, 45, 14, 51, 22, 20, 38, 41, 50, 33, 19, 12, 3]
Run 12:
Best OCplx: 2.7492342827785126
Best Sequence: [44, 8, 49, 13, 5, 31, 25, 28, 46, 40, 47, 15, 10, 9, 21, 6, 59, 36, 43, 39, 60, 19, 61, 17, 7, 14, 11, 54, 16, 45, 22, 30, 23, 24, 37, 35, 27, 29, 58, 53, 4, 56, 48, 55, 34, 2, 26, 18, 41, 57, 20, 1, 32, 38, 42, 52, 33, 12, 3, 51, 50]
Run 13:
Best OCplx: 4.37899174206067
Best Sequence: [57, 40, 46, 21, 8, 49, 15, 5, 44, 43, 26, 36, 25, 61, 13, 59, 27, 39, 47, 34, 31, 9, 53, 37, 48, 17, 58, 28, 24, 30, 23, 16, 14, 60, 6, 45, 41, 11, 29, 10, 7, 32, 35, 22, 54, 2, 1, 56, 4, 55, 19, 52, 33, 3, 38, 20, 42, 51, 18, 50, 12]
Run 14:
Best OCplx: 2.5466221780257565
Best Sequence: [15, 17, 8, 46, 25, 10, 40, 21, 9, 14, 29, 58, 43, 28, 41, 31, 5, 47, 44, 60, 1, 49, 34, 36, 4, 39, 16, 48, 30, 54, 45, 53, 32, 13, 7, 11, 59, 2, 22, 18, 27, 24, 56, 26, 61, 35, 23, 6, 57, 55, 37, 20, 50, 38, 52, 51, 42, 33, 12, 3, 19]
Run 15:
Best OCplx: 4.386483269241907
Best Sequence: [21, 39, 27, 8, 61, 17, 25, 15, 5, 31, 60, 46, 13, 44, 28, 9, 10, 49, 47, 29, 11, 34, 18, 1, 36, 58, 40, 38, 23, 30, 43, 6, 59, 53, 54, 22, 14, 52, 4, 48, 26, 16, 37, 35, 7, 32, 56, 24, 57, 45, 2, 19, 20, 41, 3, 55, 33, 51, 12, 50, 42]
Run 16:
Best OCplx: 4.489926616234877
Best Sequence: [39, 61, 8, 31, 46, 44, 25, 17, 59, 49, 36, 9, 10, 28, 5, 40, 18, 27, 13, 43, 29, 21, 47, 15, 58, 37, 19, 41, 11, 6, 24, 45, 4, 53, 30, 56, 7, 60, 16, 23, 2, 54, 14, 57, 48, 32, 55, 20, 26, 1, 22, 42, 52, 33, 35, 3, 38, 34, 50, 51, 12]
Run 17:
Best OCplx: 3.282700516041174
Best Sequence: [21, 44, 46, 8, 25, 31, 11, 47, 22, 61, 27, 39, 1, 17, 49, 35, 36, 6, 28, 7, 5, 58, 10, 30, 60, 34, 48, 2, 24, 13, 29, 26, 56, 37, 40, 9, 23, 57, 54, 41, 43, 14, 15, 59, 53, 45, 4, 18, 16, 20, 19, 55, 38, 32, 52, 42, 3, 50, 33, 51, 12]
Run 18:
Best OCplx: 3.3759638725516754
Best Sequence: [13, 36, 34, 17, 27, 8, 21, 40, 16, 46, 25, 9, 60, 49, 5, 15, 28, 58, 10, 4, 48, 59, 44, 57, 47, 61, 54, 45, 31, 32, 11, 37, 29, 24, 41, 30, 53, 18, 39, 2, 43, 7, 6, 1, 56, 20, 19, 52, 26, 14, 55, 35, 42, 23, 50, 22, 3, 38, 33, 51, 12]
Run 19:
Best OCplx: 4.263106787296718
Best Sequence: [27, 46, 15, 17, 31, 25, 10, 8, 61, 59, 21, 43, 39, 28, 36, 9, 49, 34, 60, 7, 30, 4, 40, 29, 23, 45, 53, 44, 58, 32, 54, 19, 47, 57, 35, 11, 5, 1, 41, 16, 42, 56, 6, 37, 48, 3, 14, 24, 18, 26, 22, 33, 55, 20, 2, 38, 52, 13, 51, 50, 12]
Run 20:
Best OCplx: 4.127908916405779
Best Sequence: [53, 9, 8, 60, 44, 17, 21, 10, 25, 5, 28, 49, 27, 31, 61, 39, 15, 59, 46, 36, 43, 40, 22, 13, 47, 7, 58, 48, 32, 34, 18, 4, 14, 24, 56, 19, 41, 38, 6, 30, 29, 54, 35, 11, 16, 3, 2, 45, 55, 57, 37, 20, 26, 33, 1, 52, 23, 50, 12, 51, 42]
Run 21:
Best OCplx: 4.852512686447131
Best Sequence: [21, 10, 5, 28, 44, 8, 25, 31, 17, 61, 36, 59, 27, 39, 40, 7, 15, 37, 20, 60, 58, 47, 34, 11, 53, 49, 35, 46, 12, 9, 13, 41, 14, 43, 4, 18, 48, 54, 26, 57, 55, 29, 1, 22, 19, 23, 24, 45, 56, 32, 6, 16, 30, 42, 2, 3, 38, 52, 33, 51, 50]
Run 22:
Best OCplx: 3.247329036115567
Best Sequence: [44, 10, 17, 28, 61, 8, 58, 27, 5, 21, 26, 46, 31, 30, 54, 25, 19, 48, 4, 39, 29, 45, 43, 35, 56, 14, 60, 6, 16, 59, 40, 47, 37, 13, 22, 1, 32, 9, 34, 23, 2, 24, 11, 7, 55, 53, 36, 51, 33, 18, 3, 38, 42, 20, 41, 52, 50, 15, 57, 49, 12]
Run 23:
Best OCplx: 3.0151774368074413
Best Sequence: [8, 5, 15, 25, 44, 17, 21, 61, 34, 13, 40, 29, 2, 28, 45, 46, 60, 39, 59, 57, 24, 31, 58, 14, 4, 35, 16, 30, 36, 11, 23, 54, 7, 41, 9, 10, 43, 49, 56, 18, 32, 48, 19, 27, 53, 20, 26, 37, 47, 50, 6, 22, 1, 55, 33, 51, 42, 38, 52, 12, 3]
Run 24:
Best OCplx: 3.6954625976540543
Best Sequence: [25, 5, 8, 40, 44, 28, 61, 46, 27, 10, 21, 47, 49, 53, 13, 15, 34, 36, 57, 55, 43, 60, 11, 4, 56, 14, 59, 17, 24, 39, 6, 29, 48, 26, 9, 31, 22, 58, 41, 45, 54, 23, 16, 37, 1, 32, 35, 3, 7, 42, 2, 38, 12, 52, 18, 33, 30, 20, 51, 19, 50]
Run 25:
Best OCplx: 5.538075474714638
Best Sequence: [39, 21, 25, 5, 11, 46, 10, 31, 60, 8, 45, 58, 53, 44, 15, 6, 61, 30, 9, 36, 59, 13, 18, 40, 49, 47, 41, 34, 17, 29, 27, 28, 56, 2, 48, 43, 37, 16, 7, 32, 22, 4, 54, 1, 42, 3, 57, 19, 33, 14, 24, 35, 55, 26, 52, 23, 12, 38, 20, 50, 51]
Run 26:
Best OCplx: 2.330454943947444
Best Sequence: [5, 8, 13, 31, 46, 21, 28, 17, 58, 49, 59, 25, 14, 11, 34, 47, 39, 15, 45, 18, 27, 16, 10, 55, 29, 6, 61, 7, 60, 24, 48, 35, 4, 2, 57, 43, 44, 9, 1, 22, 26, 32, 54, 36, 56, 23, 53, 19, 30, 37, 20, 40, 38, 41, 42, 52, 50, 51, 33, 3, 12]
Run 27:
Best OCplx: 4.405156535019129
Best Sequence: [21, 8, 31, 39, 10, 61, 46, 7, 13, 4, 49, 45, 60, 44, 43, 34, 48, 59, 36, 19, 58, 14, 24, 40, 35, 15, 27, 11, 41, 23, 17, 18, 57, 6, 22, 29, 30, 54, 32, 25, 56, 55, 53, 47, 37, 20, 51, 2, 9, 52, 42, 3, 16, 33, 26, 12, 38, 1, 28, 5, 50]
Run 28:
Best OCplx: 3.6943954807347934
Best Sequence: [46, 36, 8, 25, 5, 28, 9, 40, 21, 4, 60, 7, 10, 18, 15, 2, 24, 39, 59, 49, 26, 29, 58, 27, 11, 45, 14, 54, 30, 35, 31, 23, 56, 53, 47, 6, 44, 43, 48, 32, 3, 1, 22, 55, 16, 37, 41, 12, 38, 20, 51, 33, 42, 50, 19, 52, 13, 34, 57, 17, 61]
Run 29:
Best OCplx: 3.1224284604231647
Best Sequence: [8, 21, 43, 36, 9, 53, 28, 58, 25, 39, 59, 27, 10, 40, 46, 31, 49, 44, 5, 17, 11, 34, 61, 60, 14, 13, 29, 18, 22, 35, 15, 1, 2, 16, 23, 4, 24, 32, 26, 45, 7, 20, 41, 30, 47, 55, 48, 56, 57, 38, 19, 54, 6, 3, 37, 52, 33, 42, 50, 51, 12]
Run 30:
Best OCplx: 4.158394057429563
Best Sequence: [44, 27, 21, 33, 17, 8, 26, 25, 58, 15, 10, 36, 9, 34, 49, 46, 40, 47, 31, 28, 57, 13, 41, 43, 39, 5, 61, 11, 59, 56, 23, 60, 14, 6, 7, 32, 16, 3, 24, 35, 53, 22, 48, 2, 45, 18, 19, 30, 1, 54, 20, 55, 29, 42, 4, 37, 38, 51, 52, 12, 50]
