Run 1:
Best OCplx: 0.25712973861329
Best Sequence: [7, 1, 9, 22, 16, 12, 19, 8, 4, 11, 13, 17, 18, 6, 23, 10, 21, 5, 2, 3, 15, 14, 20]
Run 2:
Best OCplx: 0.32141217326661253
Best Sequence: [16, 7, 18, 22, 12, 1, 8, 19, 21, 13, 17, 11, 6, 23, 9, 20, 10, 14, 4, 5, 2, 3, 15]
Run 3:
Best OCplx: 0.32141217326661253
Best Sequence: [21, 11, 1, 12, 19, 7, 17, 9, 10, 13, 20, 18, 5, 4, 8, 22, 6, 16, 23, 2, 3, 14, 15]
Run 4:
Best OCplx: 0.5785419118799026
Best Sequence: [1, 16, 9, 12, 8, 23, 14, 5, 18, 21, 4, 7, 2, 17, 11, 6, 19, 22, 13, 20, 10, 3, 15]
Run 5:
Best OCplx: 0.2892709559399513
Best Sequence: [11, 22, 7, 10, 21, 13, 8, 6, 12, 16, 18, 9, 14, 17, 5, 20, 4, 1, 2, 19, 3, 15, 23]
Run 6:
Best OCplx: 0.4821182598999188
Best Sequence: [11, 16, 8, 12, 1, 10, 19, 23, 13, 14, 18, 5, 9, 4, 17, 20, 7, 2, 21, 6, 3, 15, 22]
Run 7:
Best OCplx: 0.6106831292065638
Best Sequence: [22, 8, 13, 6, 9, 17, 19, 23, 11, 12, 1, 16, 14, 10, 21, 5, 20, 4, 7, 18, 15, 2, 3]
Run 8:
Best OCplx: 0.44997704257325755
Best Sequence: [11, 10, 17, 22, 8, 23, 19, 12, 1, 13, 16, 5, 18, 14, 21, 20, 4, 9, 7, 6, 2, 3, 15]
Run 9:
Best OCplx: 0.38569460791993504
Best Sequence: [23, 13, 7, 1, 11, 8, 21, 16, 12, 18, 10, 22, 14, 9, 5, 17, 6, 19, 20, 4, 2, 3, 15]
Run 10:
Best OCplx: 0.4178358252465963
Best Sequence: [13, 11, 18, 17, 1, 23, 21, 16, 19, 20, 12, 7, 8, 9, 6, 22, 4, 14, 10, 5, 2, 3, 15]
Run 11:
Best OCplx: 0.48211825989991874
Best Sequence: [1, 7, 8, 5, 12, 13, 6, 9, 11, 16, 17, 19, 22, 21, 4, 2, 18, 20, 10, 3, 23, 14, 15]
Run 12:
Best OCplx: 0.5785419118799026
Best Sequence: [8, 1, 13, 6, 19, 7, 23, 9, 11, 20, 22, 12, 4, 17, 16, 10, 14, 5, 2, 21, 3, 15, 18]
Run 13:
Best OCplx: 0.3535533905932738
Best Sequence: [6, 19, 21, 13, 1, 9, 7, 11, 23, 17, 22, 8, 10, 5, 16, 12, 20, 4, 18, 2, 3, 15, 14]
Run 14:
Best OCplx: 0.2892709559399513
Best Sequence: [21, 17, 13, 23, 1, 11, 22, 8, 19, 6, 10, 7, 5, 16, 20, 18, 9, 12, 4, 14, 2, 3, 15]
Run 15:
Best OCplx: 0.22498852128662877
Best Sequence: [8, 13, 9, 12, 16, 22, 11, 10, 5, 7, 21, 23, 17, 4, 18, 6, 19, 1, 2, 3, 20, 15, 14]
Run 16:
Best OCplx: 0.32141217326661253
Best Sequence: [11, 8, 21, 9, 1, 13, 20, 7, 10, 17, 12, 22, 5, 16, 19, 4, 23, 6, 2, 18, 3, 15, 14]
Run 17:
Best OCplx: 0.5785419118799026
Best Sequence: [9, 6, 21, 1, 19, 8, 13, 16, 11, 17, 22, 20, 7, 12, 23, 14, 10, 5, 4, 18, 15, 2, 3]
Run 18:
Best OCplx: 0.38569460791993504
Best Sequence: [22, 19, 9, 6, 7, 16, 13, 5, 8, 12, 1, 21, 11, 17, 23, 18, 4, 2, 20, 3, 10, 15, 14]
Run 19:
Best OCplx: 0.5464006945532414
Best Sequence: [5, 17, 18, 19, 21, 16, 11, 10, 12, 13, 9, 8, 1, 4, 7, 23, 20, 2, 6, 3, 22, 14, 15]
Run 20:
Best OCplx: 0.38569460791993504
Best Sequence: [17, 22, 8, 1, 21, 18, 7, 23, 16, 6, 12, 11, 10, 20, 9, 14, 19, 4, 13, 5, 2, 3, 15]
Run 21:
Best OCplx: 0.38569460791993504
Best Sequence: [22, 11, 12, 9, 13, 10, 16, 5, 17, 8, 6, 7, 21, 1, 14, 18, 4, 23, 2, 20, 3, 15, 19]
Run 22:
Best OCplx: 0.3535533905932738
Best Sequence: [19, 1, 11, 8, 6, 16, 21, 23, 7, 14, 10, 5, 13, 12, 9, 17, 22, 4, 18, 2, 3, 20, 15]
Run 23:
Best OCplx: 0.35355339059327373
Best Sequence: [8, 9, 22, 21, 6, 16, 1, 12, 19, 7, 11, 13, 5, 17, 18, 4, 20, 10, 2, 23, 3, 15, 14]
Run 24:
Best OCplx: 0.4178358252465963
Best Sequence: [7, 1, 19, 8, 16, 12, 11, 17, 22, 18, 10, 6, 5, 20, 14, 9, 23, 4, 2, 21, 3, 15, 13]
Run 25:
Best OCplx: 0.25712973861329
Best Sequence: [11, 10, 13, 17, 8, 23, 12, 21, 19, 16, 7, 1, 9, 22, 18, 5, 4, 20, 2, 6, 3, 14, 15]
Run 26:
Best OCplx: 0.2892709559399513
Best Sequence: [13, 17, 9, 1, 19, 11, 12, 8, 10, 5, 16, 6, 23, 18, 4, 20, 2, 7, 3, 22, 15, 21, 14]
Run 27:
Best OCplx: 0.4821182598999188
Best Sequence: [18, 6, 11, 8, 12, 22, 16, 17, 23, 10, 14, 1, 9, 7, 5, 13, 19, 21, 4, 2, 3, 20, 15]
Run 28:
Best OCplx: 0.5568322976387092
Best Sequence: [13, 10, 21, 5, 7, 1, 9, 8, 18, 6, 12, 17, 20, 23, 22, 19, 16, 4, 14, 11, 2, 3, 15]
Run 29:
Best OCplx: 0.38569460791993504
Best Sequence: [11, 22, 9, 23, 12, 18, 10, 21, 5, 13, 17, 6, 19, 8, 20, 1, 7, 16, 4, 14, 2, 3, 15]
Run 30:
Best OCplx: 0.39612621100540296
Best Sequence: [8, 12, 10, 21, 7, 17, 6, 19, 13, 22, 18, 1, 5, 16, 11, 9, 23, 4, 20, 2, 3, 14, 15]

Mean: 0.4046
Min: 0.2250
Max: 0.6107
Std: 0.1069