Run 1:
Best OCplx: 0.10828334268032405
Best Sequence: [19, 7, 11, 9, 10, 13, 8, 21, 17, 23, 22, 6, 18, 20, 1, 16, 12, 4, 5, 2, 3, 15, 14]
Run 2:
Best OCplx: 0.10828334268032405
Best Sequence: [12, 8, 1, 16, 9, 13, 21, 7, 22, 19, 17, 23, 18, 20, 11, 6, 10, 5, 4, 2, 3, 15, 14]
Run 3:
Best OCplx: 0.10828334268032405
Best Sequence: [19, 1, 7, 21, 16, 8, 11, 12, 9, 6, 13, 17, 23, 22, 18, 10, 4, 5, 20, 2, 3, 15, 14]
Run 4:
Best OCplx: 0.10828334268032405
Best Sequence: [21, 12, 8, 19, 22, 16, 1, 6, 7, 9, 11, 17, 23, 18, 20, 10, 5, 13, 4, 2, 3, 15, 14]
Run 5:
Best OCplx: 0.10828334268032405
Best Sequence: [11, 1, 8, 12, 6, 21, 7, 13, 9, 4, 22, 19, 10, 17, 5, 23, 18, 2, 20, 16, 3, 15, 14]
Run 6:
Best OCplx: 0.10828334268032405
Best Sequence: [8, 7, 22, 9, 21, 6, 1, 19, 16, 17, 23, 18, 12, 13, 20, 11, 10, 5, 4, 2, 3, 15, 14]
Run 7:
Best OCplx: 0.10828334268032405
Best Sequence: [16, 19, 21, 9, 7, 17, 23, 1, 22, 13, 18, 8, 11, 12, 6, 20, 10, 5, 4, 2, 3, 15, 14]
Run 8:
Best OCplx: 0.10828334268032405
Best Sequence: [7, 21, 19, 9, 16, 1, 17, 8, 13, 23, 11, 22, 12, 18, 20, 6, 10, 5, 4, 2, 3, 15, 14]
Run 9:
Best OCplx: 0.10828334268032405
Best Sequence: [13, 1, 11, 8, 16, 21, 17, 7, 10, 9, 5, 6, 23, 22, 19, 18, 12, 4, 2, 3, 15, 20, 14]
Run 10:
Best OCplx: 0.10828334268032405
Best Sequence: [1, 21, 19, 22, 7, 11, 16, 13, 8, 6, 17, 9, 23, 18, 20, 12, 10, 5, 4, 2, 3, 15, 14]
Run 11:
Best OCplx: 0.10828334268032405
Best Sequence: [7, 13, 19, 9, 22, 16, 11, 8, 6, 21, 1, 17, 10, 23, 18, 12, 5, 4, 2, 20, 3, 15, 14]
Run 12:
Best OCplx: 0.10828334268032405
Best Sequence: [19, 16, 13, 8, 7, 1, 22, 9, 21, 17, 23, 6, 12, 18, 20, 11, 4, 10, 5, 2, 3, 15, 14]
Run 13:
Best OCplx: 0.10828334268032405
Best Sequence: [8, 19, 9, 16, 1, 21, 12, 6, 7, 11, 10, 17, 23, 13, 4, 22, 18, 5, 2, 3, 15, 14, 20]
Run 14:
Best OCplx: 0.10828334268032405
Best Sequence: [13, 1, 12, 16, 22, 21, 8, 11, 6, 17, 23, 9, 10, 7, 18, 19, 20, 5, 4, 2, 3, 15, 14]
Run 15:
Best OCplx: 0.10828334268032405
Best Sequence: [9, 22, 8, 7, 19, 16, 1, 13, 6, 11, 21, 17, 23, 10, 18, 20, 5, 12, 4, 2, 3, 15, 14]
Run 16:
Best OCplx: 0.10828334268032405
Best Sequence: [12, 8, 22, 1, 9, 16, 19, 6, 7, 21, 17, 23, 18, 13, 20, 11, 4, 10, 5, 2, 3, 15, 14]
Run 17:
Best OCplx: 0.10828334268032405
Best Sequence: [11, 7, 19, 9, 21, 13, 22, 10, 8, 16, 5, 17, 12, 6, 23, 18, 1, 4, 20, 2, 3, 15, 14]
Run 18:
Best OCplx: 0.13535417835040506
Best Sequence: [8, 7, 21, 1, 19, 9, 22, 13, 18, 11, 17, 20, 10, 23, 5, 6, 16, 12, 4, 2, 3, 15, 14]
Run 19:
Best OCplx: 0.10828334268032405
Best Sequence: [16, 22, 1, 11, 8, 6, 9, 21, 13, 10, 12, 7, 19, 4, 17, 23, 18, 20, 5, 2, 3, 15, 14]
Run 20:
Best OCplx: 0.10828334268032405
Best Sequence: [8, 1, 19, 9, 6, 22, 12, 16, 11, 21, 17, 13, 23, 18, 10, 4, 20, 5, 2, 7, 3, 15, 14]
Run 21:
Best OCplx: 0.10828334268032405
Best Sequence: [13, 21, 8, 19, 6, 16, 11, 1, 7, 9, 10, 17, 12, 23, 22, 4, 5, 18, 20, 2, 3, 15, 14]
Run 22:
Best OCplx: 0.10828334268032405
Best Sequence: [19, 13, 22, 11, 10, 5, 1, 7, 16, 21, 9, 8, 17, 6, 23, 18, 12, 20, 4, 2, 3, 15, 14]
Run 23:
Best OCplx: 0.10828334268032405
Best Sequence: [16, 8, 7, 22, 13, 11, 12, 21, 17, 6, 1, 23, 9, 19, 18, 20, 10, 5, 4, 2, 3, 15, 14]
Run 24:
Best OCplx: 0.13535417835040506
Best Sequence: [8, 7, 21, 13, 16, 6, 19, 11, 10, 9, 1, 22, 17, 12, 18, 4, 23, 5, 20, 2, 3, 15, 14]
Run 25:
Best OCplx: 0.10828334268032405
Best Sequence: [16, 7, 21, 1, 17, 19, 22, 23, 9, 18, 12, 4, 11, 20, 10, 8, 5, 13, 6, 2, 3, 15, 14]
Run 26:
Best OCplx: 0.13535417835040506
Best Sequence: [7, 22, 16, 21, 18, 1, 17, 23, 8, 9, 13, 6, 19, 12, 11, 4, 10, 20, 5, 2, 3, 15, 14]
Run 27:
Best OCplx: 0.10828334268032405
Best Sequence: [1, 11, 19, 8, 22, 6, 16, 21, 17, 23, 18, 20, 12, 13, 9, 4, 10, 7, 5, 2, 3, 15, 14]
Run 28:
Best OCplx: 0.10828334268032405
Best Sequence: [16, 21, 8, 22, 7, 1, 11, 9, 6, 13, 10, 19, 17, 12, 4, 23, 18, 5, 2, 3, 15, 14, 20]
Run 29:
Best OCplx: 0.13535417835040506
Best Sequence: [22, 21, 7, 9, 1, 13, 19, 12, 16, 8, 11, 6, 17, 18, 23, 10, 4, 20, 5, 2, 3, 15, 14]
Run 30:
Best OCplx: 0.10828334268032405
Best Sequence: [8, 9, 19, 21, 7, 6, 22, 16, 17, 1, 23, 18, 20, 11, 13, 10, 5, 12, 4, 2, 3, 15, 14]
