Run 1:
Best OCplx: 8.414147361198856
Best Sequence: [18, 17, 33, 31, 20, 15, 1, 13, 9, 12, 28, 8, 10, 40, 6, 36, 7, 42, 44, 29, 25, 5, 43, 11, 39, 16, 37, 19, 38, 41, 22, 14, 34, 32, 21, 2, 26, 4, 30, 23, 24, 45, 3, 27, 35]
Run 2:
Best OCplx: 7.671810085302848
Best Sequence: [18, 10, 22, 17, 44, 31, 11, 43, 5, 14, 1, 20, 33, 8, 16, 19, 12, 42, 13, 29, 39, 28, 36, 15, 38, 7, 21, 9, 37, 41, 32, 40, 4, 25, 6, 34, 2, 30, 3, 26, 35, 23, 45, 27, 24]
Run 3:
Best OCplx: 7.858161009135383
Best Sequence: [20, 33, 42, 8, 14, 38, 34, 11, 36, 25, 7, 43, 13, 9, 15, 17, 31, 12, 5, 28, 19, 22, 10, 21, 16, 1, 37, 44, 29, 41, 18, 6, 39, 32, 26, 4, 2, 35, 30, 40, 24, 23, 3, 27, 45]
Run 4:
Best OCplx: 8.568429637154471
Best Sequence: [29, 20, 9, 15, 32, 12, 11, 18, 25, 5, 14, 42, 41, 17, 16, 22, 13, 21, 40, 8, 38, 10, 31, 34, 39, 44, 43, 19, 1, 4, 28, 33, 7, 37, 26, 2, 27, 3, 36, 35, 6, 30, 24, 23, 45]
Run 5:
Best OCplx: 8.902698868204274
Best Sequence: [20, 18, 14, 27, 43, 11, 29, 39, 7, 42, 13, 5, 25, 10, 19, 17, 28, 9, 36, 6, 12, 31, 22, 37, 40, 1, 41, 8, 21, 44, 16, 34, 15, 26, 30, 4, 33, 32, 38, 2, 3, 35, 45, 23, 24]
Run 6:
Best OCplx: 9.048786843804272
Best Sequence: [36, 9, 8, 11, 20, 12, 43, 18, 25, 37, 42, 13, 41, 16, 7, 28, 44, 1, 19, 32, 31, 34, 6, 22, 38, 15, 33, 21, 40, 5, 3, 17, 39, 10, 4, 29, 14, 26, 27, 2, 30, 35, 45, 23, 24]
Run 7:
Best OCplx: 8.954950841079329
Best Sequence: [18, 28, 14, 16, 20, 5, 44, 11, 22, 4, 7, 17, 33, 12, 21, 19, 36, 29, 13, 1, 39, 10, 9, 37, 43, 42, 31, 26, 38, 34, 25, 6, 8, 15, 32, 2, 40, 30, 3, 27, 35, 24, 45, 23, 41]
Run 8:
Best OCplx: 8.694277583033635
Best Sequence: [42, 18, 22, 19, 11, 25, 14, 29, 43, 20, 12, 31, 30, 37, 9, 21, 36, 7, 38, 8, 39, 16, 33, 15, 5, 13, 10, 41, 6, 44, 1, 4, 28, 34, 17, 3, 32, 40, 26, 2, 27, 35, 45, 23, 24]
Run 9:
Best OCplx: 7.937639064573597
Best Sequence: [43, 18, 11, 5, 22, 25, 8, 17, 10, 20, 15, 16, 31, 19, 36, 41, 9, 38, 13, 12, 42, 33, 39, 14, 28, 1, 34, 29, 21, 7, 26, 44, 30, 4, 6, 37, 32, 40, 3, 2, 45, 23, 27, 24, 35]
Run 10:
Best OCplx: 8.005625149913238
Best Sequence: [18, 12, 16, 42, 31, 10, 5, 1, 29, 9, 20, 44, 25, 11, 41, 22, 14, 8, 19, 17, 38, 43, 36, 32, 7, 13, 15, 39, 21, 37, 28, 6, 40, 26, 4, 34, 2, 30, 35, 27, 33, 23, 45, 3, 24]
Run 11:
Best OCplx: 7.32308949899704
Best Sequence: [18, 41, 40, 25, 39, 10, 16, 31, 20, 14, 33, 17, 22, 36, 12, 15, 8, 43, 1, 11, 19, 6, 13, 9, 38, 7, 42, 5, 21, 28, 44, 37, 34, 32, 4, 29, 2, 26, 27, 30, 45, 3, 35, 24, 23]
Run 12:
Best OCplx: 7.8033304077168495
Best Sequence: [41, 31, 20, 43, 15, 18, 36, 14, 33, 28, 19, 37, 1, 10, 44, 29, 6, 38, 12, 11, 25, 13, 21, 7, 42, 17, 39, 16, 32, 22, 5, 40, 34, 2, 27, 4, 8, 9, 26, 30, 35, 3, 45, 23, 24]
Run 13:
Best OCplx: 8.818169909098799
Best Sequence: [14, 31, 12, 20, 43, 18, 36, 9, 10, 37, 17, 28, 15, 1, 40, 44, 39, 29, 25, 8, 11, 13, 42, 26, 16, 5, 32, 41, 22, 21, 6, 4, 19, 7, 33, 38, 34, 30, 3, 27, 35, 24, 2, 23, 45]
Run 14:
Best OCplx: 8.635259897371489
Best Sequence: [9, 18, 17, 44, 14, 36, 8, 41, 10, 20, 11, 28, 31, 1, 33, 15, 5, 29, 25, 19, 42, 43, 30, 12, 7, 13, 40, 38, 34, 37, 22, 16, 6, 4, 39, 27, 32, 45, 3, 2, 21, 26, 23, 35, 24]
Run 15:
Best OCplx: 8.840516274789051
Best Sequence: [18, 25, 41, 12, 43, 11, 37, 42, 17, 29, 14, 1, 13, 22, 20, 8, 31, 28, 10, 7, 9, 19, 36, 21, 16, 32, 26, 15, 38, 44, 39, 5, 6, 33, 3, 40, 27, 34, 4, 2, 30, 35, 24, 23, 45]
Run 16:
Best OCplx: 9.462757131632667
Best Sequence: [11, 18, 31, 21, 17, 1, 22, 4, 42, 20, 36, 37, 15, 13, 43, 12, 39, 14, 16, 34, 41, 25, 9, 38, 10, 7, 19, 5, 28, 29, 44, 8, 33, 30, 26, 32, 40, 6, 2, 3, 27, 35, 45, 24, 23]
Run 17:
Best OCplx: 8.70549420095703
Best Sequence: [15, 5, 44, 39, 20, 13, 42, 11, 28, 12, 25, 22, 16, 43, 8, 37, 36, 17, 1, 7, 9, 33, 21, 19, 14, 38, 31, 29, 6, 34, 41, 10, 18, 4, 32, 26, 2, 35, 27, 40, 30, 45, 23, 24, 3]
Run 18:
Best OCplx: 8.906358858917162
Best Sequence: [42, 10, 31, 17, 15, 16, 1, 43, 5, 36, 8, 7, 22, 13, 9, 20, 19, 14, 25, 11, 37, 39, 38, 44, 6, 33, 28, 12, 41, 4, 34, 32, 21, 2, 26, 29, 35, 27, 18, 30, 40, 24, 45, 23, 3]
Run 19:
Best OCplx: 9.472719360458365
Best Sequence: [20, 8, 19, 29, 41, 34, 1, 16, 7, 17, 15, 22, 3, 9, 10, 33, 42, 44, 40, 12, 18, 43, 38, 13, 39, 31, 14, 37, 11, 6, 36, 5, 32, 25, 2, 26, 27, 4, 28, 30, 21, 35, 45, 24, 23]
Run 20:
Best OCplx: 8.57548531194271
Best Sequence: [20, 18, 19, 8, 12, 38, 22, 31, 14, 11, 30, 9, 13, 10, 43, 25, 36, 16, 41, 34, 37, 1, 28, 5, 17, 15, 39, 44, 7, 33, 40, 21, 29, 6, 42, 32, 26, 3, 27, 4, 2, 35, 45, 23, 24]
Run 21:
Best OCplx: 8.81622442880119
Best Sequence: [30, 20, 18, 22, 14, 19, 39, 1, 11, 16, 10, 25, 9, 43, 42, 38, 36, 7, 5, 17, 8, 29, 31, 41, 28, 34, 3, 13, 37, 6, 40, 33, 21, 44, 26, 15, 32, 4, 12, 2, 27, 35, 24, 23, 45]
Run 22:
Best OCplx: 9.238359870624635
Best Sequence: [18, 34, 41, 33, 9, 36, 1, 7, 22, 37, 20, 42, 10, 16, 14, 5, 43, 8, 12, 13, 17, 28, 38, 21, 15, 39, 25, 29, 19, 31, 30, 44, 6, 32, 40, 4, 3, 2, 35, 11, 26, 27, 45, 23, 24]
Run 23:
Best OCplx: 9.386858919122025
Best Sequence: [15, 20, 11, 10, 3, 18, 29, 31, 12, 28, 42, 8, 14, 25, 17, 21, 1, 19, 13, 36, 40, 43, 44, 37, 9, 2, 41, 5, 4, 33, 34, 26, 39, 16, 6, 38, 22, 30, 32, 7, 27, 35, 45, 24, 23]
Run 24:
Best OCplx: 8.98970293676374
Best Sequence: [42, 1, 20, 31, 34, 28, 44, 14, 40, 15, 29, 36, 13, 43, 41, 9, 8, 16, 11, 5, 10, 25, 22, 7, 17, 6, 39, 33, 38, 4, 12, 19, 21, 37, 18, 32, 2, 26, 30, 35, 24, 27, 3, 45, 23]
Run 25:
Best OCplx: 8.013288573802784
Best Sequence: [18, 43, 25, 41, 20, 1, 42, 38, 9, 13, 11, 12, 8, 10, 19, 28, 14, 15, 29, 6, 5, 31, 36, 44, 17, 37, 16, 33, 21, 22, 39, 4, 40, 34, 2, 32, 30, 45, 3, 7, 24, 35, 23, 26, 27]
Run 26:
Best OCplx: 9.089068580494303
Best Sequence: [18, 11, 9, 17, 16, 28, 10, 44, 37, 19, 22, 8, 15, 13, 43, 14, 25, 36, 1, 34, 41, 12, 20, 33, 42, 5, 31, 39, 26, 40, 38, 29, 21, 7, 30, 4, 32, 6, 2, 27, 3, 45, 35, 23, 24]
Run 27:
Best OCplx: 8.979392998139767
Best Sequence: [20, 13, 19, 44, 43, 14, 11, 22, 31, 37, 42, 7, 1, 41, 25, 8, 12, 36, 33, 17, 32, 9, 10, 16, 15, 5, 28, 38, 39, 26, 40, 21, 6, 30, 34, 29, 18, 4, 2, 35, 27, 23, 24, 3, 45]
Run 28:
Best OCplx: 8.583955390106983
Best Sequence: [41, 18, 20, 11, 40, 7, 10, 33, 29, 37, 34, 25, 44, 8, 9, 13, 17, 1, 43, 14, 5, 39, 31, 36, 16, 32, 38, 26, 22, 15, 19, 42, 12, 28, 30, 21, 4, 3, 27, 2, 6, 35, 45, 23, 24]
Run 29:
Best OCplx: 8.604435394779973
Best Sequence: [8, 19, 12, 17, 18, 11, 43, 20, 38, 41, 14, 40, 16, 1, 36, 33, 34, 5, 31, 42, 15, 22, 37, 10, 9, 6, 28, 39, 7, 26, 44, 21, 13, 3, 25, 29, 30, 4, 32, 2, 27, 45, 35, 23, 24]
Run 30:
Best OCplx: 8.938514228445074
Best Sequence: [18, 40, 17, 20, 31, 21, 41, 44, 1, 38, 25, 14, 42, 39, 36, 29, 10, 13, 11, 22, 43, 33, 15, 5, 19, 12, 7, 9, 16, 28, 6, 8, 34, 37, 32, 4, 2, 26, 3, 35, 30, 27, 24, 45, 23]
Learning Rate: 1e-05
Epsilon: 0.1
Gamma: 0.99
Reward Version: v2.1
if_EWM: False
