Run 1:
Best OCplx: 2.2990191679939382
Best Sequence: [21, 17, 4, 6, 20, 19, 7, 18, 16, 5, 2, 3, 8, 9, 10, 13, 14, 1, 12, 11, 15]
Run 2:
Best OCplx: 2.5368087224391864
Best Sequence: [16, 5, 20, 17, 19, 7, 8, 2, 4, 18, 1, 3, 6, 21, 9, 10, 15, 12, 14, 11, 13]
Run 3:
Best OCplx: 2.4098392345685804
Best Sequence: [19, 20, 17, 16, 4, 2, 18, 3, 7, 5, 6, 21, 1, 8, 9, 10, 13, 11, 15, 12, 14]
Run 4:
Best OCplx: 2.5665105432303976
Best Sequence: [2, 20, 18, 21, 6, 17, 3, 19, 7, 1, 5, 8, 4, 16, 9, 10, 13, 11, 14, 12, 15]
Run 5:
Best OCplx: 2.3566260779798647
Best Sequence: [17, 20, 21, 18, 2, 3, 4, 5, 16, 7, 6, 1, 19, 8, 9, 10, 11, 13, 15, 12, 14]
Run 6:
Best OCplx: 2.4098392345685804
Best Sequence: [17, 21, 5, 16, 20, 4, 2, 1, 19, 8, 6, 9, 10, 18, 12, 14, 7, 15, 11, 3, 13]
Run 7:
Best OCplx: 2.4718398979517184
Best Sequence: [21, 20, 19, 17, 1, 2, 4, 18, 7, 6, 3, 16, 5, 8, 9, 10, 13, 12, 14, 15, 11]
Run 8:
Best OCplx: 2.2990191679939382
Best Sequence: [20, 17, 5, 7, 19, 16, 1, 2, 6, 4, 3, 18, 21, 8, 9, 10, 12, 14, 15, 11, 13]
Run 9:
Best OCplx: 2.3566260779798647
Best Sequence: [2, 20, 18, 21, 3, 17, 5, 7, 16, 4, 8, 6, 9, 10, 19, 1, 15, 12, 11, 13, 14]
Run 10:
Best OCplx: 2.601776087398367
Best Sequence: [17, 2, 20, 18, 21, 4, 3, 19, 6, 5, 7, 16, 1, 9, 8, 10, 14, 15, 12, 11, 13]
Run 11:
Best OCplx: 2.3566260779798647
Best Sequence: [20, 6, 17, 4, 18, 2, 3, 19, 16, 21, 1, 7, 5, 8, 9, 10, 11, 15, 14, 12, 13]
Run 12:
Best OCplx: 2.2990191679939382
Best Sequence: [17, 21, 20, 18, 16, 5, 2, 4, 19, 7, 6, 3, 1, 8, 9, 10, 14, 13, 11, 12, 15]
Run 13:
Best OCplx: 2.3566260779798647
Best Sequence: [20, 17, 2, 18, 7, 16, 4, 1, 3, 19, 21, 5, 6, 8, 9, 10, 15, 14, 13, 12, 11]
Run 14:
Best OCplx: 2.204348522715259
Best Sequence: [16, 20, 21, 6, 17, 19, 5, 7, 2, 4, 1, 3, 18, 8, 9, 10, 13, 15, 11, 14, 12]
Run 15:
Best OCplx: 2.204348522715259
Best Sequence: [16, 17, 6, 20, 21, 4, 2, 3, 5, 19, 7, 18, 1, 8, 9, 10, 14, 12, 11, 13, 15]
Run 16:
Best OCplx: 2.204348522715259
Best Sequence: [20, 21, 19, 16, 17, 6, 7, 2, 3, 18, 5, 1, 4, 8, 9, 10, 15, 13, 11, 14, 12]
Run 17:
Best OCplx: 2.353468458974594
Best Sequence: [20, 16, 19, 17, 3, 6, 1, 8, 21, 9, 2, 18, 7, 5, 4, 10, 15, 13, 11, 12, 14]
Run 18:
Best OCplx: 2.4259886558645434
Best Sequence: [16, 4, 20, 2, 17, 19, 7, 18, 1, 5, 3, 21, 6, 8, 9, 10, 14, 13, 11, 12, 15]
Run 19:
Best OCplx: 2.3566260779798647
Best Sequence: [17, 4, 20, 2, 6, 16, 18, 3, 7, 1, 19, 21, 5, 8, 9, 10, 13, 15, 12, 14, 11]
Run 20:
Best OCplx: 2.204348522715259
Best Sequence: [20, 16, 21, 1, 18, 2, 7, 19, 3, 17, 5, 6, 4, 8, 9, 10, 13, 14, 12, 15, 11]
Run 21:
Best OCplx: 2.315168589289901
Best Sequence: [19, 20, 16, 7, 18, 2, 21, 3, 17, 4, 6, 1, 5, 8, 9, 10, 15, 13, 11, 12, 14]
Run 22:
Best OCplx: 2.4098392345685804
Best Sequence: [17, 4, 19, 16, 20, 21, 6, 2, 8, 9, 5, 10, 1, 7, 3, 12, 11, 18, 13, 15, 14]
Run 23:
Best OCplx: 2.204348522715259
Best Sequence: [16, 17, 20, 6, 2, 1, 7, 19, 4, 18, 3, 21, 5, 8, 9, 10, 11, 12, 13, 15, 14]
Run 24:
Best OCplx: 2.353468458974594
Best Sequence: [20, 7, 16, 17, 18, 1, 19, 3, 6, 5, 4, 2, 21, 8, 9, 10, 12, 13, 11, 14, 15]
Run 25:
Best OCplx: 2.4494985321337612
Best Sequence: [20, 19, 7, 16, 18, 21, 2, 17, 1, 3, 5, 6, 4, 9, 8, 10, 14, 15, 12, 13, 11]
Run 26:
Best OCplx: 2.4718398979517184
Best Sequence: [20, 1, 6, 2, 21, 3, 17, 16, 18, 4, 19, 7, 8, 5, 9, 10, 12, 14, 11, 15, 13]
Run 27:
Best OCplx: 2.4259886558645434
Best Sequence: [16, 20, 21, 6, 8, 19, 2, 4, 17, 1, 18, 3, 7, 5, 9, 10, 12, 14, 15, 11, 13]
Run 28:
Best OCplx: 2.448139104253273
Best Sequence: [17, 20, 18, 16, 6, 4, 3, 1, 5, 7, 21, 2, 19, 8, 9, 10, 14, 13, 15, 11, 12]
Run 29:
Best OCplx: 2.204348522715259
Best Sequence: [20, 6, 18, 19, 16, 21, 2, 17, 7, 4, 5, 1, 8, 3, 9, 10, 11, 14, 13, 12, 15]
Run 30:
Best OCplx: 2.3727754992758276
Best Sequence: [21, 18, 6, 2, 20, 16, 19, 17, 5, 4, 1, 7, 8, 9, 10, 13, 3, 15, 14, 12, 11]
