Run 1:
Best OCplx: 4.400877513565431
Best Sequence: [36, 9, 21, 4, 17, 29, 35, 10, 46, 61, 54, 47, 19, 43, 45, 49, 8, 44, 24, 58, 6, 28, 48, 31, 55, 30, 1, 56, 59, 32, 39, 5, 16, 14, 57, 11, 26, 40, 27, 18, 25, 7, 37, 38, 60, 12, 2, 3, 15, 52, 51, 13, 50, 20, 53, 34, 42, 41, 33, 22, 23]
Run 2:
Best OCplx: 4.367158833812603
Best Sequence: [58, 39, 8, 21, 49, 13, 36, 24, 9, 37, 54, 46, 5, 43, 47, 4, 27, 60, 7, 31, 22, 53, 14, 30, 34, 26, 28, 61, 55, 48, 45, 32, 17, 15, 40, 23, 1, 6, 38, 18, 19, 11, 10, 25, 35, 52, 59, 2, 57, 12, 56, 3, 29, 41, 51, 42, 44, 33, 20, 16, 50]
Run 3:
Best OCplx: 3.6641277785838273
Best Sequence: [31, 59, 8, 36, 21, 47, 18, 43, 58, 15, 30, 48, 28, 46, 39, 24, 11, 60, 37, 61, 49, 13, 34, 16, 45, 53, 7, 54, 23, 41, 29, 6, 10, 17, 32, 19, 57, 2, 9, 20, 1, 26, 25, 5, 33, 27, 55, 35, 14, 38, 42, 22, 56, 52, 4, 51, 40, 44, 12, 3, 50]
Run 4:
Best OCplx: 4.571166424353639
Best Sequence: [15, 46, 37, 21, 43, 31, 5, 24, 17, 29, 58, 54, 8, 4, 7, 14, 47, 48, 22, 45, 60, 28, 35, 41, 13, 10, 23, 44, 11, 25, 55, 27, 30, 6, 19, 16, 40, 36, 32, 2, 34, 33, 39, 12, 20, 18, 1, 53, 57, 42, 61, 38, 52, 9, 3, 49, 26, 56, 59, 50, 51]
Run 5:
Best OCplx: 4.586100544082581
Best Sequence: [8, 17, 5, 21, 36, 44, 26, 9, 13, 28, 58, 43, 56, 32, 55, 14, 46, 49, 22, 59, 19, 31, 30, 39, 37, 61, 11, 29, 20, 48, 53, 47, 35, 60, 2, 4, 25, 33, 15, 24, 40, 27, 57, 23, 41, 3, 38, 1, 7, 16, 51, 10, 42, 18, 50, 52, 45, 6, 54, 34, 12]
Run 6:
Best OCplx: 4.363632658384048
Best Sequence: [8, 36, 21, 48, 59, 13, 37, 5, 34, 53, 15, 46, 31, 28, 9, 25, 10, 58, 2, 7, 45, 32, 4, 41, 57, 17, 39, 19, 1, 24, 27, 35, 20, 14, 55, 6, 11, 56, 43, 26, 30, 38, 29, 23, 61, 44, 22, 52, 42, 47, 40, 16, 49, 3, 60, 54, 33, 18, 51, 50, 12]
Run 7:
Best OCplx: 3.5656057418478833
Best Sequence: [13, 10, 8, 43, 21, 46, 57, 61, 17, 58, 27, 28, 26, 44, 1, 31, 9, 48, 47, 40, 22, 19, 16, 36, 41, 53, 24, 60, 2, 39, 49, 32, 6, 20, 7, 29, 25, 5, 11, 55, 54, 34, 33, 59, 4, 30, 37, 18, 56, 15, 35, 45, 51, 23, 3, 14, 52, 50, 42, 12, 38]
Run 8:
Best OCplx: 4.692283552321964
Best Sequence: [5, 9, 21, 8, 58, 29, 14, 48, 32, 44, 7, 35, 49, 57, 61, 15, 20, 53, 25, 39, 11, 31, 36, 41, 40, 17, 46, 47, 10, 24, 19, 45, 59, 37, 50, 1, 28, 22, 55, 60, 38, 30, 34, 33, 56, 13, 3, 52, 23, 43, 26, 54, 42, 51, 6, 2, 4, 18, 16, 27, 12]
Run 9:
Best OCplx: 3.950947951586111
Best Sequence: [8, 21, 18, 46, 27, 61, 31, 60, 37, 25, 44, 47, 58, 9, 41, 32, 4, 53, 54, 45, 29, 23, 35, 40, 6, 39, 13, 22, 19, 55, 10, 36, 14, 57, 26, 56, 15, 24, 30, 43, 28, 17, 11, 49, 2, 7, 48, 20, 34, 38, 51, 42, 33, 16, 52, 59, 5, 12, 3, 1, 50]
Run 10:
Best OCplx: 3.3729172409601906
Best Sequence: [46, 21, 19, 25, 11, 18, 31, 9, 58, 8, 4, 29, 7, 27, 28, 43, 30, 2, 44, 48, 17, 13, 32, 45, 39, 5, 60, 61, 59, 36, 56, 26, 16, 40, 35, 15, 14, 23, 1, 37, 6, 55, 20, 42, 34, 49, 38, 53, 41, 57, 3, 47, 22, 10, 24, 51, 50, 52, 33, 12, 54]
Run 11:
Best OCplx: 3.836237920146898
Best Sequence: [8, 58, 17, 21, 27, 10, 45, 39, 13, 53, 48, 56, 36, 46, 9, 49, 34, 14, 32, 16, 43, 31, 30, 60, 15, 37, 55, 6, 5, 25, 2, 28, 47, 35, 40, 23, 42, 38, 19, 61, 41, 20, 7, 24, 44, 57, 52, 3, 51, 50, 26, 22, 11, 12, 29, 54, 4, 33, 59, 18, 1]
Run 12:
Best OCplx: 3.9720934716113527
Best Sequence: [44, 36, 8, 47, 40, 49, 5, 10, 21, 30, 15, 46, 6, 9, 31, 17, 34, 39, 25, 58, 28, 56, 24, 11, 7, 22, 2, 1, 60, 55, 18, 35, 52, 37, 43, 42, 4, 53, 41, 61, 32, 19, 29, 20, 27, 38, 51, 14, 57, 23, 26, 33, 45, 3, 48, 12, 54, 16, 59, 50, 13]
Run 13:
Best OCplx: 4.691466712603675
Best Sequence: [36, 8, 21, 54, 49, 46, 31, 10, 47, 27, 14, 37, 61, 48, 3, 45, 13, 30, 7, 43, 17, 29, 32, 35, 23, 44, 59, 5, 20, 57, 39, 15, 25, 9, 24, 40, 19, 55, 22, 52, 4, 42, 58, 26, 2, 1, 28, 16, 38, 60, 34, 18, 6, 53, 51, 41, 11, 33, 56, 12, 50]
Run 14:
Best OCplx: 3.7494597624792525
Best Sequence: [21, 2, 11, 56, 46, 13, 5, 45, 31, 43, 8, 27, 48, 58, 41, 28, 34, 60, 44, 59, 19, 17, 35, 49, 1, 32, 61, 9, 36, 37, 7, 6, 40, 25, 39, 54, 10, 4, 55, 57, 15, 26, 20, 53, 29, 23, 24, 38, 42, 52, 18, 14, 33, 16, 30, 51, 47, 12, 50, 22, 3]
Run 15:
Best OCplx: 3.702696025236676
Best Sequence: [60, 40, 5, 10, 21, 47, 17, 4, 37, 8, 61, 6, 48, 28, 44, 46, 23, 7, 25, 49, 34, 36, 31, 43, 24, 56, 16, 35, 58, 2, 32, 54, 14, 29, 13, 55, 1, 50, 45, 9, 42, 39, 38, 30, 53, 41, 20, 19, 52, 26, 12, 33, 22, 15, 57, 59, 3, 51, 18, 27, 11]
Run 16:
Best OCplx: 3.3696909000166966
Best Sequence: [21, 4, 35, 28, 31, 8, 10, 13, 36, 60, 15, 46, 2, 44, 9, 47, 34, 45, 11, 49, 1, 23, 58, 26, 19, 16, 40, 25, 5, 6, 14, 43, 39, 27, 57, 54, 37, 55, 30, 32, 24, 20, 7, 22, 48, 59, 61, 51, 17, 50, 12, 56, 38, 41, 53, 33, 18, 42, 29, 3, 52]
Run 17:
Best OCplx: 5.353511190213758
Best Sequence: [61, 21, 13, 8, 9, 57, 56, 46, 54, 37, 28, 48, 5, 39, 45, 10, 47, 34, 14, 35, 22, 58, 25, 32, 55, 49, 18, 20, 38, 24, 27, 17, 59, 3, 41, 52, 40, 4, 15, 11, 16, 6, 26, 36, 31, 7, 19, 60, 2, 53, 33, 43, 29, 12, 23, 51, 44, 1, 30, 50, 42]
Run 18:
Best OCplx: 4.27509596364516
Best Sequence: [46, 8, 35, 21, 31, 19, 47, 58, 10, 41, 48, 5, 16, 22, 56, 36, 6, 9, 17, 11, 26, 37, 27, 60, 30, 4, 61, 59, 39, 43, 54, 45, 25, 55, 32, 15, 23, 38, 57, 53, 29, 20, 28, 1, 7, 3, 51, 42, 50, 12, 40, 44, 24, 18, 14, 2, 33, 52, 13, 49, 34]
Run 19:
Best OCplx: 4.649487078653225
Best Sequence: [21, 15, 2, 25, 8, 19, 31, 10, 7, 37, 56, 18, 23, 28, 39, 49, 5, 27, 44, 61, 46, 53, 9, 36, 60, 17, 45, 58, 34, 59, 43, 57, 47, 35, 55, 32, 30, 14, 38, 33, 52, 42, 12, 11, 13, 48, 22, 4, 40, 26, 41, 24, 20, 16, 6, 50, 51, 3, 1, 54, 29]
Run 20:
Best OCplx: 4.7729482236296334
Best Sequence: [46, 9, 21, 47, 43, 8, 58, 22, 37, 31, 54, 39, 45, 57, 48, 4, 32, 13, 61, 26, 14, 11, 35, 2, 25, 49, 28, 41, 60, 10, 29, 5, 40, 55, 42, 56, 18, 34, 59, 44, 30, 1, 36, 24, 19, 17, 53, 27, 20, 12, 3, 23, 7, 38, 50, 6, 16, 33, 51, 15, 52]
Run 21:
Best OCplx: 4.0533178225842255
Best Sequence: [21, 36, 7, 48, 53, 25, 8, 27, 60, 10, 58, 28, 46, 14, 32, 40, 11, 61, 4, 17, 41, 29, 26, 9, 31, 2, 37, 39, 57, 35, 24, 30, 13, 1, 43, 47, 23, 34, 49, 20, 55, 18, 52, 19, 54, 45, 15, 51, 5, 42, 59, 38, 16, 3, 6, 22, 44, 56, 33, 12, 50]
Run 22:
Best OCplx: 3.7553425555598845
Best Sequence: [60, 59, 8, 21, 54, 57, 24, 46, 47, 25, 34, 27, 7, 58, 5, 15, 11, 13, 37, 26, 29, 45, 18, 32, 41, 6, 56, 36, 20, 1, 30, 43, 44, 39, 55, 17, 31, 9, 61, 16, 48, 28, 40, 49, 10, 35, 22, 50, 38, 53, 19, 2, 14, 4, 3, 23, 51, 52, 33, 12, 42]
Run 23:
Best OCplx: 4.055514524381849
Best Sequence: [5, 21, 8, 61, 37, 19, 24, 46, 35, 43, 56, 6, 4, 10, 47, 36, 27, 29, 23, 39, 40, 30, 45, 44, 14, 32, 22, 17, 25, 60, 7, 16, 59, 1, 9, 31, 54, 26, 28, 20, 2, 41, 3, 55, 53, 57, 15, 34, 13, 51, 49, 11, 58, 18, 38, 12, 48, 50, 42, 52, 33]
Run 24:
Best OCplx: 4.749762367892885
Best Sequence: [36, 47, 13, 8, 39, 46, 21, 44, 14, 25, 17, 48, 15, 43, 1, 55, 49, 28, 35, 60, 31, 37, 24, 58, 26, 2, 18, 10, 54, 34, 50, 61, 59, 22, 42, 7, 53, 45, 9, 38, 19, 4, 29, 27, 6, 32, 56, 20, 57, 52, 23, 30, 41, 11, 3, 5, 33, 16, 51, 40, 12]
Run 25:
Best OCplx: 3.880065754392305
Best Sequence: [34, 28, 47, 9, 13, 10, 46, 21, 15, 17, 30, 11, 8, 53, 29, 36, 57, 43, 25, 2, 59, 55, 16, 27, 31, 58, 6, 35, 5, 49, 41, 60, 40, 32, 14, 61, 39, 20, 48, 45, 37, 22, 7, 52, 54, 24, 18, 23, 4, 26, 42, 19, 56, 12, 38, 3, 1, 51, 50, 33, 44]
Run 26:
Best OCplx: 6.680823171739912
Best Sequence: [61, 39, 28, 9, 21, 38, 36, 58, 10, 46, 14, 35, 17, 8, 32, 23, 6, 44, 43, 30, 27, 55, 18, 11, 53, 37, 52, 25, 5, 45, 24, 3, 40, 33, 54, 31, 4, 34, 57, 47, 19, 59, 26, 41, 48, 7, 12, 56, 29, 22, 2, 1, 15, 42, 13, 16, 60, 20, 49, 50, 51]
Run 27:
Best OCplx: 5.283579681901236
Best Sequence: [21, 46, 47, 61, 22, 35, 40, 8, 54, 32, 31, 27, 39, 45, 4, 5, 7, 49, 10, 58, 17, 13, 19, 2, 30, 25, 56, 36, 28, 9, 26, 18, 53, 20, 34, 60, 11, 15, 23, 37, 29, 33, 24, 14, 55, 43, 1, 16, 38, 50, 57, 52, 6, 12, 3, 59, 44, 42, 41, 48, 51]
Run 28:
Best OCplx: 3.9440485748624616
Best Sequence: [46, 8, 61, 21, 29, 43, 25, 40, 36, 23, 1, 44, 35, 10, 19, 17, 54, 48, 15, 28, 4, 9, 24, 58, 57, 32, 11, 30, 34, 60, 6, 49, 13, 37, 47, 45, 56, 5, 22, 20, 55, 51, 14, 42, 12, 27, 59, 31, 41, 2, 3, 39, 33, 53, 50, 18, 26, 38, 52, 16, 7]
Run 29:
Best OCplx: 5.103993997119529
Best Sequence: [46, 22, 8, 36, 21, 56, 31, 57, 25, 11, 58, 48, 5, 32, 44, 41, 13, 34, 23, 60, 49, 17, 18, 6, 4, 30, 19, 61, 53, 10, 15, 40, 28, 47, 59, 3, 55, 7, 33, 20, 45, 39, 26, 54, 37, 35, 29, 50, 38, 9, 27, 43, 12, 24, 52, 1, 51, 2, 16, 14, 42]
Run 30:
Best OCplx: 3.8465938328769296
Best Sequence: [5, 44, 53, 61, 17, 21, 31, 27, 46, 24, 9, 2, 60, 36, 23, 8, 58, 34, 30, 56, 19, 4, 57, 15, 59, 49, 13, 35, 55, 25, 14, 41, 54, 47, 29, 28, 45, 18, 43, 22, 48, 26, 52, 10, 32, 40, 16, 33, 37, 39, 7, 20, 42, 6, 51, 11, 50, 1, 12, 38, 3]
Actor Learning Rate: 1e-05
Critic Learning Rate: 0.0001
Hidden Dimension: 256
Gamma: 0.99
Lambda: 0.9
Epsilon: 0.2
if_EWM: False

Mean: 4.3087
Min: 3.3697
Max: 6.6808
Std: 0.6860