Run 1:
Best OCplx: 10.289464410153132
Best Sequence: [31, 27, 28, 8, 21, 3, 9, 42, 33, 48, 22, 16, 23, 44, 26, 61, 37, 4, 24, 10, 46, 35, 2, 29, 34, 58, 55, 5, 12, 14, 13, 57, 47, 43, 36, 25, 30, 20, 7, 15, 32, 60, 45, 17, 53, 39, 49, 41, 38, 59, 1, 56, 50, 40, 11, 6, 18, 52, 54, 51, 19]
Run 2:
Best OCplx: 9.841144673227667
Best Sequence: [46, 47, 11, 23, 58, 48, 21, 9, 29, 35, 36, 3, 55, 5, 53, 59, 26, 31, 7, 25, 32, 44, 20, 22, 34, 28, 13, 43, 42, 14, 61, 19, 49, 60, 51, 56, 2, 38, 6, 8, 52, 30, 16, 57, 15, 27, 17, 37, 4, 10, 1, 24, 39, 50, 45, 12, 40, 18, 54, 33, 41]
Run 3:
Best OCplx: 9.816948074064706
Best Sequence: [46, 15, 21, 43, 8, 31, 9, 26, 48, 25, 32, 39, 36, 51, 3, 49, 38, 23, 27, 19, 53, 13, 20, 10, 42, 30, 22, 45, 29, 28, 60, 24, 4, 44, 56, 47, 2, 6, 35, 40, 7, 16, 37, 33, 14, 17, 59, 54, 18, 55, 12, 34, 41, 11, 61, 50, 5, 1, 52, 57, 58]
Run 4:
Best OCplx: 11.706250223817847
Best Sequence: [21, 22, 48, 43, 55, 33, 37, 8, 13, 56, 57, 46, 11, 58, 54, 32, 7, 45, 39, 2, 4, 59, 24, 6, 15, 5, 50, 47, 60, 12, 40, 25, 61, 20, 44, 49, 3, 1, 53, 19, 29, 14, 30, 16, 17, 51, 26, 35, 28, 38, 31, 34, 18, 27, 36, 52, 42, 9, 41, 10, 23]
Run 5:
Best OCplx: 11.156437683870838
Best Sequence: [21, 46, 5, 59, 35, 58, 27, 44, 11, 24, 56, 47, 8, 28, 19, 33, 10, 48, 57, 14, 53, 9, 18, 23, 49, 15, 43, 37, 31, 2, 4, 41, 51, 20, 26, 45, 39, 40, 55, 50, 17, 54, 1, 60, 52, 16, 36, 13, 30, 6, 29, 34, 38, 61, 42, 12, 32, 7, 22, 25, 3]
Run 6:
Best OCplx: 8.539806838719823
Best Sequence: [10, 17, 5, 25, 3, 61, 22, 21, 2, 7, 35, 32, 49, 41, 28, 6, 46, 8, 27, 37, 40, 13, 43, 18, 29, 53, 45, 44, 34, 9, 24, 16, 36, 14, 4, 11, 1, 54, 39, 20, 48, 26, 55, 59, 19, 52, 38, 23, 33, 57, 31, 58, 60, 15, 12, 51, 50, 56, 30, 42, 47]
Run 7:
Best OCplx: 10.584600230116655
Best Sequence: [60, 21, 18, 39, 19, 46, 43, 56, 27, 13, 9, 41, 37, 34, 2, 16, 22, 32, 58, 28, 49, 42, 61, 5, 33, 10, 30, 11, 59, 29, 35, 8, 31, 54, 7, 14, 44, 48, 36, 20, 17, 26, 57, 23, 47, 51, 55, 3, 50, 6, 52, 12, 45, 24, 53, 25, 4, 38, 40, 15, 1]
Run 8:
Best OCplx: 10.568221345140865
Best Sequence: [3, 4, 21, 10, 11, 18, 27, 17, 41, 48, 26, 6, 43, 13, 60, 31, 24, 29, 16, 37, 46, 40, 14, 9, 47, 54, 30, 25, 61, 7, 39, 45, 55, 8, 34, 22, 32, 2, 52, 42, 15, 5, 19, 35, 33, 51, 23, 56, 1, 28, 44, 36, 20, 58, 49, 38, 50, 57, 53, 59, 12]
Run 9:
Best OCplx: 11.07352259504222
Best Sequence: [15, 17, 35, 54, 47, 59, 46, 29, 27, 3, 21, 49, 13, 52, 10, 37, 7, 5, 32, 20, 56, 31, 36, 61, 34, 33, 24, 22, 8, 30, 2, 28, 43, 48, 19, 1, 6, 57, 58, 42, 40, 23, 25, 4, 16, 55, 53, 39, 26, 50, 51, 38, 60, 44, 14, 45, 9, 11, 41, 12, 18]
Run 10:
Best OCplx: 11.847935238832427
Best Sequence: [25, 21, 55, 49, 22, 44, 38, 4, 9, 10, 46, 36, 24, 52, 48, 3, 37, 56, 43, 19, 8, 6, 60, 30, 39, 13, 32, 40, 31, 42, 23, 51, 14, 27, 15, 54, 45, 20, 18, 47, 53, 11, 26, 41, 35, 28, 33, 17, 59, 57, 2, 16, 5, 61, 12, 1, 58, 7, 34, 50, 29]
Run 11:
Best OCplx: 7.088246017473354
Best Sequence: [5, 30, 21, 8, 27, 3, 49, 46, 9, 61, 25, 58, 36, 13, 4, 41, 43, 18, 24, 42, 28, 35, 39, 53, 37, 48, 54, 17, 7, 47, 31, 34, 59, 2, 15, 19, 1, 11, 45, 32, 50, 14, 57, 55, 44, 38, 6, 20, 56, 23, 10, 40, 60, 51, 29, 12, 22, 16, 33, 52, 26]
Run 12:
Best OCplx: 12.565552181595656
Best Sequence: [21, 58, 32, 15, 10, 39, 14, 8, 25, 47, 22, 43, 3, 38, 30, 48, 44, 26, 18, 36, 6, 17, 13, 2, 42, 51, 1, 24, 59, 46, 61, 60, 33, 29, 37, 7, 16, 28, 34, 56, 57, 9, 49, 27, 40, 19, 23, 52, 53, 31, 45, 41, 35, 54, 55, 5, 11, 50, 4, 12, 20]
Run 13:
Best OCplx: 8.549607104710493
Best Sequence: [28, 60, 23, 8, 29, 30, 21, 46, 13, 44, 26, 57, 61, 17, 27, 19, 31, 47, 36, 24, 43, 34, 2, 40, 45, 16, 20, 49, 39, 32, 18, 15, 38, 55, 41, 37, 48, 6, 11, 58, 53, 1, 5, 10, 9, 7, 14, 42, 33, 4, 54, 52, 25, 22, 56, 59, 12, 3, 35, 51, 50]
Run 14:
Best OCplx: 8.16889164685801
Best Sequence: [21, 7, 56, 29, 31, 10, 27, 15, 37, 16, 32, 11, 55, 53, 2, 41, 34, 46, 4, 18, 1, 8, 59, 43, 19, 35, 54, 6, 20, 14, 28, 39, 23, 58, 60, 13, 40, 47, 42, 36, 9, 24, 51, 38, 44, 12, 17, 3, 49, 50, 48, 61, 52, 30, 25, 26, 57, 22, 45, 5, 33]
Run 15:
Best OCplx: 9.926950569869547
Best Sequence: [21, 2, 46, 47, 36, 42, 31, 30, 19, 11, 38, 15, 37, 8, 32, 25, 13, 40, 61, 27, 24, 53, 28, 35, 45, 43, 44, 48, 10, 22, 17, 18, 49, 58, 14, 26, 60, 33, 7, 34, 23, 59, 39, 5, 6, 52, 55, 1, 54, 20, 57, 16, 51, 9, 56, 50, 4, 12, 29, 3, 41]
Run 16:
Best OCplx: 10.918667104095592
Best Sequence: [11, 21, 59, 17, 26, 28, 33, 15, 29, 36, 58, 18, 9, 54, 1, 46, 61, 57, 4, 8, 38, 31, 35, 27, 40, 55, 48, 32, 30, 10, 49, 39, 16, 7, 6, 25, 45, 20, 60, 41, 5, 56, 22, 50, 24, 12, 53, 37, 34, 3, 47, 43, 2, 52, 19, 14, 51, 44, 13, 23, 42]
Run 17:
Best OCplx: 9.968053708024387
Best Sequence: [17, 21, 30, 60, 43, 9, 46, 44, 27, 41, 55, 25, 5, 29, 37, 11, 10, 61, 57, 52, 47, 59, 54, 49, 32, 16, 13, 4, 3, 22, 53, 39, 36, 2, 12, 58, 28, 35, 38, 1, 33, 31, 14, 34, 48, 20, 7, 23, 51, 56, 26, 18, 15, 45, 6, 42, 40, 19, 8, 24, 50]
Run 18:
Best OCplx: 10.538069152467544
Best Sequence: [21, 6, 57, 35, 59, 36, 29, 23, 5, 37, 1, 39, 55, 24, 22, 46, 17, 8, 3, 16, 34, 49, 48, 45, 43, 25, 27, 56, 20, 31, 47, 7, 58, 12, 32, 30, 40, 11, 19, 52, 9, 61, 26, 54, 10, 44, 60, 33, 4, 42, 50, 51, 13, 38, 14, 18, 15, 28, 41, 2, 53]
Run 19:
Best OCplx: 11.525038337733932
Best Sequence: [25, 46, 7, 21, 13, 60, 20, 8, 32, 44, 39, 48, 54, 41, 43, 56, 16, 35, 52, 1, 10, 61, 3, 11, 34, 58, 28, 9, 59, 19, 29, 6, 47, 18, 22, 37, 57, 36, 2, 42, 45, 30, 40, 12, 31, 5, 33, 15, 55, 23, 38, 17, 53, 24, 49, 4, 51, 26, 14, 50, 27]
Run 20:
Best OCplx: 11.61884048414185
Best Sequence: [48, 28, 8, 37, 54, 27, 36, 21, 23, 6, 3, 49, 60, 29, 7, 34, 19, 15, 39, 5, 46, 9, 11, 14, 55, 13, 53, 47, 50, 31, 52, 35, 41, 57, 22, 20, 26, 59, 16, 61, 12, 25, 18, 38, 17, 45, 30, 40, 4, 58, 43, 51, 42, 33, 10, 32, 2, 24, 1, 44, 56]
Run 21:
Best OCplx: 9.656919584983784
Best Sequence: [40, 10, 8, 31, 21, 32, 44, 30, 7, 45, 43, 24, 5, 17, 46, 38, 55, 58, 28, 23, 37, 35, 39, 33, 52, 47, 50, 48, 42, 9, 34, 3, 36, 20, 4, 6, 53, 29, 12, 41, 60, 2, 19, 25, 13, 11, 59, 18, 27, 14, 51, 56, 1, 49, 57, 15, 16, 26, 22, 54, 61]
Run 22:
Best OCplx: 10.439429170328063
Best Sequence: [60, 27, 47, 26, 46, 39, 55, 5, 8, 53, 21, 31, 37, 59, 28, 18, 9, 35, 49, 16, 58, 30, 4, 11, 7, 44, 17, 56, 6, 12, 24, 29, 45, 51, 54, 38, 34, 19, 57, 20, 61, 10, 22, 14, 52, 41, 2, 25, 23, 13, 15, 40, 42, 33, 43, 1, 36, 32, 3, 50, 48]
Run 23:
Best OCplx: 10.65963759150378
Best Sequence: [21, 52, 27, 43, 32, 17, 6, 18, 59, 39, 41, 25, 36, 58, 19, 24, 46, 7, 53, 31, 45, 55, 1, 33, 13, 15, 8, 16, 37, 29, 11, 60, 49, 10, 12, 48, 3, 56, 40, 26, 44, 14, 47, 22, 9, 5, 54, 20, 42, 61, 28, 30, 38, 34, 51, 57, 35, 23, 50, 2, 4]
Run 24:
Best OCplx: 8.936905422687044
Best Sequence: [34, 57, 8, 17, 7, 43, 58, 5, 39, 48, 21, 25, 16, 27, 36, 9, 3, 56, 26, 19, 46, 14, 32, 29, 24, 30, 13, 55, 10, 38, 40, 41, 52, 1, 28, 50, 31, 2, 23, 53, 44, 60, 59, 6, 33, 37, 35, 18, 47, 49, 54, 61, 22, 15, 11, 4, 20, 42, 51, 45, 12]
Run 25:
Best OCplx: 11.149894706503318
Best Sequence: [61, 49, 60, 17, 34, 57, 43, 39, 47, 27, 32, 21, 14, 54, 1, 58, 59, 9, 56, 11, 13, 15, 55, 24, 29, 52, 35, 36, 33, 8, 44, 41, 6, 37, 25, 31, 50, 5, 46, 53, 18, 28, 2, 12, 19, 45, 38, 30, 22, 4, 23, 40, 3, 26, 42, 51, 10, 16, 20, 7, 48]
Run 26:
Best OCplx: 10.22439022640971
Best Sequence: [61, 8, 48, 21, 47, 9, 28, 6, 27, 46, 30, 38, 44, 37, 58, 25, 5, 1, 55, 3, 59, 41, 20, 23, 34, 15, 40, 7, 45, 52, 36, 43, 53, 17, 56, 16, 57, 26, 2, 35, 22, 32, 49, 31, 33, 19, 51, 24, 10, 12, 50, 11, 4, 18, 60, 39, 14, 29, 13, 54, 42]
Run 27:
Best OCplx: 10.866276962454862
Best Sequence: [21, 59, 8, 19, 7, 27, 58, 9, 14, 29, 34, 16, 43, 60, 11, 37, 44, 30, 54, 45, 31, 5, 55, 57, 47, 41, 40, 23, 24, 46, 10, 35, 36, 20, 22, 12, 15, 42, 28, 61, 18, 56, 1, 38, 51, 3, 25, 4, 26, 50, 49, 13, 2, 39, 53, 32, 33, 48, 52, 17, 6]
Run 28:
Best OCplx: 10.418881657488418
Best Sequence: [21, 14, 34, 31, 27, 61, 46, 15, 39, 30, 8, 36, 55, 44, 52, 43, 42, 3, 1, 29, 16, 17, 51, 32, 9, 57, 38, 45, 23, 56, 47, 53, 37, 18, 26, 6, 10, 35, 60, 54, 58, 2, 20, 7, 40, 4, 5, 49, 28, 19, 41, 50, 48, 24, 11, 22, 12, 25, 33, 13, 59]
Run 29:
Best OCplx: 11.957783253715043
Best Sequence: [45, 56, 46, 21, 16, 5, 20, 58, 18, 9, 31, 34, 36, 24, 55, 15, 29, 48, 10, 49, 42, 39, 60, 44, 47, 7, 8, 17, 52, 12, 13, 22, 61, 57, 32, 59, 6, 40, 23, 25, 28, 37, 53, 35, 2, 43, 41, 11, 30, 27, 54, 14, 4, 33, 51, 50, 38, 19, 3, 26, 1]
Run 30:
Best OCplx: 10.347948140152335
Best Sequence: [8, 33, 56, 27, 13, 21, 35, 41, 59, 36, 39, 11, 31, 44, 42, 46, 9, 37, 60, 43, 20, 6, 16, 55, 32, 4, 19, 30, 28, 25, 54, 17, 10, 5, 14, 3, 7, 22, 1, 52, 24, 58, 15, 57, 53, 2, 51, 40, 18, 61, 34, 45, 29, 48, 12, 49, 38, 23, 26, 50, 47]
UPDATE_GLOBAL_ITER: 200
GAMMA: 0.99
MAX_EP: 3000
thread_count: 3
RL: 5e-05
if_EWM: False

Mean: 10.3650
Min: 7.0882
Max: 12.5656
Std: 1.1901