
Learning Rate: 0.0008
Epsilon: 0.99
Gamma: 0.93
Memory Capacity: 20000
Batch Size: 64
if_EWM: True
Run 1:
Best OCplx: 0.2436375210307291
Best Sequence: [1, 8, 6, 16, 7, 13, 9, 22, 19, 12, 21, 11, 23, 17, 20, 18, 10, 5, 4, 2, 3, 15, 14]
Run 2:
Best OCplx: 0.2707083567008101
Best Sequence: [8, 1, 6, 9, 17, 16, 13, 7, 22, 11, 12, 10, 19, 21, 23, 18, 20, 5, 14, 4, 2, 3, 15]
Run 3:
Best OCplx: 0.2707083567008101
Best Sequence: [8, 19, 1, 6, 16, 7, 13, 9, 22, 12, 4, 11, 21, 17, 5, 2, 3, 15, 14, 23, 18, 10, 20]
Run 4:
Best OCplx: 0.1894958496905671
Best Sequence: [8, 1, 6, 16, 13, 7, 9, 22, 19, 12, 21, 11, 10, 5, 4, 17, 23, 18, 20, 2, 14, 3, 15]
Run 5:
Best OCplx: 0.2436375210307291
Best Sequence: [1, 8, 6, 16, 7, 13, 9, 22, 19, 12, 11, 21, 4, 17, 23, 20, 18, 10, 14, 5, 2, 3, 15]
Run 6:
Best OCplx: 0.43313337072129615
Best Sequence: [1, 8, 6, 13, 16, 7, 9, 22, 12, 19, 14, 5, 21, 11, 23, 4, 2, 3, 15, 17, 18, 10, 20]
Run 7:
Best OCplx: 0.2707083567008101
Best Sequence: [8, 1, 6, 16, 9, 7, 13, 22, 19, 12, 21, 11, 4, 5, 2, 3, 15, 14, 17, 23, 18, 20, 10]
Run 8:
Best OCplx: 0.1894958496905671
Best Sequence: [12, 8, 1, 19, 7, 16, 13, 6, 9, 22, 4, 21, 11, 17, 23, 14, 18, 20, 10, 5, 2, 3, 15]
Run 9:
Best OCplx: 0.1894958496905671
Best Sequence: [8, 21, 1, 6, 13, 16, 7, 9, 22, 12, 14, 19, 11, 17, 23, 18, 10, 4, 5, 2, 3, 20, 15]
Run 10:
Best OCplx: 0.2707083567008101
Best Sequence: [8, 6, 1, 16, 13, 7, 9, 22, 19, 11, 21, 12, 23, 17, 18, 20, 10, 5, 4, 14, 2, 3, 15]
Run 11:
Best OCplx: 0.3946538196909144
Best Sequence: [10, 8, 13, 1, 16, 5, 6, 22, 7, 9, 21, 12, 18, 19, 11, 17, 23, 4, 14, 2, 3, 15, 20]
Run 12:
Best OCplx: 0.2707083567008101
Best Sequence: [8, 1, 6, 16, 13, 7, 9, 22, 12, 19, 21, 11, 23, 17, 18, 20, 4, 10, 5, 14, 2, 3, 15]
Run 13:
Best OCplx: 0.4331333707212962
Best Sequence: [8, 1, 6, 16, 7, 9, 13, 21, 19, 12, 22, 11, 23, 14, 17, 18, 5, 4, 2, 3, 15, 10, 20]
Run 14:
Best OCplx: 0.2707083567008101
Best Sequence: [1, 8, 6, 7, 16, 13, 12, 19, 9, 22, 21, 11, 23, 10, 14, 18, 17, 5, 20, 4, 2, 3, 15]
Run 15:
Best OCplx: 0.1894958496905671
Best Sequence: [9, 8, 11, 1, 6, 16, 13, 7, 19, 12, 22, 21, 17, 23, 18, 20, 10, 4, 5, 14, 2, 3, 15]
Run 16:
Best OCplx: 0.2436375210307291
Best Sequence: [8, 19, 1, 6, 16, 13, 7, 9, 22, 12, 4, 21, 11, 10, 23, 17, 5, 20, 2, 3, 15, 14, 18]
Run 17:
Best OCplx: 0.10828334268032405
Best Sequence: [8, 1, 6, 16, 7, 13, 9, 22, 21, 19, 12, 11, 17, 23, 18, 20, 10, 5, 4, 2, 3, 15, 14]
Run 18:
Best OCplx: 0.4331333707212962
Best Sequence: [1, 8, 16, 6, 12, 13, 7, 9, 22, 11, 19, 21, 4, 14, 23, 5, 2, 3, 18, 17, 10, 20, 15]
Run 19:
Best OCplx: 0.3519208637110532
Best Sequence: [8, 7, 1, 9, 6, 16, 13, 12, 19, 11, 21, 22, 4, 17, 23, 18, 10, 20, 5, 3, 15, 14, 2]
Run 20:
Best OCplx: 0.2707083567008101
Best Sequence: [8, 1, 9, 6, 7, 16, 13, 22, 12, 19, 11, 21, 23, 4, 17, 18, 20, 14, 10, 5, 2, 3, 15]
Run 21:
Best OCplx: 0.35192086371105313
Best Sequence: [22, 7, 1, 8, 6, 13, 9, 19, 16, 11, 10, 12, 21, 14, 23, 18, 5, 4, 20, 2, 3, 15, 17]
Run 22:
Best OCplx: 0.3248500280409721
Best Sequence: [8, 6, 1, 13, 7, 16, 22, 9, 21, 19, 11, 12, 23, 4, 17, 14, 20, 18, 10, 5, 2, 3, 15]
Run 23:
Best OCplx: 0.2707083567008101
Best Sequence: [13, 8, 1, 6, 16, 7, 19, 9, 23, 22, 12, 21, 11, 17, 18, 20, 14, 10, 5, 4, 2, 3, 15]
Run 24:
Best OCplx: 0.2707083567008101
Best Sequence: [8, 1, 6, 13, 9, 16, 7, 12, 4, 22, 21, 19, 11, 23, 17, 14, 18, 20, 10, 5, 2, 3, 15]
Run 25:
Best OCplx: 0.1894958496905671
Best Sequence: [8, 1, 6, 16, 9, 13, 7, 22, 19, 21, 12, 11, 23, 17, 18, 20, 10, 4, 5, 2, 3, 15, 14]
Run 26:
Best OCplx: 0.2165666853606481
Best Sequence: [8, 1, 6, 16, 7, 13, 9, 22, 12, 19, 11, 21, 4, 10, 18, 17, 20, 23, 5, 14, 2, 3, 15]
Run 27:
Best OCplx: 0.2436375210307291
Best Sequence: [8, 1, 6, 16, 7, 13, 9, 19, 12, 22, 11, 21, 4, 10, 20, 17, 23, 5, 18, 2, 3, 15, 14]
Run 28:
Best OCplx: 0.2436375210307291
Best Sequence: [8, 1, 6, 11, 16, 9, 7, 13, 22, 12, 10, 5, 19, 21, 14, 17, 20, 23, 18, 4, 2, 3, 15]
Run 29:
Best OCplx: 0.35192086371105313
Best Sequence: [8, 1, 16, 6, 5, 13, 9, 22, 7, 12, 19, 11, 4, 17, 21, 23, 18, 2, 3, 15, 20, 14, 10]
Run 30:
Best OCplx: 0.3248500280409721
Best Sequence: [8, 1, 6, 16, 7, 13, 9, 22, 19, 12, 11, 21, 23, 17, 20, 18, 4, 10, 5, 14, 2, 3, 15]

Mean: 0.2775
Min: 0.1083
Max: 0.4331
Std: 0.0785