Run 1:
Best OCplx: 3.776349514332125
Best Sequence: [46, 21, 8, 61, 22, 31, 39, 13, 60, 16, 56, 5, 25, 48, 34, 9, 36, 26, 44, 40, 47, 37, 23, 43, 58, 17, 27, 15, 14, 59, 2, 45, 41, 28, 54, 29, 10, 6, 55, 53, 49, 18, 32, 57, 4, 11, 19, 30, 24, 35, 7, 12, 20, 1, 51, 3, 52, 38, 33, 50, 42]
Run 2:
Best OCplx: 2.5286388321342335
Best Sequence: [36, 28, 8, 5, 43, 21, 11, 60, 34, 26, 48, 53, 44, 9, 39, 27, 17, 30, 61, 47, 58, 59, 56, 46, 23, 35, 22, 41, 10, 15, 13, 45, 40, 24, 1, 31, 29, 14, 37, 4, 32, 6, 57, 25, 49, 16, 2, 19, 55, 3, 38, 33, 20, 52, 50, 7, 51, 12, 54, 42, 18]
Run 3:
Best OCplx: 4.501529139382434
Best Sequence: [28, 5, 40, 8, 53, 21, 46, 17, 60, 59, 49, 39, 35, 26, 10, 58, 15, 18, 27, 44, 41, 36, 31, 19, 13, 24, 54, 1, 9, 25, 37, 22, 7, 56, 47, 14, 34, 4, 30, 16, 23, 45, 11, 29, 43, 6, 57, 2, 61, 48, 33, 32, 20, 42, 3, 38, 55, 51, 12, 52, 50]
Run 4:
Best OCplx: 4.366203694184482
Best Sequence: [28, 31, 58, 40, 21, 27, 61, 37, 10, 23, 53, 5, 16, 43, 46, 34, 39, 59, 22, 8, 7, 15, 13, 29, 47, 49, 57, 4, 11, 17, 36, 41, 45, 1, 60, 54, 19, 30, 9, 24, 25, 6, 44, 2, 35, 14, 56, 48, 55, 18, 32, 20, 3, 33, 42, 51, 12, 38, 26, 50, 52]
Run 5:
Best OCplx: 3.8480912286239786
Best Sequence: [23, 13, 8, 10, 34, 46, 40, 21, 61, 27, 58, 35, 28, 59, 36, 4, 43, 60, 47, 44, 5, 7, 31, 17, 29, 30, 53, 41, 22, 57, 39, 6, 9, 14, 11, 25, 32, 55, 15, 45, 49, 37, 1, 24, 54, 20, 48, 56, 16, 19, 18, 3, 42, 26, 51, 2, 52, 38, 50, 12, 33]
Run 6:
Best OCplx: 4.57011763875633
Best Sequence: [61, 5, 10, 46, 21, 6, 13, 44, 27, 4, 16, 24, 40, 53, 60, 47, 26, 23, 49, 59, 58, 8, 36, 34, 17, 15, 9, 2, 43, 39, 22, 28, 18, 48, 11, 14, 31, 41, 30, 29, 45, 7, 25, 35, 37, 54, 57, 51, 55, 56, 19, 50, 1, 12, 32, 3, 20, 38, 42, 52, 33]
Run 7:
Best OCplx: 3.366994804574184
Best Sequence: [21, 15, 10, 28, 7, 49, 40, 46, 8, 18, 31, 58, 61, 36, 23, 27, 37, 17, 53, 13, 9, 44, 39, 34, 41, 16, 32, 59, 11, 45, 57, 26, 4, 60, 19, 5, 22, 1, 14, 47, 30, 25, 6, 29, 56, 43, 24, 48, 3, 55, 20, 2, 35, 42, 38, 50, 33, 51, 52, 54, 12]
Run 8:
Best OCplx: 3.603351623724306
Best Sequence: [5, 28, 21, 53, 39, 6, 31, 4, 36, 27, 19, 47, 15, 22, 60, 40, 18, 10, 8, 58, 59, 46, 29, 43, 34, 48, 7, 35, 30, 49, 14, 41, 37, 17, 44, 23, 13, 57, 56, 32, 24, 54, 1, 16, 61, 26, 45, 9, 55, 11, 25, 2, 20, 51, 3, 12, 38, 33, 52, 50, 42]
Run 9:
Best OCplx: 4.725536303184051
Best Sequence: [39, 17, 46, 5, 9, 4, 24, 60, 61, 28, 8, 34, 27, 58, 15, 59, 36, 47, 53, 40, 32, 10, 22, 21, 41, 44, 23, 16, 35, 25, 48, 57, 13, 6, 45, 43, 31, 37, 7, 20, 56, 30, 26, 11, 55, 19, 1, 54, 29, 49, 3, 18, 2, 50, 14, 51, 42, 38, 12, 52, 33]
Run 10:
Best OCplx: 4.322280837890108
Best Sequence: [37, 21, 47, 46, 18, 49, 59, 2, 8, 29, 31, 39, 11, 53, 28, 34, 24, 7, 17, 15, 36, 30, 10, 58, 44, 14, 57, 6, 43, 5, 60, 40, 27, 13, 45, 48, 1, 55, 9, 41, 61, 16, 23, 22, 38, 54, 19, 35, 56, 4, 26, 32, 42, 25, 20, 52, 12, 51, 33, 50, 3]
Run 11:
Best OCplx: 4.384308054590463
Best Sequence: [61, 60, 8, 22, 27, 5, 13, 28, 15, 21, 40, 59, 17, 37, 39, 31, 9, 49, 36, 53, 10, 44, 43, 47, 54, 18, 6, 41, 48, 34, 23, 32, 58, 25, 46, 29, 2, 35, 1, 24, 7, 45, 14, 55, 16, 11, 30, 4, 56, 3, 19, 12, 57, 42, 38, 20, 51, 52, 26, 50, 33]
Run 12:
Best OCplx: 4.454517672347375
Best Sequence: [21, 28, 53, 43, 61, 44, 26, 13, 25, 39, 27, 5, 8, 49, 9, 46, 10, 40, 34, 24, 48, 31, 59, 19, 15, 36, 30, 58, 45, 56, 11, 29, 17, 4, 16, 1, 14, 37, 6, 47, 57, 41, 22, 23, 7, 60, 32, 35, 54, 18, 2, 55, 42, 50, 20, 3, 51, 52, 12, 33, 38]
Run 13:
Best OCplx: 5.250240603001145
Best Sequence: [21, 47, 46, 9, 26, 31, 44, 14, 57, 22, 40, 61, 36, 15, 37, 8, 10, 60, 43, 49, 34, 53, 28, 13, 59, 5, 39, 17, 27, 29, 11, 3, 19, 55, 18, 32, 56, 41, 4, 48, 24, 7, 30, 35, 20, 45, 51, 54, 58, 1, 42, 6, 38, 25, 16, 33, 2, 12, 23, 50, 52]
Run 14:
Best OCplx: 2.9632072898616952
Best Sequence: [21, 26, 40, 8, 10, 31, 46, 36, 30, 61, 43, 60, 23, 9, 49, 13, 37, 45, 59, 53, 47, 29, 17, 44, 58, 25, 39, 28, 34, 5, 22, 18, 35, 57, 48, 19, 16, 32, 27, 54, 24, 41, 2, 15, 4, 55, 6, 56, 11, 7, 1, 14, 38, 3, 20, 51, 12, 50, 42, 52, 33]
Run 15:
Best OCplx: 4.179143967408518
Best Sequence: [5, 10, 59, 15, 44, 61, 47, 21, 8, 9, 58, 17, 48, 60, 16, 28, 13, 32, 49, 31, 40, 39, 34, 56, 27, 43, 36, 53, 41, 24, 46, 19, 54, 4, 22, 55, 37, 7, 6, 25, 35, 2, 45, 18, 57, 52, 23, 12, 26, 3, 29, 30, 11, 20, 50, 33, 14, 1, 42, 38, 51]
Run 16:
Best OCplx: 4.5395715723488985
Best Sequence: [15, 21, 6, 8, 56, 61, 58, 13, 25, 11, 46, 27, 39, 10, 47, 43, 57, 28, 17, 9, 34, 1, 48, 5, 40, 23, 49, 44, 41, 53, 19, 37, 31, 26, 54, 16, 36, 18, 4, 22, 30, 60, 2, 35, 45, 59, 29, 24, 55, 20, 7, 42, 32, 38, 33, 51, 3, 52, 12, 14, 50]
Run 17:
Best OCplx: 5.41470015077954
Best Sequence: [29, 37, 49, 31, 21, 46, 14, 60, 34, 30, 9, 36, 40, 59, 47, 27, 44, 61, 8, 43, 45, 16, 55, 4, 10, 48, 54, 2, 15, 13, 58, 7, 41, 5, 53, 26, 56, 17, 23, 22, 24, 57, 38, 32, 25, 6, 20, 39, 28, 33, 18, 11, 35, 19, 51, 1, 52, 3, 50, 12, 42]
Run 18:
Best OCplx: 4.2286305346401285
Best Sequence: [21, 36, 9, 19, 17, 54, 60, 48, 56, 61, 58, 28, 43, 8, 40, 27, 10, 32, 57, 41, 13, 46, 59, 49, 34, 31, 37, 47, 53, 44, 22, 35, 24, 39, 6, 5, 4, 23, 25, 55, 15, 26, 1, 29, 30, 14, 16, 2, 45, 11, 20, 7, 51, 38, 33, 42, 50, 12, 18, 3, 52]
Run 19:
Best OCplx: 4.926379284899892
Best Sequence: [46, 15, 47, 19, 8, 21, 44, 9, 56, 24, 60, 2, 54, 13, 5, 48, 20, 22, 31, 28, 53, 27, 49, 11, 58, 61, 39, 34, 45, 37, 59, 7, 10, 16, 41, 23, 36, 40, 26, 17, 43, 18, 14, 30, 29, 55, 35, 3, 25, 57, 4, 6, 1, 32, 50, 38, 51, 12, 52, 42, 33]
Run 20:
Best OCplx: 3.3284988287105715
Best Sequence: [61, 37, 17, 13, 59, 5, 45, 8, 28, 31, 49, 21, 40, 44, 30, 9, 15, 34, 46, 2, 14, 35, 11, 23, 4, 10, 24, 29, 47, 48, 58, 16, 27, 26, 54, 57, 25, 39, 36, 56, 19, 41, 43, 55, 7, 6, 53, 18, 22, 1, 60, 33, 32, 50, 12, 20, 42, 51, 38, 52, 3]
Run 21:
Best OCplx: 4.9491395520563675
Best Sequence: [61, 39, 53, 8, 46, 22, 47, 17, 10, 31, 34, 28, 36, 59, 21, 60, 27, 40, 44, 43, 26, 13, 15, 37, 18, 5, 48, 4, 14, 54, 49, 45, 32, 11, 9, 58, 24, 41, 7, 19, 16, 1, 30, 35, 29, 56, 2, 6, 23, 3, 20, 57, 42, 55, 12, 38, 52, 51, 25, 33, 50]
Run 22:
Best OCplx: 4.073576697600198
Best Sequence: [60, 61, 27, 9, 21, 36, 46, 49, 53, 34, 59, 28, 45, 58, 8, 37, 10, 43, 57, 44, 47, 39, 54, 14, 31, 22, 5, 40, 48, 56, 15, 19, 13, 17, 41, 6, 23, 30, 7, 26, 1, 29, 4, 24, 25, 11, 35, 16, 18, 2, 55, 51, 50, 32, 20, 38, 12, 3, 42, 33, 52]
Run 23:
Best OCplx: 2.690982251536123
Best Sequence: [60, 53, 49, 58, 17, 47, 8, 37, 21, 46, 22, 27, 34, 41, 44, 59, 15, 4, 57, 43, 61, 13, 48, 36, 28, 5, 40, 26, 1, 39, 16, 31, 10, 11, 29, 9, 14, 23, 25, 24, 19, 54, 2, 6, 35, 30, 56, 7, 45, 32, 20, 55, 18, 42, 51, 12, 3, 50, 38, 33, 52]
Run 24:
Best OCplx: 4.849939754956163
Best Sequence: [21, 60, 46, 5, 59, 30, 10, 34, 15, 17, 9, 47, 16, 6, 22, 44, 8, 53, 26, 14, 49, 36, 37, 61, 40, 58, 32, 43, 31, 7, 13, 48, 39, 54, 41, 28, 2, 35, 27, 55, 23, 11, 24, 45, 4, 25, 19, 20, 29, 1, 33, 57, 56, 18, 3, 52, 42, 51, 38, 50, 12]
Run 25:
Best OCplx: 3.1144046697416004
Best Sequence: [21, 5, 45, 9, 44, 8, 11, 27, 39, 53, 43, 17, 28, 49, 13, 59, 61, 46, 34, 36, 48, 58, 24, 47, 10, 30, 22, 60, 6, 19, 31, 16, 29, 2, 37, 41, 7, 40, 55, 25, 23, 15, 57, 35, 54, 32, 4, 56, 18, 14, 26, 1, 20, 42, 38, 51, 3, 33, 50, 12, 52]
Run 26:
Best OCplx: 4.425035556087565
Best Sequence: [39, 47, 46, 21, 23, 14, 10, 41, 36, 11, 56, 5, 35, 48, 45, 43, 15, 9, 57, 54, 8, 44, 17, 19, 53, 30, 13, 40, 4, 24, 34, 26, 29, 49, 61, 25, 18, 7, 1, 27, 22, 58, 16, 28, 31, 32, 59, 60, 20, 37, 55, 42, 51, 50, 2, 3, 38, 33, 6, 52, 12]
Run 27:
Best OCplx: 5.1357201371829335
Best Sequence: [21, 49, 7, 36, 11, 48, 9, 28, 46, 13, 60, 47, 26, 61, 53, 40, 43, 27, 17, 31, 22, 8, 14, 56, 34, 25, 57, 39, 10, 59, 45, 16, 37, 54, 44, 35, 41, 30, 24, 4, 18, 19, 32, 5, 3, 29, 58, 6, 23, 12, 1, 20, 55, 15, 42, 38, 2, 51, 50, 52, 33]
Run 28:
Best OCplx: 3.846930683079892
Best Sequence: [60, 39, 46, 21, 47, 9, 59, 43, 61, 28, 23, 36, 5, 8, 40, 53, 58, 27, 17, 31, 44, 41, 49, 57, 56, 1, 10, 25, 32, 16, 29, 45, 14, 22, 37, 34, 26, 13, 15, 4, 2, 7, 11, 35, 18, 38, 55, 30, 20, 54, 24, 19, 6, 42, 52, 48, 51, 12, 33, 3, 50]
Run 29:
Best OCplx: 3.349573614754848
Best Sequence: [27, 28, 37, 21, 9, 8, 10, 58, 36, 30, 46, 54, 23, 41, 59, 16, 15, 39, 47, 7, 61, 43, 13, 29, 60, 17, 5, 31, 35, 14, 34, 4, 44, 11, 22, 45, 24, 26, 48, 1, 18, 55, 57, 53, 49, 32, 6, 2, 56, 20, 40, 25, 38, 12, 50, 3, 33, 51, 19, 42, 52]
Run 30:
Best OCplx: 5.049154945348137
Best Sequence: [21, 5, 28, 14, 44, 32, 40, 9, 31, 56, 49, 46, 15, 36, 61, 53, 43, 3, 13, 8, 37, 22, 48, 17, 10, 39, 23, 6, 24, 1, 16, 20, 34, 45, 25, 58, 59, 47, 57, 35, 60, 4, 41, 11, 7, 30, 54, 27, 26, 55, 42, 29, 51, 19, 18, 38, 33, 2, 52, 12, 50]
Learning Rate: 1e-05
Epsilon: 0.15
Gamma: 0.99
Target Update: 50
Memory Capacity: 20000
Batch Size: 64
if_EWM: True

