1	3	2
1	16	31
2	16	31
2	20	7
2	21	6
3	12	3
4	2	5
6	2	5
6	3	2
6	16	3
7	16	31
8	3	2
10	3	2
10	12	0
10	16	31
10	21	0
10	23	0
11	1	15
13	3	2
13	4	0
13	5	0
13	16	31
13	18	6
13	20	7
14	2	5
16	2	5
16	3	2
16	4	0
16	15	3
16	17	1
16	21	6
16	22	1
17	16	31
18	3	2
18	10	8
18	12	3
18	16	31
18	19	5
18	20	7
18	21	6
18	22	1
18	23	0
18	24	3
19	3	2
19	16	31
19	18	6
20	3	2
20	16	31
20	18	6
20	19	5
20	24	3
21	3	2
21	12	3
21	16	31
21	19	5
21	20	7
22	3	2
22	16	31
23	21	6
24	3	2
24	10	8
24	16	31
24	19	5
24	22	1
24	23	0
25	2	5
25	3	2
25	16	3
25	20	7
25	21	6