1	3	1
1	16	4
2	16	1
2	20	1
2	21	2
3	12	2
4	2	3
6	2	3
6	3	1
6	16	0
7	16	2
8	3	1
10	3	2
10	12	0
10	16	3
10	21	0
10	23	0
11	1	4
13	3	2
13	4	0
13	4	4
13	16	11
13	18	1
13	20	2
14	2	4
16	2	5
16	3	2
16	4	7
16	15	3
16	17	1
16	21	5
16	22	1
17	16	2
18	3	7
18	10	6
18	12	1
18	16	14
18	19	4
18	20	5
18	21	6
18	22	1
18	23	1
18	24	2
19	3	0
19	16	1
19	18	3
20	3	1
20	16	5
20	18	1
20	19	2
20	24	1
21	3	3
21	12	1
21	16	4
21	19	2
21	20	0
22	3	2
22	16	1
23	21	0
24	3	1
24	10	2
24	16	3
24	19	3
24	22	1
24	23	1
25	2	9
25	3	1
25	16	0
25	20	1
25	21	1