Run 1:
Best OCplx: 0.7587979272555355
Best Sequence: [15, 14, 22, 29, 32, 2, 36, 34, 27, 11, 20, 10, 23, 7, 9, 5, 16, 30, 28, 39, 24, 13, 21, 35, 8, 38, 37, 19, 18, 1, 12, 3, 17, 6, 26, 31, 33, 4, 25]
Run 2:
Best OCplx: 0.891513769703566
Best Sequence: [1, 26, 13, 2, 11, 27, 15, 20, 8, 10, 31, 18, 39, 19, 24, 36, 32, 25, 38, 9, 35, 17, 21, 29, 7, 16, 3, 28, 22, 33, 12, 5, 6, 23, 34, 4, 30, 14, 37]
Run 3:
Best OCplx: 0.880040794566071
Best Sequence: [24, 20, 3, 11, 36, 10, 25, 38, 21, 35, 31, 7, 14, 30, 34, 17, 27, 32, 9, 37, 5, 26, 23, 2, 12, 18, 6, 13, 22, 4, 28, 33, 16, 19, 15, 8, 39, 1, 29]
Run 4:
Best OCplx: 0.7466542111386208
Best Sequence: [20, 38, 18, 28, 26, 36, 13, 21, 11, 7, 10, 39, 34, 30, 29, 12, 5, 33, 27, 19, 9, 31, 32, 8, 15, 35, 17, 16, 24, 2, 22, 6, 3, 25, 37, 1, 23, 4, 14]
Run 5:
Best OCplx: 0.7864571388500701
Best Sequence: [24, 22, 11, 21, 32, 16, 13, 2, 34, 19, 30, 28, 27, 23, 39, 8, 10, 7, 3, 20, 17, 33, 18, 25, 1, 9, 31, 6, 26, 12, 29, 5, 36, 35, 14, 37, 15, 4, 38]
Run 6:
Best OCplx: 0.9789407993926003
Best Sequence: [30, 26, 28, 24, 11, 13, 5, 27, 17, 22, 21, 39, 12, 20, 18, 14, 15, 29, 38, 33, 32, 1, 16, 34, 10, 3, 8, 7, 37, 19, 25, 9, 31, 6, 4, 36, 2, 23, 35]
Run 7:
Best OCplx: 0.803304582241115
Best Sequence: [26, 19, 38, 11, 10, 24, 36, 22, 18, 7, 20, 14, 35, 1, 21, 33, 13, 32, 27, 9, 15, 8, 3, 25, 29, 12, 17, 16, 23, 31, 5, 2, 6, 28, 39, 30, 37, 4, 34]
Run 8:
Best OCplx: 0.7778711791151848
Best Sequence: [7, 38, 16, 11, 20, 28, 23, 32, 10, 2, 24, 29, 15, 9, 17, 1, 21, 25, 5, 27, 36, 8, 6, 14, 13, 39, 3, 34, 31, 22, 19, 33, 35, 4, 12, 18, 37, 26, 30]
Run 9:
Best OCplx: 0.6762873892250577
Best Sequence: [11, 27, 35, 21, 1, 36, 10, 28, 33, 22, 17, 30, 24, 18, 20, 32, 26, 8, 31, 7, 15, 12, 3, 39, 2, 19, 38, 9, 6, 5, 4, 23, 29, 13, 25, 34, 16, 14, 37]
Run 10:
Best OCplx: 0.7008871628961655
Best Sequence: [16, 17, 19, 7, 20, 11, 28, 39, 36, 27, 10, 13, 15, 30, 5, 22, 8, 29, 21, 31, 32, 1, 34, 18, 9, 6, 33, 26, 2, 23, 12, 14, 25, 35, 37, 24, 3, 4, 38]
Run 11:
Best OCplx: 0.8569450964289033
Best Sequence: [7, 24, 19, 15, 34, 13, 21, 36, 16, 12, 20, 25, 27, 2, 29, 17, 8, 5, 14, 11, 33, 1, 10, 39, 30, 9, 28, 3, 35, 23, 26, 37, 22, 18, 6, 38, 4, 32, 31]
Run 12:
Best OCplx: 0.9301680158524382
Best Sequence: [2, 30, 1, 36, 33, 3, 34, 39, 27, 11, 21, 10, 15, 25, 28, 22, 32, 5, 38, 7, 13, 26, 31, 19, 29, 24, 8, 37, 18, 16, 9, 12, 17, 14, 23, 6, 4, 20, 35]
Run 13:
Best OCplx: 0.9028482368711231
Best Sequence: [31, 27, 11, 39, 2, 10, 9, 7, 8, 21, 6, 33, 19, 22, 36, 17, 23, 38, 28, 4, 18, 12, 30, 35, 5, 37, 29, 20, 24, 3, 15, 13, 16, 32, 26, 1, 25, 34, 14]
Run 14:
Best OCplx: 0.7616540247655074
Best Sequence: [13, 36, 7, 39, 28, 15, 26, 31, 11, 14, 16, 21, 5, 27, 8, 10, 9, 24, 23, 34, 3, 38, 29, 19, 35, 6, 22, 20, 12, 30, 2, 18, 1, 32, 37, 33, 17, 4, 25]
Run 15:
Best OCplx: 0.9652284701985308
Best Sequence: [28, 21, 31, 3, 23, 14, 11, 27, 10, 37, 9, 19, 36, 29, 35, 22, 1, 20, 39, 18, 15, 34, 32, 2, 17, 38, 13, 26, 6, 30, 24, 16, 7, 12, 5, 33, 8, 25, 4]
Run 16:
Best OCplx: 0.8010072191159617
Best Sequence: [11, 23, 36, 20, 10, 13, 9, 34, 27, 22, 16, 29, 15, 6, 21, 18, 4, 39, 31, 19, 28, 17, 30, 32, 8, 3, 26, 35, 14, 38, 5, 37, 12, 25, 7, 24, 2, 33, 1]
Run 17:
Best OCplx: 0.8742572297154374
Best Sequence: [24, 14, 27, 35, 39, 20, 11, 10, 23, 28, 30, 36, 16, 34, 26, 9, 37, 2, 21, 17, 29, 1, 18, 7, 6, 32, 3, 38, 5, 4, 31, 19, 15, 13, 25, 22, 12, 33, 8]
Run 18:
Best OCplx: 0.9160153772683447
Best Sequence: [19, 20, 15, 28, 22, 18, 24, 33, 34, 23, 38, 11, 26, 3, 36, 37, 25, 16, 10, 35, 1, 27, 17, 2, 21, 8, 7, 30, 39, 12, 9, 6, 32, 29, 31, 14, 5, 13, 4]
Run 19:
Best OCplx: 0.7496355659308624
Best Sequence: [22, 21, 19, 7, 15, 39, 17, 18, 1, 12, 5, 11, 25, 3, 24, 14, 32, 8, 30, 2, 13, 34, 38, 27, 10, 9, 26, 36, 16, 31, 35, 6, 33, 28, 20, 29, 37, 4, 23]
Run 20:
Best OCplx: 0.802728180651327
Best Sequence: [31, 29, 32, 13, 22, 14, 36, 3, 7, 30, 26, 24, 2, 11, 28, 20, 35, 23, 16, 21, 12, 34, 27, 10, 19, 9, 17, 8, 33, 18, 6, 4, 38, 15, 25, 37, 1, 39, 5]
Run 21:
Best OCplx: 0.8238954552226747
Best Sequence: [17, 39, 28, 8, 36, 20, 29, 11, 10, 22, 15, 13, 7, 31, 38, 27, 21, 19, 12, 2, 34, 32, 33, 37, 23, 9, 14, 5, 35, 3, 24, 26, 18, 25, 6, 4, 16, 1, 30]
Run 22:
Best OCplx: 0.7324907376370331
Best Sequence: [11, 7, 34, 39, 15, 21, 3, 16, 36, 30, 10, 31, 27, 20, 22, 23, 9, 13, 28, 37, 26, 33, 32, 12, 18, 2, 29, 6, 17, 8, 38, 1, 5, 4, 24, 25, 35, 14, 19]
Run 23:
Best OCplx: 0.8648335189087301
Best Sequence: [22, 7, 24, 13, 34, 8, 11, 28, 26, 18, 3, 21, 20, 29, 27, 39, 10, 36, 17, 12, 25, 19, 9, 14, 30, 35, 5, 15, 6, 38, 32, 23, 4, 2, 16, 1, 33, 31, 37]
Run 24:
Best OCplx: 0.9217452394932584
Best Sequence: [21, 26, 5, 16, 18, 2, 7, 22, 24, 27, 14, 11, 12, 8, 30, 10, 36, 39, 31, 20, 9, 38, 33, 37, 17, 6, 13, 15, 1, 4, 23, 3, 34, 25, 32, 29, 28, 35, 19]
Run 25:
Best OCplx: 0.9474801491389723
Best Sequence: [2, 30, 3, 36, 28, 20, 15, 13, 10, 23, 31, 11, 7, 14, 19, 39, 9, 27, 18, 37, 21, 29, 1, 35, 12, 17, 6, 24, 4, 38, 33, 22, 25, 5, 32, 16, 8, 26, 34]
Run 26:
Best OCplx: 0.6964312395160985
Best Sequence: [21, 7, 11, 38, 22, 10, 17, 2, 15, 36, 13, 28, 8, 30, 18, 24, 12, 3, 14, 27, 32, 31, 20, 1, 35, 39, 26, 16, 9, 33, 25, 29, 6, 19, 4, 34, 37, 5, 23]
Run 27:
Best OCplx: 0.9258481846721356
Best Sequence: [2, 11, 16, 36, 21, 15, 35, 8, 10, 5, 23, 31, 20, 27, 22, 28, 29, 9, 32, 6, 7, 18, 34, 12, 38, 24, 13, 17, 37, 19, 25, 14, 33, 39, 30, 26, 4, 3, 1]
Run 28:
Best OCplx: 0.8022947035487785
Best Sequence: [1, 11, 21, 10, 3, 24, 38, 7, 36, 9, 28, 8, 19, 27, 15, 23, 33, 37, 16, 17, 13, 29, 6, 35, 18, 32, 25, 2, 26, 22, 30, 34, 12, 14, 31, 39, 20, 4, 5]
Run 29:
Best OCplx: 0.7927457354598014
Best Sequence: [24, 16, 22, 35, 36, 32, 28, 27, 20, 11, 15, 38, 13, 39, 23, 10, 8, 34, 26, 29, 7, 5, 1, 9, 14, 3, 21, 31, 30, 2, 6, 37, 17, 33, 12, 4, 25, 19, 18]
Run 30:
Best OCplx: 0.8056019453662687
Best Sequence: [18, 20, 24, 22, 27, 39, 32, 23, 17, 26, 28, 11, 30, 10, 21, 7, 12, 3, 9, 16, 33, 31, 38, 37, 6, 2, 29, 19, 1, 36, 5, 13, 35, 14, 8, 15, 34, 25, 4]
