Run 1:
Best OCplx: 1.7299929667897718
Best Sequence: [62, 13, 47, 65, 3, 58, 31, 9, 29, 33, 15, 60, 24, 39, 4, 64, 48, 17, 43, 40, 14, 10, 50, 27, 34, 49, 25, 36, 35, 46, 22, 52, 57, 51, 8, 63, 53, 38, 42, 6, 5, 44, 41, 59, 55, 37, 16, 23, 28, 11, 61, 30, 21, 26, 2, 19, 20, 1, 18, 54, 56, 7, 45, 12, 32]
Run 2:
Best OCplx: 2.146863389048465
Best Sequence: [62, 43, 1, 3, 65, 16, 2, 58, 13, 19, 60, 22, 27, 51, 44, 33, 7, 18, 57, 17, 49, 12, 61, 63, 41, 14, 10, 28, 32, 52, 55, 4, 48, 25, 24, 21, 42, 53, 8, 39, 35, 37, 59, 64, 23, 30, 56, 54, 50, 36, 5, 29, 46, 45, 6, 9, 34, 11, 38, 20, 26, 40, 31, 47, 15]
Run 3:
Best OCplx: 2.0512691566328147
Best Sequence: [4, 58, 13, 65, 55, 27, 63, 14, 46, 43, 6, 16, 17, 8, 23, 26, 37, 61, 54, 21, 36, 64, 22, 51, 3, 2, 53, 59, 29, 38, 12, 28, 25, 9, 20, 49, 10, 62, 31, 24, 42, 45, 35, 56, 19, 11, 60, 47, 30, 7, 5, 57, 44, 50, 33, 41, 52, 48, 39, 15, 32, 18, 34, 40, 1]
Run 4:
Best OCplx: 2.0790126422629234
Best Sequence: [16, 41, 15, 64, 24, 19, 65, 17, 10, 51, 13, 59, 12, 30, 57, 58, 62, 49, 28, 2, 22, 27, 40, 63, 34, 61, 26, 31, 35, 29, 8, 20, 9, 3, 14, 43, 32, 60, 33, 39, 56, 54, 7, 23, 37, 38, 52, 6, 44, 1, 48, 21, 50, 53, 11, 45, 18, 46, 36, 55, 5, 42, 47, 25, 4]
Run 5:
Best OCplx: 1.9705354985696117
Best Sequence: [59, 58, 22, 46, 14, 19, 65, 17, 21, 36, 45, 16, 42, 15, 29, 12, 27, 33, 25, 40, 50, 28, 56, 13, 43, 52, 60, 4, 1, 47, 30, 57, 63, 49, 8, 18, 61, 20, 3, 53, 41, 32, 44, 48, 62, 55, 23, 11, 10, 2, 54, 31, 6, 35, 26, 39, 24, 37, 5, 34, 9, 38, 7, 51, 64]
Run 6:
Best OCplx: 1.9310792091991669
Best Sequence: [13, 64, 65, 4, 58, 59, 54, 57, 22, 14, 38, 34, 42, 17, 6, 32, 39, 44, 26, 52, 48, 9, 24, 41, 50, 8, 40, 3, 12, 49, 37, 15, 23, 43, 33, 20, 62, 36, 18, 29, 53, 46, 60, 47, 5, 35, 61, 31, 2, 16, 63, 7, 51, 28, 45, 11, 55, 10, 27, 21, 25, 1, 56, 30, 19]
Run 7:
Best OCplx: 1.765826080701252
Best Sequence: [9, 59, 12, 4, 54, 62, 19, 17, 10, 15, 6, 14, 16, 24, 27, 65, 1, 13, 2, 64, 3, 44, 58, 22, 50, 52, 53, 21, 51, 31, 38, 5, 63, 32, 41, 49, 47, 57, 20, 26, 30, 45, 48, 33, 29, 55, 35, 46, 43, 61, 28, 56, 40, 39, 25, 23, 60, 36, 8, 11, 34, 42, 7, 18, 37]
Run 8:
Best OCplx: 2.1306310043791594
Best Sequence: [15, 9, 62, 59, 16, 1, 64, 10, 2, 4, 65, 24, 19, 14, 12, 32, 7, 42, 53, 27, 58, 54, 17, 29, 57, 13, 6, 51, 52, 38, 28, 22, 36, 11, 40, 60, 49, 55, 56, 25, 50, 34, 5, 8, 46, 20, 41, 61, 45, 48, 37, 23, 63, 30, 18, 31, 35, 39, 21, 44, 26, 43, 33, 3, 47]
Run 9:
Best OCplx: 2.1079231667935177
Best Sequence: [4, 58, 64, 54, 2, 29, 40, 24, 35, 56, 38, 17, 39, 45, 60, 42, 27, 18, 34, 22, 33, 49, 32, 14, 61, 53, 65, 12, 23, 44, 47, 57, 59, 26, 19, 9, 48, 63, 13, 20, 43, 36, 28, 5, 16, 1, 8, 51, 7, 62, 11, 52, 41, 50, 31, 37, 30, 55, 10, 21, 46, 15, 6, 3, 25]
Run 10:
Best OCplx: 2.137131616998122
Best Sequence: [62, 17, 3, 64, 19, 24, 58, 43, 34, 6, 11, 40, 39, 49, 27, 22, 31, 63, 37, 53, 35, 33, 51, 26, 50, 44, 57, 65, 52, 42, 8, 20, 14, 41, 61, 21, 1, 15, 4, 23, 13, 60, 38, 10, 30, 5, 12, 18, 48, 36, 56, 32, 55, 54, 47, 28, 2, 25, 9, 46, 29, 7, 16, 59, 45]
Run 11:
Best OCplx: 2.158753427796176
Best Sequence: [65, 1, 10, 64, 59, 2, 19, 14, 15, 58, 41, 37, 62, 13, 28, 44, 56, 39, 24, 12, 54, 31, 55, 9, 22, 30, 8, 23, 16, 43, 26, 45, 25, 61, 42, 49, 18, 3, 47, 27, 38, 36, 20, 5, 34, 21, 29, 63, 60, 33, 52, 4, 53, 35, 50, 48, 51, 6, 11, 17, 57, 7, 40, 46, 32]
Run 12:
Best OCplx: 2.2137100016316973
Best Sequence: [10, 59, 58, 43, 25, 15, 41, 32, 46, 22, 39, 30, 29, 38, 13, 12, 27, 61, 48, 31, 35, 51, 44, 8, 17, 63, 14, 4, 64, 45, 18, 50, 36, 34, 49, 65, 7, 62, 33, 56, 47, 9, 2, 23, 1, 16, 42, 3, 60, 28, 54, 52, 5, 57, 40, 19, 53, 11, 55, 6, 21, 20, 24, 26, 37]
Run 13:
Best OCplx: 2.093099249692945
Best Sequence: [4, 17, 2, 10, 59, 30, 9, 3, 1, 43, 19, 12, 65, 16, 24, 13, 62, 15, 58, 31, 33, 8, 7, 28, 41, 42, 22, 53, 14, 55, 50, 25, 38, 47, 45, 6, 40, 49, 36, 61, 27, 18, 32, 35, 64, 20, 26, 5, 56, 51, 34, 23, 63, 48, 57, 37, 21, 29, 11, 39, 54, 44, 52, 60, 46]
Run 14:
Best OCplx: 1.993445502838465
Best Sequence: [17, 65, 1, 14, 2, 59, 25, 57, 15, 19, 13, 27, 20, 9, 4, 58, 35, 49, 22, 42, 34, 21, 38, 54, 5, 28, 43, 64, 16, 52, 26, 29, 44, 56, 46, 12, 8, 41, 24, 7, 10, 39, 47, 3, 45, 23, 62, 36, 32, 51, 53, 60, 33, 48, 11, 40, 37, 55, 61, 18, 6, 63, 30, 50, 31]
Run 15:
Best OCplx: 1.5806609272620384
Best Sequence: [10, 65, 58, 61, 30, 62, 27, 13, 15, 51, 59, 35, 22, 53, 4, 49, 11, 3, 31, 2, 60, 16, 37, 24, 25, 32, 55, 63, 42, 6, 26, 50, 54, 17, 34, 8, 33, 45, 41, 48, 29, 52, 47, 19, 43, 28, 14, 5, 38, 20, 57, 23, 12, 7, 18, 40, 46, 44, 1, 36, 64, 21, 39, 56, 9]
Run 16:
Best OCplx: 2.090765204084708
Best Sequence: [16, 4, 59, 65, 64, 49, 62, 2, 42, 58, 30, 22, 31, 57, 41, 10, 14, 28, 60, 12, 15, 61, 51, 8, 13, 29, 63, 35, 54, 53, 24, 6, 11, 9, 27, 21, 40, 26, 36, 3, 17, 38, 7, 34, 37, 25, 44, 33, 50, 56, 46, 23, 32, 20, 55, 47, 48, 18, 5, 52, 39, 45, 1, 19, 43]
Run 17:
Best OCplx: 1.8653904037818765
Best Sequence: [10, 3, 59, 19, 65, 4, 60, 16, 17, 29, 1, 62, 15, 27, 58, 24, 38, 23, 41, 54, 40, 46, 45, 43, 63, 61, 13, 30, 34, 48, 64, 37, 8, 22, 20, 50, 33, 51, 55, 14, 18, 47, 26, 42, 56, 25, 36, 57, 39, 32, 6, 44, 35, 31, 5, 11, 2, 52, 7, 12, 21, 28, 53, 49, 9]
Run 18:
Best OCplx: 1.8967653602255645
Best Sequence: [10, 16, 24, 2, 27, 59, 64, 58, 30, 22, 44, 28, 38, 51, 62, 36, 13, 17, 29, 12, 19, 9, 63, 25, 50, 23, 47, 32, 3, 61, 1, 14, 45, 49, 65, 54, 56, 52, 21, 53, 7, 40, 8, 33, 18, 39, 48, 55, 31, 46, 35, 15, 57, 20, 26, 11, 34, 6, 60, 37, 43, 42, 5, 4, 41]
Run 19:
Best OCplx: 1.7113700395064677
Best Sequence: [62, 9, 1, 14, 64, 3, 2, 65, 10, 17, 12, 59, 19, 16, 13, 6, 21, 58, 51, 24, 29, 27, 56, 60, 61, 22, 39, 44, 5, 36, 23, 20, 30, 28, 50, 47, 52, 37, 46, 41, 31, 25, 49, 35, 18, 33, 40, 11, 53, 55, 26, 15, 42, 34, 43, 48, 8, 45, 7, 54, 38, 57, 4, 32, 63]
Run 20:
Best OCplx: 1.8374923085242134
Best Sequence: [9, 2, 6, 3, 59, 4, 13, 65, 62, 10, 1, 24, 15, 39, 58, 64, 31, 52, 36, 43, 40, 51, 16, 27, 41, 57, 50, 14, 5, 19, 46, 42, 61, 8, 49, 7, 25, 11, 60, 18, 22, 45, 63, 23, 30, 32, 20, 38, 48, 28, 37, 21, 54, 26, 17, 33, 34, 55, 29, 12, 53, 47, 44, 35, 56]
Run 21:
Best OCplx: 1.8069250099370826
Best Sequence: [62, 3, 14, 17, 13, 34, 64, 16, 6, 59, 4, 24, 65, 12, 15, 19, 63, 58, 2, 8, 46, 54, 27, 18, 57, 10, 41, 49, 43, 31, 22, 25, 30, 39, 45, 40, 1, 52, 29, 55, 21, 20, 37, 7, 32, 53, 44, 38, 28, 61, 33, 50, 26, 60, 48, 51, 11, 23, 35, 9, 42, 56, 5, 47, 36]
Run 22:
Best OCplx: 2.0823245220227635
Best Sequence: [4, 17, 10, 1, 2, 11, 29, 27, 58, 22, 13, 46, 8, 44, 61, 64, 42, 28, 38, 14, 26, 33, 5, 41, 36, 40, 60, 62, 37, 48, 52, 59, 23, 43, 49, 3, 9, 50, 30, 6, 39, 56, 20, 19, 7, 54, 15, 31, 16, 35, 45, 65, 57, 53, 21, 12, 32, 18, 47, 34, 25, 63, 55, 51, 24]
Run 23:
Best OCplx: 2.0687135155576444
Best Sequence: [62, 14, 59, 24, 13, 17, 32, 58, 22, 37, 21, 29, 23, 20, 44, 45, 16, 27, 40, 48, 30, 35, 31, 6, 10, 41, 2, 4, 55, 11, 47, 25, 36, 28, 65, 3, 52, 49, 63, 19, 64, 43, 26, 53, 5, 57, 46, 60, 42, 15, 8, 9, 34, 51, 1, 50, 12, 38, 61, 39, 7, 18, 33, 54, 56]
Run 24:
Best OCplx: 2.3429852507278777
Best Sequence: [19, 58, 3, 63, 24, 7, 11, 13, 22, 23, 18, 34, 62, 20, 17, 39, 45, 50, 30, 15, 61, 55, 12, 41, 2, 14, 10, 33, 1, 60, 43, 28, 40, 53, 59, 37, 32, 29, 54, 27, 25, 21, 35, 16, 42, 38, 51, 5, 9, 56, 64, 6, 49, 4, 48, 46, 65, 26, 57, 52, 8, 31, 47, 44, 36]
Run 25:
Best OCplx: 1.8025795953786456
Best Sequence: [15, 3, 14, 1, 19, 2, 13, 59, 10, 9, 4, 65, 16, 58, 26, 27, 8, 6, 22, 49, 36, 24, 7, 48, 38, 18, 25, 32, 53, 33, 39, 62, 42, 50, 29, 41, 43, 34, 5, 28, 54, 23, 44, 11, 52, 55, 40, 20, 31, 12, 60, 51, 35, 30, 46, 21, 57, 17, 56, 45, 47, 37, 61, 64, 63]
Run 26:
Best OCplx: 2.1015425364880507
Best Sequence: [44, 10, 2, 14, 15, 65, 58, 53, 17, 9, 39, 62, 50, 37, 49, 61, 31, 42, 24, 11, 51, 16, 64, 59, 57, 35, 22, 6, 46, 40, 8, 27, 63, 43, 5, 18, 7, 36, 23, 21, 34, 25, 28, 54, 26, 45, 60, 4, 1, 33, 12, 55, 13, 3, 47, 32, 56, 48, 19, 30, 29, 41, 20, 52, 38]
Run 27:
Best OCplx: 1.9370566316048372
Best Sequence: [3, 13, 64, 19, 61, 58, 63, 37, 29, 60, 15, 14, 55, 8, 31, 27, 24, 38, 44, 22, 62, 57, 49, 36, 35, 10, 28, 21, 17, 7, 32, 52, 54, 48, 1, 51, 30, 42, 33, 9, 16, 34, 23, 41, 18, 53, 40, 26, 12, 20, 56, 5, 39, 4, 50, 46, 47, 65, 59, 11, 45, 6, 43, 25, 2]
Run 28:
Best OCplx: 1.8019032280141423
Best Sequence: [65, 64, 16, 44, 40, 19, 9, 59, 24, 3, 1, 13, 63, 2, 14, 17, 58, 29, 27, 8, 4, 10, 6, 37, 48, 11, 62, 23, 56, 22, 34, 38, 61, 21, 31, 7, 12, 53, 33, 41, 32, 52, 28, 54, 45, 60, 46, 18, 39, 5, 20, 57, 25, 50, 35, 51, 47, 43, 42, 49, 15, 26, 36, 55, 30]
Run 29:
Best OCplx: 1.7419373380935987
Best Sequence: [3, 16, 10, 17, 2, 59, 15, 19, 12, 24, 6, 27, 4, 65, 29, 9, 1, 58, 41, 13, 64, 55, 57, 50, 23, 30, 35, 38, 26, 45, 61, 43, 36, 22, 40, 25, 32, 39, 20, 52, 31, 11, 34, 28, 14, 51, 63, 21, 53, 44, 60, 8, 47, 18, 46, 56, 5, 62, 54, 33, 48, 37, 42, 49, 7]
Run 30:
Best OCplx: 2.003945110906267
Best Sequence: [12, 59, 9, 2, 65, 14, 21, 48, 10, 13, 64, 61, 62, 3, 6, 19, 16, 58, 24, 27, 34, 30, 11, 23, 17, 15, 55, 46, 57, 22, 45, 60, 40, 33, 47, 20, 32, 53, 5, 26, 56, 29, 52, 37, 63, 28, 1, 18, 36, 43, 49, 31, 50, 4, 38, 8, 39, 41, 25, 44, 42, 51, 54, 35, 7]
Learning Rate: 0.001
Epsilon: 0.1
Gamma: 0.99
Reward Version: v2
