Run 1:
Best OCplx: 8.634452019797218
Best Sequence: [18, 29, 15, 42, 44, 22, 33, 36, 11, 38, 8, 25, 7, 43, 20, 5, 1, 13, 10, 41, 28, 31, 40, 14, 37, 19, 39, 34, 12, 32, 21, 27, 9, 4, 16, 35, 6, 2, 30, 3, 26, 45, 17, 24, 23]
Run 2:
Best OCplx: 10.555675522076601
Best Sequence: [11, 43, 15, 20, 8, 16, 25, 9, 1, 31, 10, 17, 13, 28, 39, 34, 36, 37, 42, 29, 18, 44, 33, 22, 6, 38, 14, 30, 41, 40, 4, 2, 32, 21, 5, 24, 12, 27, 19, 45, 35, 7, 23, 3, 26]
Run 3:
Best OCplx: 12.336875945022873
Best Sequence: [33, 42, 20, 34, 19, 16, 31, 37, 15, 29, 32, 6, 17, 44, 13, 18, 7, 30, 3, 26, 39, 10, 12, 1, 11, 41, 43, 8, 40, 4, 5, 25, 23, 2, 35, 9, 28, 27, 38, 45, 36, 14, 24, 22, 21]
Run 4:
Best OCplx: 9.111455595652076
Best Sequence: [26, 20, 18, 17, 37, 31, 12, 7, 9, 38, 19, 42, 4, 13, 43, 40, 28, 34, 25, 11, 10, 29, 44, 16, 5, 41, 36, 27, 22, 14, 32, 21, 33, 15, 2, 35, 6, 30, 3, 45, 24, 8, 39, 23, 1]
Run 5:
Best OCplx: 9.33032735740537
Best Sequence: [1, 17, 27, 5, 38, 36, 13, 15, 10, 43, 20, 31, 14, 12, 42, 9, 18, 26, 41, 19, 30, 32, 11, 21, 28, 40, 29, 3, 39, 7, 16, 37, 33, 34, 22, 4, 44, 6, 24, 2, 8, 25, 45, 35, 23]
Run 6:
Best OCplx: 10.44576715645971
Best Sequence: [31, 18, 8, 27, 17, 14, 1, 26, 33, 44, 13, 28, 36, 5, 37, 22, 34, 12, 41, 20, 10, 4, 43, 30, 32, 42, 19, 7, 25, 40, 11, 9, 16, 3, 35, 6, 29, 2, 15, 38, 39, 21, 24, 45, 23]
Run 7:
Best OCplx: 8.85750333373734
Best Sequence: [18, 10, 14, 31, 32, 1, 11, 20, 17, 15, 16, 19, 7, 28, 36, 12, 37, 42, 13, 22, 9, 38, 25, 29, 41, 30, 43, 33, 5, 6, 44, 27, 4, 34, 39, 2, 40, 35, 26, 8, 3, 45, 23, 24, 21]
Run 8:
Best OCplx: 9.465400049808707
Best Sequence: [18, 27, 20, 40, 42, 1, 43, 26, 38, 5, 34, 8, 7, 12, 4, 39, 31, 36, 17, 28, 10, 37, 13, 33, 29, 14, 41, 32, 44, 9, 22, 15, 2, 6, 19, 35, 30, 11, 24, 25, 3, 21, 16, 45, 23]
Run 9:
Best OCplx: 7.589917995550643
Best Sequence: [18, 33, 9, 15, 13, 20, 44, 38, 29, 28, 25, 42, 17, 31, 12, 41, 36, 40, 8, 5, 10, 16, 19, 1, 22, 14, 39, 43, 7, 37, 34, 4, 6, 32, 2, 21, 35, 30, 27, 26, 3, 45, 11, 24, 23]
Run 10:
Best OCplx: 9.712225197033499
Best Sequence: [10, 18, 14, 11, 15, 16, 8, 37, 32, 12, 20, 39, 33, 41, 9, 22, 1, 38, 19, 44, 34, 7, 31, 5, 29, 40, 43, 6, 28, 42, 17, 36, 21, 13, 27, 26, 30, 25, 3, 24, 4, 35, 2, 45, 23]
Run 11:
Best OCplx: 10.311983826984392
Best Sequence: [9, 18, 28, 36, 15, 43, 26, 5, 20, 12, 44, 4, 14, 33, 22, 6, 16, 29, 17, 37, 34, 35, 8, 32, 39, 13, 2, 10, 40, 27, 30, 11, 7, 21, 25, 42, 31, 41, 38, 1, 24, 3, 45, 23, 19]
Run 12:
Best OCplx: 8.844280320733986
Best Sequence: [1, 11, 34, 20, 8, 18, 13, 36, 28, 31, 5, 33, 37, 44, 19, 42, 38, 41, 17, 15, 40, 4, 32, 9, 12, 10, 16, 7, 25, 39, 21, 29, 35, 14, 2, 3, 30, 6, 27, 26, 24, 23, 43, 45, 22]
Run 13:
Best OCplx: 9.37142228181213
Best Sequence: [20, 17, 11, 14, 18, 22, 33, 39, 9, 31, 44, 15, 32, 30, 16, 12, 25, 34, 28, 36, 4, 27, 8, 35, 41, 3, 37, 29, 1, 42, 13, 2, 5, 10, 38, 19, 26, 6, 7, 40, 21, 24, 43, 45, 23]
Run 14:
Best OCplx: 10.024798852786354
Best Sequence: [38, 29, 20, 18, 31, 14, 15, 27, 41, 26, 39, 4, 36, 16, 40, 9, 10, 25, 12, 43, 8, 28, 5, 34, 32, 33, 11, 19, 37, 42, 44, 21, 2, 1, 6, 17, 22, 35, 30, 24, 13, 3, 23, 45, 7]
Run 15:
Best OCplx: 9.725546050928294
Best Sequence: [13, 17, 41, 12, 14, 20, 38, 33, 36, 31, 10, 43, 28, 1, 11, 42, 16, 15, 29, 8, 9, 37, 44, 7, 40, 39, 25, 5, 34, 27, 19, 22, 4, 21, 32, 6, 18, 26, 30, 24, 2, 35, 23, 3, 45]
Run 16:
Best OCplx: 7.584513557172155
Best Sequence: [36, 28, 20, 7, 44, 25, 17, 29, 42, 43, 38, 39, 31, 8, 11, 19, 9, 22, 15, 41, 10, 1, 14, 13, 33, 34, 6, 12, 37, 18, 16, 40, 21, 32, 5, 2, 27, 26, 4, 35, 30, 23, 45, 24, 3]
Run 17:
Best OCplx: 8.672642620312393
Best Sequence: [20, 18, 31, 37, 8, 10, 33, 42, 41, 12, 17, 25, 43, 34, 16, 5, 27, 19, 1, 38, 39, 11, 44, 6, 14, 29, 28, 13, 22, 4, 36, 15, 21, 9, 30, 7, 40, 2, 3, 32, 26, 35, 45, 24, 23]
Run 18:
Best OCplx: 9.756377929762484
Best Sequence: [31, 36, 20, 10, 1, 8, 19, 16, 15, 11, 5, 14, 39, 28, 42, 29, 9, 44, 17, 32, 33, 4, 41, 34, 13, 21, 26, 37, 43, 18, 7, 40, 30, 12, 3, 22, 45, 27, 38, 6, 25, 2, 23, 35, 24]
Run 19:
Best OCplx: 9.522177407271423
Best Sequence: [20, 17, 26, 1, 39, 16, 36, 22, 37, 10, 13, 15, 28, 7, 14, 18, 42, 33, 29, 25, 38, 5, 8, 19, 43, 44, 12, 31, 9, 30, 40, 41, 35, 32, 34, 11, 27, 21, 3, 4, 2, 45, 6, 24, 23]
Run 20:
Best OCplx: 9.573154833881901
Best Sequence: [20, 44, 15, 42, 13, 8, 25, 17, 14, 38, 41, 12, 11, 1, 10, 29, 28, 19, 9, 37, 22, 31, 39, 7, 40, 6, 32, 36, 21, 18, 27, 26, 30, 3, 43, 33, 5, 2, 34, 35, 4, 16, 24, 23, 45]
Run 21:
Best OCplx: 9.228740159209817
Best Sequence: [22, 13, 37, 20, 18, 39, 17, 14, 31, 42, 38, 44, 33, 8, 29, 28, 4, 10, 32, 9, 43, 36, 19, 34, 25, 16, 7, 5, 6, 40, 11, 1, 15, 12, 21, 26, 30, 2, 35, 3, 45, 27, 41, 24, 23]
Run 22:
Best OCplx: 10.457168642631077
Best Sequence: [14, 5, 43, 31, 17, 25, 13, 8, 10, 16, 12, 44, 19, 1, 36, 9, 22, 15, 32, 7, 42, 41, 11, 40, 28, 6, 39, 18, 38, 4, 21, 33, 27, 34, 37, 29, 2, 26, 35, 30, 3, 24, 45, 20, 23]
Run 23:
Best OCplx: 9.060619501459449
Best Sequence: [10, 36, 18, 4, 11, 20, 5, 42, 8, 29, 39, 9, 31, 38, 17, 19, 32, 15, 16, 13, 25, 12, 40, 43, 33, 22, 41, 6, 1, 44, 28, 26, 37, 21, 2, 27, 34, 30, 3, 35, 7, 23, 14, 24, 45]
Run 24:
Best OCplx: 8.99108076587628
Best Sequence: [41, 18, 31, 39, 12, 20, 36, 1, 10, 9, 42, 25, 5, 15, 43, 7, 44, 14, 32, 29, 28, 16, 33, 38, 8, 19, 37, 4, 40, 6, 2, 35, 30, 34, 26, 27, 21, 45, 3, 17, 11, 13, 23, 22, 24]
Run 25:
Best OCplx: 9.25837999445374
Best Sequence: [18, 13, 12, 31, 28, 16, 20, 40, 10, 17, 22, 9, 4, 32, 25, 14, 15, 44, 42, 8, 33, 39, 43, 41, 11, 2, 19, 26, 38, 30, 21, 1, 5, 27, 35, 34, 29, 36, 3, 45, 37, 23, 6, 7, 24]
Run 26:
Best OCplx: 10.09539142472499
Best Sequence: [22, 1, 14, 18, 25, 29, 31, 20, 11, 17, 36, 10, 26, 5, 27, 39, 42, 30, 38, 13, 43, 12, 9, 37, 44, 41, 15, 40, 33, 16, 6, 4, 28, 7, 34, 8, 3, 2, 35, 24, 21, 45, 23, 19, 32]
Run 27:
Best OCplx: 9.288655375178502
Best Sequence: [39, 28, 9, 16, 20, 19, 29, 41, 42, 11, 6, 15, 13, 1, 14, 10, 17, 43, 36, 5, 7, 38, 12, 18, 44, 8, 22, 40, 37, 31, 4, 32, 25, 21, 30, 33, 26, 2, 27, 35, 3, 45, 34, 24, 23]
Run 28:
Best OCplx: 9.254495851777538
Best Sequence: [18, 26, 20, 17, 9, 38, 42, 31, 12, 41, 10, 34, 44, 5, 25, 16, 29, 4, 30, 40, 36, 8, 32, 1, 15, 22, 33, 43, 2, 11, 27, 13, 19, 37, 21, 35, 3, 14, 6, 39, 28, 45, 7, 24, 23]
Run 29:
Best OCplx: 11.29684388114813
Best Sequence: [18, 29, 20, 11, 17, 38, 14, 8, 36, 1, 5, 13, 25, 27, 22, 44, 40, 7, 9, 32, 39, 42, 19, 31, 10, 15, 37, 28, 6, 30, 41, 4, 43, 2, 26, 3, 21, 35, 34, 33, 16, 24, 45, 23, 12]
Run 30:
Best OCplx: 8.845288284673703
Best Sequence: [18, 19, 26, 10, 11, 36, 20, 13, 38, 37, 41, 31, 1, 33, 34, 17, 43, 25, 42, 15, 39, 8, 44, 5, 28, 16, 9, 35, 14, 4, 7, 40, 6, 2, 29, 21, 22, 30, 3, 27, 12, 32, 23, 24, 45]
