Run 1:
Best OCplx: 0.6226292204118632
Best Sequence: [8, 11, 23, 13, 16, 12, 1, 6, 14, 21, 18, 22, 9, 20, 15, 10, 5, 17, 19, 4, 7, 2, 3]
Run 2:
Best OCplx: 0.5414167134016202
Best Sequence: [13, 16, 12, 11, 5, 17, 10, 23, 14, 9, 21, 8, 6, 1, 4, 22, 2, 7, 3, 18, 20, 15, 19]
Run 3:
Best OCplx: 0.39787839399839464
Best Sequence: [16, 17, 11, 12, 19, 6, 9, 8, 1, 4, 13, 10, 21, 7, 5, 23, 22, 14, 2, 3, 20, 18, 15]
Run 4:
Best OCplx: 0.5061617366787187
Best Sequence: [18, 11, 13, 17, 19, 12, 20, 16, 7, 1, 21, 14, 6, 8, 9, 10, 5, 4, 23, 2, 3, 15, 22]
Run 5:
Best OCplx: 0.3675829840208334
Best Sequence: [13, 10, 9, 8, 1, 5, 19, 6, 21, 12, 4, 11, 7, 18, 2, 22, 16, 17, 3, 23, 15, 14, 20]
Run 6:
Best OCplx: 0.37080755832831364
Best Sequence: [13, 9, 11, 16, 12, 21, 10, 6, 1, 17, 8, 20, 4, 7, 5, 14, 22, 2, 19, 3, 18, 15, 23]
Run 7:
Best OCplx: 0.5414167134016202
Best Sequence: [13, 9, 12, 11, 4, 1, 16, 8, 19, 21, 22, 6, 5, 2, 17, 18, 15, 10, 14, 7, 23, 3, 20]
Run 8:
Best OCplx: 0.48727504206145816
Best Sequence: [9, 1, 20, 17, 11, 12, 13, 19, 23, 16, 21, 8, 7, 4, 18, 22, 6, 14, 10, 5, 2, 3, 15]
Run 9:
Best OCplx: 0.46020420639137716
Best Sequence: [18, 21, 16, 17, 9, 8, 20, 12, 4, 23, 13, 1, 5, 19, 2, 11, 6, 14, 7, 3, 15, 22, 10]
Run 10:
Best OCplx: 0.5143458777315393
Best Sequence: [16, 8, 11, 12, 10, 19, 9, 21, 4, 6, 1, 7, 13, 5, 14, 15, 22, 2, 23, 17, 3, 20, 18]
Run 11:
Best OCplx: 0.5143458777315393
Best Sequence: [11, 13, 16, 12, 10, 9, 8, 4, 17, 18, 7, 21, 23, 6, 22, 1, 5, 3, 2, 15, 19, 20, 14]
Run 12:
Best OCplx: 0.4520200653385567
Best Sequence: [9, 7, 16, 12, 22, 17, 6, 18, 21, 8, 14, 4, 11, 10, 5, 1, 2, 3, 15, 20, 13, 19, 23]
Run 13:
Best OCplx: 0.3789916993811342
Best Sequence: [21, 19, 9, 12, 8, 7, 16, 11, 10, 4, 5, 17, 1, 14, 22, 23, 6, 15, 18, 2, 20, 13, 3]
Run 14:
Best OCplx: 0.4217246553609954
Best Sequence: [10, 22, 1, 21, 13, 17, 11, 12, 9, 7, 4, 5, 8, 2, 23, 6, 14, 18, 16, 19, 3, 15, 20]
Run 15:
Best OCplx: 0.43313337072129615
Best Sequence: [5, 7, 18, 19, 13, 8, 17, 12, 11, 21, 10, 9, 22, 23, 4, 16, 1, 2, 6, 3, 15, 20, 14]
Run 16:
Best OCplx: 0.4331333707212962
Best Sequence: [21, 8, 12, 11, 1, 9, 17, 13, 23, 16, 10, 18, 6, 5, 7, 4, 19, 14, 15, 2, 20, 3, 22]
Run 17:
Best OCplx: 0.3248500280409721
Best Sequence: [11, 8, 21, 22, 13, 9, 16, 12, 18, 17, 19, 1, 15, 10, 6, 5, 4, 7, 23, 2, 3, 20, 14]
Run 18:
Best OCplx: 0.40606253505121515
Best Sequence: [12, 9, 16, 11, 18, 8, 10, 19, 1, 4, 20, 22, 21, 17, 7, 14, 5, 6, 23, 2, 3, 13, 15]
Run 19:
Best OCplx: 0.43313337072129615
Best Sequence: [21, 20, 7, 11, 9, 8, 12, 18, 10, 5, 13, 16, 22, 1, 4, 23, 6, 2, 3, 17, 15, 19, 14]
Run 20:
Best OCplx: 0.5684875490717014
Best Sequence: [8, 22, 12, 17, 5, 16, 7, 9, 19, 6, 1, 15, 21, 11, 13, 4, 10, 18, 2, 3, 23, 14, 20]
Run 21:
Best OCplx: 0.48727504206145816
Best Sequence: [16, 1, 11, 8, 5, 10, 12, 9, 7, 13, 23, 4, 22, 2, 6, 21, 18, 20, 3, 14, 17, 15, 19]
Run 22:
Best OCplx: 0.37080755832831364
Best Sequence: [22, 13, 6, 19, 16, 8, 9, 11, 7, 12, 10, 4, 5, 1, 17, 14, 21, 18, 2, 23, 3, 15, 20]
Run 23:
Best OCplx: 0.4487954910310764
Best Sequence: [22, 19, 7, 21, 8, 12, 17, 10, 9, 18, 4, 11, 20, 23, 5, 6, 1, 14, 13, 2, 16, 3, 15]
Run 24:
Best OCplx: 0.4602042063913772
Best Sequence: [11, 9, 17, 10, 5, 12, 16, 8, 22, 18, 1, 19, 20, 4, 13, 7, 6, 3, 2, 15, 14, 23, 21]
Run 25:
Best OCplx: 0.40606253505121515
Best Sequence: [1, 12, 18, 8, 19, 23, 9, 11, 21, 10, 22, 17, 5, 4, 14, 16, 2, 13, 7, 6, 3, 20, 15]
Run 26:
Best OCplx: 0.46020420639137716
Best Sequence: [12, 9, 4, 11, 8, 16, 22, 1, 21, 5, 18, 13, 6, 2, 3, 19, 23, 17, 14, 15, 20, 7, 10]
Run 27:
Best OCplx: 0.4602042063913772
Best Sequence: [11, 12, 21, 7, 1, 9, 18, 16, 10, 17, 8, 5, 6, 23, 20, 4, 19, 15, 14, 13, 22, 2, 3]
Run 28:
Best OCplx: 0.3946538196909144
Best Sequence: [9, 1, 12, 10, 7, 21, 16, 17, 19, 22, 5, 18, 8, 13, 23, 14, 6, 4, 20, 11, 2, 3, 15]
Run 29:
Best OCplx: 0.48727504206145816
Best Sequence: [16, 19, 9, 5, 12, 7, 8, 13, 21, 14, 6, 22, 11, 1, 23, 4, 17, 10, 20, 2, 3, 15, 18]
Run 30:
Best OCplx: 0.5250484312959792
Best Sequence: [8, 7, 22, 6, 12, 11, 5, 10, 18, 4, 21, 16, 1, 17, 13, 14, 19, 9, 2, 23, 3, 15, 20]

Mean: 0.4559
Min: 0.3249
Max: 0.6226
Std: 0.0665