Run 1:
Best OCplx: 0.7071067811865475
Best Sequence: [8, 19, 9, 16, 1, 21, 11, 12, 7, 5, 4, 10, 17, 6, 3, 13, 22, 23, 14, 18, 15, 2, 20]
Run 2:
Best OCplx: 0.32141217326661253
Best Sequence: [8, 13, 7, 11, 9, 22, 10, 5, 21, 16, 19, 12, 4, 23, 6, 18, 1, 17, 2, 20, 14, 3, 15]
Run 3:
Best OCplx: 0.4821182598999188
Best Sequence: [8, 14, 23, 13, 1, 21, 19, 9, 17, 12, 7, 4, 18, 11, 22, 6, 10, 20, 16, 5, 2, 3, 15]
Run 4:
Best OCplx: 0.7071067811865476
Best Sequence: [8, 22, 5, 16, 6, 12, 9, 4, 11, 23, 10, 14, 1, 7, 13, 20, 21, 2, 3, 17, 15, 18, 19]
Run 5:
Best OCplx: 0.6749655638598863
Best Sequence: [8, 17, 19, 20, 9, 11, 22, 1, 12, 23, 10, 13, 14, 21, 16, 15, 4, 18, 5, 6, 2, 7, 3]
Run 6:
Best OCplx: 0.6211147322920316
Best Sequence: [8, 12, 4, 18, 21, 10, 5, 1, 17, 9, 19, 11, 6, 7, 2, 23, 16, 3, 15, 14, 20, 13, 22]
Run 7:
Best OCplx: 0.4821182598999188
Best Sequence: [8, 11, 1, 9, 16, 10, 21, 23, 17, 13, 19, 14, 12, 5, 20, 18, 22, 4, 2, 7, 6, 3, 15]
Run 8:
Best OCplx: 0.5785419118799026
Best Sequence: [8, 14, 12, 9, 11, 10, 19, 20, 16, 13, 22, 17, 1, 23, 4, 5, 6, 2, 18, 7, 3, 21, 15]
Run 9:
Best OCplx: 0.4821182598999188
Best Sequence: [8, 9, 12, 17, 11, 23, 21, 10, 1, 5, 6, 4, 20, 16, 19, 14, 13, 22, 2, 3, 18, 15, 7]
Run 10:
Best OCplx: 0.7392479985132088
Best Sequence: [8, 20, 1, 11, 7, 9, 10, 17, 16, 5, 19, 12, 14, 6, 15, 22, 4, 23, 13, 2, 3, 18, 21]
Run 11:
Best OCplx: 0.5246910803120479
Best Sequence: [8, 7, 19, 10, 5, 12, 21, 9, 6, 22, 16, 4, 18, 17, 1, 14, 23, 2, 3, 20, 15, 13, 11]
Run 12:
Best OCplx: 0.6211147322920317
Best Sequence: [8, 12, 17, 13, 6, 10, 1, 9, 16, 19, 7, 4, 18, 14, 22, 20, 11, 21, 5, 2, 3, 15, 23]
Run 13:
Best OCplx: 0.7071067811865475
Best Sequence: [8, 12, 21, 9, 16, 7, 1, 19, 17, 13, 11, 23, 5, 22, 10, 6, 14, 20, 4, 18, 15, 2, 3]
Run 14:
Best OCplx: 0.5464006945532411
Best Sequence: [8, 12, 19, 13, 5, 11, 9, 22, 1, 4, 18, 6, 7, 23, 2, 3, 20, 21, 16, 10, 15, 14, 17]
Run 15:
Best OCplx: 0.44997704257325755
Best Sequence: [17, 8, 12, 4, 1, 11, 19, 9, 21, 23, 10, 13, 16, 6, 7, 5, 2, 3, 18, 14, 20, 22, 15]
Run 16:
Best OCplx: 0.5785419118799026
Best Sequence: [8, 7, 22, 16, 9, 11, 12, 18, 1, 17, 13, 5, 4, 21, 10, 20, 23, 2, 14, 6, 3, 15, 19]
Run 17:
Best OCplx: 0.5464006945532414
Best Sequence: [8, 6, 1, 12, 17, 14, 4, 22, 7, 18, 23, 21, 11, 16, 9, 19, 10, 5, 2, 13, 3, 15, 20]
Run 18:
Best OCplx: 0.6211147322920318
Best Sequence: [8, 21, 19, 10, 14, 17, 18, 12, 9, 16, 23, 4, 22, 13, 1, 20, 7, 5, 2, 6, 11, 3, 15]
Run 19:
Best OCplx: 0.44997704257325755
Best Sequence: [8, 11, 12, 16, 21, 1, 17, 7, 6, 14, 4, 23, 20, 19, 10, 22, 5, 9, 2, 13, 3, 18, 15]
Run 20:
Best OCplx: 0.6106831292065638
Best Sequence: [8, 12, 16, 4, 7, 11, 17, 9, 22, 19, 1, 10, 20, 6, 14, 5, 2, 21, 3, 13, 18, 23, 15]
Run 21:
Best OCplx: 0.5246910803120479
Best Sequence: [8, 16, 13, 1, 6, 19, 22, 12, 10, 5, 11, 23, 9, 17, 21, 4, 18, 7, 2, 3, 15, 14, 20]
Run 22:
Best OCplx: 0.51425947722658
Best Sequence: [8, 12, 17, 6, 1, 23, 18, 11, 9, 4, 5, 16, 13, 19, 7, 2, 3, 14, 20, 21, 22, 10, 15]
Run 23:
Best OCplx: 0.5785419118799024
Best Sequence: [8, 7, 12, 1, 6, 13, 4, 17, 9, 19, 11, 23, 16, 21, 22, 10, 5, 15, 2, 3, 18, 20, 14]
Run 24:
Best OCplx: 0.6106831292065638
Best Sequence: [8, 12, 6, 22, 7, 11, 1, 17, 19, 18, 13, 9, 14, 5, 10, 4, 2, 3, 16, 23, 15, 21, 20]
Run 25:
Best OCplx: 0.4821182598999188
Best Sequence: [8, 12, 11, 14, 21, 7, 19, 10, 6, 17, 1, 4, 13, 23, 9, 5, 2, 20, 22, 3, 18, 16, 15]
Run 26:
Best OCplx: 0.5246910803120479
Best Sequence: [8, 17, 23, 12, 9, 1, 4, 10, 5, 2, 21, 18, 20, 16, 6, 19, 22, 11, 7, 13, 3, 15, 14]
Run 27:
Best OCplx: 0.51425947722658
Best Sequence: [8, 1, 5, 12, 9, 22, 7, 6, 4, 14, 16, 11, 21, 19, 18, 17, 20, 10, 13, 2, 23, 3, 15]
Run 28:
Best OCplx: 0.38569460791993504
Best Sequence: [8, 17, 23, 6, 21, 13, 11, 9, 10, 18, 1, 16, 5, 12, 14, 4, 7, 22, 2, 19, 3, 20, 15]
Run 29:
Best OCplx: 0.7071067811865477
Best Sequence: [8, 1, 21, 17, 18, 16, 11, 20, 19, 13, 6, 3, 12, 9, 4, 7, 23, 15, 22, 14, 10, 5, 2]
Run 30:
Best OCplx: 0.4821182598999188
Best Sequence: [8, 7, 12, 18, 6, 21, 4, 17, 20, 22, 9, 11, 10, 1, 5, 19, 23, 16, 13, 14, 2, 3, 15]
Learning Rate: 0.001
Epsilon: 0.15
Gamma: 0.9
Target Update: 50
Memory Capacity: 20000
Batch Size: 64
if_EWM: False

