Run 1:
Best OCplx: 0.5439103623671875
Best Sequence: [44, 17, 49, 46, 47, 31, 8, 36, 40, 27, 60, 10, 34, 61, 13, 59, 43, 28, 5, 39, 9, 15, 53, 58, 41, 22, 21, 45, 11, 30, 56, 18, 25, 19, 7, 35, 26, 29, 48, 24, 4, 2, 6, 14, 16, 57, 37, 32, 23, 1, 55, 42, 20, 54, 50, 51, 12, 3, 38, 52, 33]
Run 2:
Best OCplx: 0.5439103623671875
Best Sequence: [8, 31, 59, 27, 10, 15, 28, 44, 39, 36, 13, 9, 53, 61, 5, 46, 43, 34, 58, 60, 40, 49, 17, 47, 41, 22, 21, 48, 16, 14, 26, 11, 7, 56, 6, 1, 19, 29, 32, 57, 54, 23, 24, 45, 25, 30, 35, 18, 55, 20, 4, 42, 2, 37, 51, 12, 3, 50, 38, 52, 33]
Run 3:
Best OCplx: 0.5439103623671875
Best Sequence: [28, 9, 15, 27, 60, 10, 46, 59, 47, 49, 31, 17, 8, 34, 36, 44, 61, 53, 40, 43, 5, 13, 22, 39, 58, 41, 21, 11, 1, 2, 19, 4, 14, 56, 25, 7, 23, 48, 26, 18, 16, 54, 45, 35, 29, 32, 30, 6, 55, 20, 37, 51, 42, 57, 50, 24, 38, 12, 3, 52, 33]
Run 4:
Best OCplx: 0.6183359331676754
Best Sequence: [46, 9, 61, 36, 47, 31, 8, 27, 43, 15, 49, 44, 17, 53, 10, 28, 13, 59, 5, 34, 60, 39, 22, 58, 41, 40, 21, 54, 14, 26, 56, 4, 24, 7, 45, 25, 23, 29, 16, 2, 1, 48, 35, 57, 30, 6, 18, 32, 19, 37, 20, 11, 55, 51, 12, 50, 42, 38, 3, 52, 33]
Run 5:
Best OCplx: 0.5439103623671875
Best Sequence: [46, 17, 31, 13, 59, 44, 28, 60, 49, 47, 15, 8, 36, 43, 27, 61, 58, 22, 40, 53, 39, 10, 34, 5, 41, 9, 21, 54, 57, 11, 1, 4, 14, 23, 18, 24, 19, 26, 56, 16, 48, 32, 29, 30, 7, 25, 35, 2, 6, 20, 55, 37, 45, 50, 42, 51, 12, 3, 38, 52, 33]
Run 6:
Best OCplx: 0.5439103623671875
Best Sequence: [8, 10, 17, 13, 40, 31, 27, 36, 46, 61, 9, 59, 60, 44, 15, 39, 28, 58, 47, 41, 49, 43, 53, 34, 5, 22, 21, 48, 23, 29, 19, 57, 11, 14, 2, 7, 25, 45, 24, 56, 4, 6, 16, 54, 26, 18, 35, 30, 1, 55, 37, 32, 20, 50, 51, 42, 12, 3, 38, 52, 33]
Run 7:
Best OCplx: 0.5439103623671875
Best Sequence: [9, 44, 60, 61, 59, 46, 36, 17, 28, 13, 15, 31, 27, 49, 5, 53, 8, 39, 34, 47, 58, 40, 43, 41, 10, 22, 21, 24, 23, 14, 57, 11, 54, 56, 16, 4, 18, 19, 25, 35, 29, 7, 48, 45, 32, 6, 2, 20, 37, 26, 1, 55, 30, 51, 42, 50, 12, 3, 38, 52, 33]
Run 8:
Best OCplx: 0.5439103623671875
Best Sequence: [9, 15, 10, 59, 8, 28, 40, 49, 46, 44, 27, 31, 36, 17, 39, 58, 53, 43, 5, 13, 60, 61, 34, 47, 21, 54, 26, 11, 24, 19, 18, 22, 4, 2, 29, 48, 25, 30, 57, 23, 41, 1, 35, 14, 7, 6, 55, 56, 45, 16, 32, 42, 20, 37, 50, 51, 12, 3, 38, 52, 33]
Run 9:
Best OCplx: 0.5439103623671875
Best Sequence: [10, 49, 44, 61, 28, 9, 31, 5, 8, 46, 47, 17, 60, 59, 27, 36, 15, 53, 34, 13, 39, 43, 58, 41, 40, 22, 21, 57, 7, 30, 26, 6, 1, 11, 24, 23, 14, 29, 18, 56, 19, 25, 48, 2, 4, 16, 35, 45, 55, 37, 32, 42, 20, 51, 12, 50, 3, 38, 52, 54, 33]
Run 10:
Best OCplx: 0.5995682609469984
Best Sequence: [13, 44, 15, 28, 27, 36, 47, 5, 10, 8, 9, 17, 46, 60, 40, 49, 58, 39, 31, 61, 41, 53, 34, 43, 22, 59, 21, 54, 1, 57, 4, 16, 45, 23, 14, 56, 25, 48, 11, 30, 18, 29, 24, 26, 19, 6, 55, 2, 7, 35, 32, 37, 20, 50, 51, 42, 38, 12, 3, 52, 33]
Run 11:
Best OCplx: 0.5995682609469984
Best Sequence: [10, 59, 17, 8, 44, 49, 60, 39, 36, 28, 34, 15, 46, 47, 58, 61, 40, 27, 31, 43, 53, 9, 22, 5, 41, 13, 21, 25, 18, 48, 30, 24, 26, 7, 19, 56, 4, 2, 23, 11, 54, 16, 45, 57, 1, 35, 29, 14, 55, 6, 37, 32, 20, 42, 51, 50, 12, 3, 38, 52, 33]
Run 12:
Best OCplx: 0.5439103623671875
Best Sequence: [28, 46, 31, 61, 9, 59, 10, 5, 8, 36, 15, 43, 60, 44, 13, 47, 39, 34, 49, 27, 58, 53, 22, 41, 40, 17, 21, 4, 14, 1, 16, 19, 25, 6, 29, 35, 11, 24, 26, 18, 23, 48, 2, 30, 32, 7, 45, 54, 55, 37, 20, 42, 56, 51, 50, 12, 3, 38, 57, 52, 33]
Run 13:
Best OCplx: 0.5439103623671875
Best Sequence: [17, 10, 28, 44, 46, 9, 5, 15, 36, 27, 47, 61, 31, 8, 40, 13, 43, 53, 60, 39, 59, 34, 58, 22, 41, 49, 21, 48, 4, 6, 57, 19, 23, 30, 29, 25, 14, 2, 11, 35, 45, 55, 26, 56, 24, 18, 16, 7, 32, 54, 1, 42, 20, 37, 51, 50, 38, 12, 3, 52, 33]
Run 14:
Best OCplx: 0.5439103623671875
Best Sequence: [36, 8, 44, 28, 5, 46, 17, 34, 15, 60, 31, 27, 10, 47, 49, 43, 9, 59, 39, 61, 53, 22, 58, 13, 41, 40, 21, 2, 45, 57, 56, 4, 7, 26, 14, 25, 18, 29, 24, 54, 6, 11, 35, 30, 1, 23, 48, 16, 32, 55, 20, 37, 42, 51, 12, 3, 38, 19, 52, 33, 50]
Run 15:
Best OCplx: 0.5439103623671875
Best Sequence: [15, 46, 13, 8, 17, 40, 10, 28, 61, 49, 5, 60, 34, 44, 27, 59, 47, 36, 39, 31, 43, 53, 9, 58, 22, 21, 11, 56, 2, 1, 30, 48, 54, 45, 29, 57, 18, 25, 32, 14, 35, 19, 20, 24, 55, 26, 23, 7, 16, 42, 37, 6, 41, 4, 51, 12, 50, 3, 38, 52, 33]
Run 16:
Best OCplx: 0.5439103623671875
Best Sequence: [61, 46, 44, 36, 28, 31, 27, 47, 5, 17, 9, 8, 10, 40, 15, 43, 59, 53, 39, 34, 58, 41, 13, 22, 60, 49, 21, 14, 45, 7, 29, 2, 6, 19, 11, 30, 1, 24, 4, 25, 35, 48, 56, 23, 16, 54, 37, 32, 18, 20, 55, 57, 51, 42, 50, 12, 3, 38, 52, 33, 26]
Run 17:
Best OCplx: 0.5439103623671875
Best Sequence: [61, 27, 60, 46, 28, 49, 5, 8, 13, 34, 44, 59, 39, 47, 10, 40, 15, 36, 9, 31, 17, 53, 43, 22, 58, 41, 21, 26, 1, 24, 11, 6, 48, 25, 54, 7, 16, 23, 14, 32, 20, 35, 45, 18, 4, 30, 19, 56, 29, 55, 2, 42, 37, 50, 51, 12, 3, 57, 38, 52, 33]
Run 18:
Best OCplx: 0.6183359331676754
Best Sequence: [10, 46, 61, 8, 31, 13, 28, 40, 43, 9, 34, 36, 17, 5, 60, 47, 44, 15, 53, 49, 39, 59, 58, 41, 22, 27, 21, 16, 23, 57, 19, 4, 7, 24, 25, 45, 14, 11, 35, 54, 18, 30, 2, 29, 55, 48, 32, 20, 37, 42, 50, 56, 26, 51, 38, 12, 6, 3, 1, 52, 33]
Run 19:
Best OCplx: 0.5439103623671875
Best Sequence: [46, 9, 44, 17, 8, 27, 40, 28, 61, 49, 5, 36, 39, 60, 13, 10, 15, 59, 58, 31, 53, 34, 43, 41, 47, 22, 21, 14, 1, 54, 48, 18, 4, 11, 57, 7, 45, 29, 16, 23, 2, 56, 30, 26, 32, 25, 35, 55, 6, 24, 37, 20, 50, 42, 51, 12, 3, 19, 38, 52, 33]
Run 20:
Best OCplx: 0.6183359331676754
Best Sequence: [61, 8, 59, 28, 17, 40, 27, 46, 36, 15, 9, 60, 34, 10, 44, 5, 49, 47, 13, 53, 39, 22, 31, 43, 21, 7, 11, 45, 57, 54, 6, 48, 2, 25, 19, 35, 4, 16, 26, 30, 18, 29, 23, 14, 56, 58, 37, 24, 55, 32, 1, 20, 42, 41, 50, 51, 12, 3, 38, 52, 33]
Run 21:
Best OCplx: 0.5439103623671875
Best Sequence: [46, 47, 49, 31, 28, 15, 8, 59, 60, 36, 5, 43, 17, 61, 13, 40, 44, 10, 39, 27, 53, 58, 22, 34, 41, 9, 21, 14, 11, 56, 19, 25, 4, 18, 1, 57, 35, 16, 54, 2, 23, 48, 7, 45, 29, 55, 24, 26, 6, 37, 30, 32, 20, 50, 51, 12, 42, 3, 38, 52, 33]
Run 22:
Best OCplx: 0.5439103623671875
Best Sequence: [9, 17, 8, 31, 40, 15, 44, 10, 61, 46, 28, 47, 39, 59, 34, 13, 5, 60, 22, 58, 36, 27, 53, 41, 43, 49, 21, 23, 6, 30, 18, 16, 2, 26, 25, 4, 1, 24, 29, 48, 56, 35, 14, 11, 57, 32, 7, 45, 55, 19, 42, 20, 37, 51, 50, 12, 3, 54, 38, 52, 33]
Run 23:
Best OCplx: 0.5439103623671875
Best Sequence: [44, 60, 46, 61, 59, 8, 31, 43, 39, 10, 27, 47, 15, 9, 49, 13, 36, 40, 53, 28, 22, 58, 17, 5, 41, 34, 21, 56, 23, 48, 1, 6, 16, 25, 57, 30, 4, 24, 35, 29, 18, 14, 32, 7, 55, 45, 11, 42, 26, 37, 20, 2, 51, 12, 3, 50, 19, 54, 38, 52, 33]
Run 24:
Best OCplx: 0.6183359331676754
Best Sequence: [5, 31, 9, 61, 17, 59, 15, 36, 28, 13, 44, 8, 49, 27, 40, 60, 46, 58, 53, 43, 34, 39, 47, 22, 41, 10, 21, 7, 4, 25, 19, 45, 48, 23, 29, 18, 54, 56, 1, 35, 26, 6, 16, 11, 24, 30, 57, 55, 32, 14, 2, 37, 42, 38, 20, 51, 12, 50, 52, 3, 33]
Run 25:
Best OCplx: 0.5439103623671875
Best Sequence: [31, 49, 9, 44, 46, 47, 17, 61, 28, 5, 8, 40, 15, 59, 34, 10, 27, 36, 43, 60, 58, 13, 39, 22, 41, 53, 21, 25, 14, 30, 26, 35, 57, 18, 54, 48, 23, 29, 56, 11, 24, 2, 4, 16, 32, 6, 55, 1, 19, 7, 20, 45, 37, 51, 50, 12, 42, 38, 3, 52, 33]
Run 26:
Best OCplx: 0.6739938317474864
Best Sequence: [47, 60, 36, 15, 5, 31, 46, 44, 10, 9, 28, 59, 27, 49, 8, 61, 53, 43, 58, 13, 17, 39, 22, 41, 34, 40, 21, 29, 24, 45, 7, 25, 19, 16, 35, 18, 4, 26, 23, 1, 48, 14, 11, 56, 6, 30, 2, 57, 32, 20, 54, 37, 55, 42, 51, 50, 12, 38, 3, 52, 33]
Run 27:
Best OCplx: 0.5439103623671875
Best Sequence: [17, 31, 8, 28, 44, 10, 46, 61, 43, 60, 15, 9, 36, 13, 47, 5, 27, 40, 39, 58, 53, 49, 34, 22, 41, 59, 21, 48, 23, 57, 4, 18, 16, 54, 2, 1, 24, 30, 7, 26, 56, 25, 19, 11, 45, 14, 35, 29, 32, 6, 37, 20, 55, 42, 51, 12, 3, 38, 50, 52, 33]
Run 28:
Best OCplx: 0.5439103623671875
Best Sequence: [17, 46, 28, 31, 61, 9, 44, 5, 27, 49, 59, 15, 36, 13, 60, 8, 39, 34, 10, 43, 53, 40, 47, 22, 58, 41, 21, 19, 25, 1, 30, 56, 16, 23, 7, 11, 4, 57, 29, 48, 54, 45, 26, 2, 18, 32, 6, 14, 55, 42, 35, 24, 20, 37, 50, 51, 12, 3, 38, 52, 33]
Run 29:
Best OCplx: 0.6183359331676754
Best Sequence: [28, 46, 10, 61, 15, 59, 9, 47, 60, 5, 17, 49, 31, 44, 36, 13, 53, 8, 27, 40, 34, 22, 39, 43, 58, 41, 21, 54, 25, 2, 26, 19, 18, 57, 24, 35, 1, 11, 56, 30, 16, 48, 6, 7, 45, 29, 23, 55, 4, 14, 37, 32, 20, 42, 50, 51, 12, 3, 38, 52, 33]
Run 30:
Best OCplx: 0.6183359331676754
Best Sequence: [15, 10, 8, 31, 13, 61, 28, 36, 39, 27, 17, 46, 5, 9, 60, 43, 34, 47, 53, 59, 40, 44, 58, 49, 22, 41, 21, 29, 2, 19, 23, 48, 54, 25, 30, 7, 14, 18, 57, 26, 35, 55, 4, 6, 45, 56, 16, 1, 11, 32, 24, 20, 37, 50, 42, 51, 12, 3, 38, 52, 33]

Mean: 0.5668
Min: 0.5439
Max: 0.6740
Std: 0.0368