Run 1:
Best OCplx: 0.5955583847417822
Best Sequence: [12, 16, 8, 9, 21, 1, 11, 4, 18, 19, 6, 7, 15, 17, 20, 22, 14, 13, 5, 23, 2, 10, 3]
Run 2:
Best OCplx: 0.6924330120618055
Best Sequence: [10, 19, 23, 8, 1, 22, 11, 21, 7, 16, 9, 15, 6, 12, 18, 20, 14, 13, 5, 17, 4, 2, 3]
Run 3:
Best OCplx: 0.43313337072129615
Best Sequence: [21, 1, 18, 11, 12, 16, 13, 19, 10, 22, 8, 15, 17, 9, 5, 7, 6, 4, 14, 20, 2, 23, 3]
Run 4:
Best OCplx: 0.48727504206145816
Best Sequence: [11, 16, 8, 10, 13, 22, 1, 17, 19, 15, 9, 5, 12, 4, 6, 23, 7, 20, 2, 18, 14, 3, 21]
Run 5:
Best OCplx: 0.37899169938113414
Best Sequence: [8, 6, 21, 12, 22, 18, 11, 16, 9, 10, 13, 19, 1, 17, 5, 20, 4, 15, 14, 23, 7, 2, 3]
Run 6:
Best OCplx: 0.5955583847417824
Best Sequence: [8, 21, 11, 7, 16, 17, 12, 5, 22, 15, 6, 9, 18, 23, 19, 13, 4, 1, 10, 2, 14, 20, 3]
Run 7:
Best OCplx: 0.3978783939983947
Best Sequence: [22, 12, 17, 19, 16, 20, 21, 11, 1, 13, 9, 6, 4, 23, 10, 8, 5, 18, 2, 3, 14, 7, 15]
Run 8:
Best OCplx: 0.5873742436889619
Best Sequence: [12, 16, 21, 1, 13, 23, 5, 9, 4, 6, 20, 7, 2, 8, 22, 18, 11, 3, 19, 10, 15, 17, 14]
Run 9:
Best OCplx: 0.6226292204118632
Best Sequence: [18, 11, 10, 8, 14, 22, 7, 13, 1, 5, 16, 9, 17, 12, 19, 23, 6, 4, 15, 2, 3, 20, 21]
Run 10:
Best OCplx: 0.5061617366787188
Best Sequence: [12, 6, 23, 13, 21, 9, 7, 4, 16, 8, 1, 11, 19, 17, 10, 15, 22, 14, 18, 5, 2, 20, 3]
Run 11:
Best OCplx: 0.37899169938113414
Best Sequence: [22, 21, 12, 17, 7, 11, 18, 8, 13, 1, 10, 23, 5, 9, 19, 6, 4, 3, 16, 15, 2, 20, 14]
Run 12:
Best OCplx: 0.6767708917520252
Best Sequence: [19, 18, 8, 1, 14, 17, 11, 13, 20, 10, 23, 9, 21, 12, 4, 6, 5, 16, 2, 22, 15, 3, 7]
Run 13:
Best OCplx: 0.5955583847417822
Best Sequence: [8, 11, 6, 12, 10, 9, 17, 5, 18, 13, 19, 1, 7, 14, 4, 16, 22, 23, 15, 21, 2, 3, 20]
Run 14:
Best OCplx: 0.5414167134016202
Best Sequence: [16, 22, 12, 11, 8, 13, 15, 19, 1, 6, 23, 7, 21, 14, 17, 20, 10, 9, 5, 4, 2, 3, 18]
Run 15:
Best OCplx: 0.5414167134016202
Best Sequence: [21, 22, 19, 16, 11, 5, 8, 7, 17, 13, 6, 18, 20, 12, 10, 1, 9, 4, 2, 23, 15, 14, 3]
Run 16:
Best OCplx: 0.48727504206145816
Best Sequence: [16, 21, 17, 11, 8, 12, 23, 13, 22, 20, 18, 7, 9, 15, 1, 14, 4, 19, 10, 5, 6, 2, 3]
Run 17:
Best OCplx: 0.46020420639137716
Best Sequence: [8, 18, 21, 22, 11, 9, 12, 16, 10, 17, 7, 1, 13, 5, 15, 6, 20, 19, 4, 14, 2, 23, 3]
Run 18:
Best OCplx: 0.40606253505121515
Best Sequence: [9, 11, 10, 7, 16, 8, 1, 6, 12, 21, 14, 22, 4, 19, 13, 18, 17, 5, 15, 20, 23, 2, 3]
Run 19:
Best OCplx: 0.46020420639137716
Best Sequence: [23, 12, 11, 21, 10, 17, 13, 5, 22, 1, 18, 9, 16, 8, 6, 15, 20, 4, 7, 2, 14, 3, 19]
Run 20:
Best OCplx: 0.46020420639137716
Best Sequence: [11, 19, 21, 23, 22, 10, 12, 13, 18, 8, 16, 7, 1, 9, 4, 6, 14, 5, 17, 15, 2, 3, 20]
Run 21:
Best OCplx: 0.5955583847417824
Best Sequence: [22, 16, 5, 12, 21, 11, 8, 15, 14, 18, 17, 7, 19, 23, 9, 1, 6, 20, 4, 10, 13, 2, 3]
Run 22:
Best OCplx: 0.48727504206145816
Best Sequence: [16, 18, 22, 23, 8, 17, 20, 11, 9, 10, 13, 14, 7, 21, 1, 6, 19, 5, 12, 4, 2, 3, 15]
Run 23:
Best OCplx: 0.37899169938113414
Best Sequence: [11, 13, 16, 10, 9, 5, 12, 20, 21, 8, 7, 22, 4, 1, 18, 19, 2, 17, 14, 6, 3, 15, 23]
Run 24:
Best OCplx: 0.6653621763917245
Best Sequence: [21, 16, 10, 17, 8, 5, 12, 6, 1, 3, 9, 23, 22, 19, 14, 4, 11, 18, 20, 7, 15, 2, 13]
Run 25:
Best OCplx: 0.5955583847417822
Best Sequence: [11, 10, 22, 13, 18, 9, 8, 1, 17, 12, 4, 19, 16, 14, 23, 6, 5, 20, 3, 15, 21, 2, 7]
Run 26:
Best OCplx: 0.6062609383062223
Best Sequence: [12, 4, 1, 11, 9, 21, 10, 23, 8, 5, 13, 17, 22, 6, 19, 18, 7, 16, 14, 15, 2, 3, 20]
Run 27:
Best OCplx: 0.5414167134016202
Best Sequence: [12, 19, 20, 13, 11, 8, 21, 6, 17, 23, 9, 4, 1, 10, 16, 7, 15, 18, 5, 14, 2, 3, 22]
Run 28:
Best OCplx: 0.5684875490717012
Best Sequence: [9, 18, 17, 8, 11, 16, 1, 19, 14, 22, 6, 12, 7, 23, 13, 20, 15, 4, 10, 5, 2, 3, 21]
Run 29:
Best OCplx: 0.5332325723487997
Best Sequence: [18, 6, 12, 17, 20, 7, 5, 19, 9, 11, 21, 4, 8, 16, 22, 13, 10, 1, 2, 23, 3, 15, 14]
Run 30:
Best OCplx: 0.6767708917520252
Best Sequence: [16, 11, 12, 14, 10, 13, 17, 1, 9, 20, 8, 23, 4, 15, 5, 6, 18, 2, 7, 22, 3, 21, 19]
Learning Rate: 1e-05
Epsilon: 0.1
Gamma: 0.99
Target Update: 200
Memory Capacity: 20000
Batch Size: 64

