Run 1:
Best OCplx: 0.7227799780533315
Best Sequence: [30, 5, 42, 13, 8, 14, 31, 7, 33, 2, 52, 43, 53, 48, 34, 62, 18, 32, 71, 37, 46, 61, 16, 47, 72, 57, 51, 54, 25, 21, 24, 17, 38, 75, 29, 59, 15, 22, 23, 68, 12, 69, 77, 41, 58, 56, 65, 63, 1, 28, 27, 26, 76, 6, 10, 35, 20, 3, 74, 66, 45, 60, 70, 36, 50, 19, 67, 40, 39, 64, 73, 49, 11, 44, 9, 55, 4]
Run 2:
Best OCplx: 0.6939693940323045
Best Sequence: [24, 48, 68, 37, 74, 66, 29, 21, 36, 53, 26, 45, 30, 31, 61, 71, 44, 75, 72, 17, 46, 63, 7, 50, 33, 22, 42, 5, 1, 39, 56, 64, 20, 32, 12, 8, 25, 47, 19, 13, 67, 23, 69, 51, 4, 6, 70, 43, 62, 59, 49, 58, 65, 40, 60, 52, 2, 76, 15, 14, 34, 55, 11, 16, 73, 27, 57, 18, 9, 3, 38, 41, 77, 35, 54, 10, 28]
Run 3:
Best OCplx: 0.8478501720461248
Best Sequence: [4, 21, 51, 42, 60, 2, 28, 38, 30, 65, 72, 37, 39, 16, 32, 67, 10, 70, 18, 44, 52, 14, 45, 33, 54, 13, 15, 71, 75, 41, 57, 31, 66, 46, 43, 6, 27, 34, 55, 17, 35, 47, 22, 74, 5, 56, 25, 1, 7, 24, 3, 61, 48, 58, 59, 36, 76, 68, 12, 8, 63, 23, 62, 77, 26, 20, 40, 53, 64, 19, 73, 29, 49, 11, 50, 9, 69]
Run 4:
Best OCplx: 0.8553382924087715
Best Sequence: [70, 3, 31, 28, 8, 21, 14, 44, 29, 27, 76, 46, 4, 65, 1, 77, 10, 60, 20, 17, 13, 50, 56, 52, 51, 41, 37, 23, 66, 62, 55, 42, 53, 18, 33, 48, 43, 35, 59, 32, 5, 22, 6, 64, 36, 40, 54, 38, 75, 67, 57, 61, 72, 49, 30, 7, 34, 39, 69, 45, 68, 71, 58, 74, 2, 63, 25, 47, 12, 73, 26, 19, 16, 15, 24, 11, 9]
Run 5:
Best OCplx: 0.9527939748993648
Best Sequence: [14, 25, 51, 17, 4, 48, 52, 7, 76, 56, 43, 38, 1, 46, 18, 44, 32, 31, 33, 6, 35, 68, 60, 75, 8, 5, 50, 62, 29, 26, 58, 57, 59, 41, 72, 74, 13, 70, 45, 36, 54, 66, 15, 22, 16, 30, 3, 77, 42, 28, 21, 63, 34, 64, 23, 37, 2, 12, 39, 40, 69, 55, 73, 27, 47, 65, 61, 53, 24, 71, 67, 20, 19, 11, 10, 49, 9]
Run 6:
Best OCplx: 0.9852157458072114
Best Sequence: [23, 7, 52, 50, 25, 77, 33, 29, 30, 15, 13, 58, 72, 2, 8, 27, 66, 31, 14, 64, 74, 22, 70, 41, 62, 51, 46, 1, 55, 6, 16, 42, 48, 12, 43, 36, 26, 17, 47, 63, 24, 71, 3, 35, 4, 37, 39, 28, 20, 18, 32, 34, 40, 61, 21, 69, 53, 59, 76, 56, 68, 49, 60, 38, 75, 19, 11, 45, 5, 57, 9, 44, 73, 10, 65, 67, 54]
Run 7:
Best OCplx: 0.7173976882919612
Best Sequence: [75, 72, 18, 59, 35, 25, 21, 15, 53, 65, 76, 77, 28, 38, 30, 23, 50, 3, 39, 4, 17, 10, 27, 74, 61, 63, 70, 51, 48, 44, 68, 26, 29, 42, 20, 43, 62, 52, 31, 67, 71, 66, 19, 54, 34, 40, 37, 46, 73, 56, 7, 47, 1, 60, 57, 36, 13, 58, 41, 55, 45, 33, 16, 69, 12, 6, 22, 64, 49, 14, 32, 8, 24, 5, 11, 9, 2]
Run 8:
Best OCplx: 0.8192036300333154
Best Sequence: [35, 28, 2, 60, 33, 42, 43, 1, 16, 69, 15, 24, 71, 72, 12, 6, 22, 8, 44, 31, 3, 10, 54, 63, 21, 59, 18, 30, 61, 7, 62, 64, 48, 27, 47, 23, 37, 25, 77, 4, 41, 51, 45, 36, 5, 32, 34, 52, 75, 67, 50, 76, 66, 40, 26, 29, 65, 17, 14, 56, 38, 49, 68, 53, 74, 70, 73, 20, 55, 19, 57, 11, 13, 39, 58, 46, 9]
Run 9:
Best OCplx: 0.8739462878682549
Best Sequence: [66, 72, 30, 14, 57, 51, 2, 22, 33, 48, 70, 31, 29, 76, 45, 5, 47, 62, 3, 17, 23, 74, 55, 46, 41, 12, 25, 8, 6, 44, 77, 61, 1, 32, 75, 54, 36, 50, 35, 38, 43, 63, 64, 18, 34, 4, 39, 24, 59, 42, 21, 16, 37, 7, 28, 10, 15, 67, 27, 69, 49, 65, 68, 53, 73, 58, 20, 56, 19, 40, 60, 13, 26, 11, 9, 52, 71]
Run 10:
Best OCplx: 0.8148812171692598
Best Sequence: [45, 51, 63, 24, 76, 41, 39, 4, 57, 72, 52, 75, 35, 66, 13, 74, 47, 28, 21, 37, 27, 38, 7, 54, 1, 2, 68, 61, 55, 26, 59, 48, 31, 14, 46, 67, 64, 29, 77, 42, 16, 30, 71, 15, 10, 32, 33, 17, 65, 40, 23, 43, 70, 22, 34, 44, 58, 25, 56, 49, 60, 12, 8, 5, 53, 73, 36, 6, 20, 19, 11, 9, 3, 69, 62, 50, 18]
Run 11:
Best OCplx: 0.8539978619302715
Best Sequence: [25, 45, 68, 47, 12, 23, 76, 26, 43, 42, 63, 60, 5, 46, 32, 29, 17, 35, 56, 1, 65, 39, 75, 30, 77, 4, 44, 22, 28, 37, 14, 6, 15, 38, 52, 33, 55, 51, 64, 8, 50, 13, 74, 16, 59, 2, 70, 7, 40, 27, 58, 57, 66, 21, 24, 31, 20, 53, 61, 49, 62, 71, 54, 19, 11, 73, 9, 18, 10, 41, 69, 36, 34, 67, 3, 72, 48]
Run 12:
Best OCplx: 0.8328255170867561
Best Sequence: [16, 42, 58, 37, 53, 47, 43, 55, 33, 35, 48, 50, 1, 52, 77, 74, 64, 22, 44, 34, 72, 70, 61, 41, 46, 13, 59, 69, 8, 39, 7, 14, 28, 36, 62, 6, 5, 38, 65, 76, 2, 63, 71, 21, 20, 51, 75, 56, 25, 45, 31, 73, 18, 3, 57, 24, 60, 54, 29, 17, 66, 4, 40, 26, 15, 30, 10, 12, 23, 27, 19, 68, 32, 49, 11, 9, 67]
Run 13:
Best OCplx: 0.8164752386410656
Best Sequence: [25, 6, 5, 77, 12, 72, 56, 54, 16, 22, 3, 33, 15, 38, 46, 75, 74, 44, 29, 43, 52, 17, 66, 47, 59, 36, 34, 26, 35, 28, 14, 55, 64, 32, 39, 42, 8, 2, 24, 48, 58, 21, 51, 18, 7, 23, 20, 41, 53, 68, 76, 60, 71, 70, 31, 73, 19, 1, 57, 30, 45, 4, 50, 49, 61, 40, 11, 67, 69, 62, 37, 65, 63, 10, 27, 9, 13]
Run 14:
Best OCplx: 0.6907552722996381
Best Sequence: [72, 22, 47, 46, 75, 26, 23, 45, 7, 2, 17, 74, 77, 57, 62, 64, 30, 16, 21, 29, 1, 44, 76, 37, 8, 48, 12, 43, 35, 41, 50, 53, 66, 39, 13, 20, 18, 65, 60, 34, 6, 33, 49, 61, 67, 14, 36, 32, 68, 3, 15, 10, 59, 42, 58, 31, 24, 40, 51, 19, 5, 11, 9, 56, 55, 54, 25, 63, 70, 28, 27, 69, 4, 71, 73, 38, 52]
Run 15:
Best OCplx: 0.9568497573755876
Best Sequence: [47, 23, 28, 14, 64, 7, 46, 57, 1, 33, 56, 51, 24, 42, 66, 61, 75, 13, 39, 17, 41, 72, 74, 76, 4, 60, 8, 38, 44, 26, 32, 45, 36, 25, 16, 2, 29, 48, 5, 3, 55, 58, 15, 52, 31, 37, 6, 22, 18, 54, 40, 68, 63, 62, 21, 53, 77, 65, 20, 69, 10, 19, 35, 34, 30, 12, 27, 67, 71, 70, 50, 59, 43, 49, 73, 11, 9]
Run 16:
Best OCplx: 0.8353768270762614
Best Sequence: [16, 47, 33, 72, 32, 38, 39, 71, 44, 7, 56, 75, 51, 6, 13, 46, 58, 12, 27, 65, 21, 8, 42, 1, 48, 59, 54, 62, 60, 63, 41, 2, 3, 40, 45, 43, 68, 23, 36, 34, 26, 17, 14, 29, 66, 28, 22, 61, 50, 30, 15, 77, 55, 25, 4, 74, 18, 69, 49, 53, 52, 37, 67, 20, 31, 64, 73, 57, 24, 5, 76, 70, 19, 11, 35, 9, 10]
Run 17:
Best OCplx: 0.698878358018741
Best Sequence: [33, 35, 26, 4, 25, 42, 36, 46, 63, 5, 74, 55, 16, 70, 22, 59, 38, 29, 64, 8, 6, 58, 39, 56, 54, 1, 31, 27, 14, 47, 75, 45, 7, 30, 15, 76, 32, 24, 72, 17, 52, 37, 60, 3, 12, 21, 66, 50, 48, 20, 13, 28, 53, 43, 51, 62, 41, 67, 2, 40, 19, 18, 61, 69, 34, 73, 77, 71, 11, 44, 9, 65, 68, 10, 23, 57, 49]
Run 18:
Best OCplx: 0.8238468474307443
Best Sequence: [32, 23, 15, 53, 48, 65, 42, 4, 69, 59, 61, 6, 3, 74, 5, 45, 17, 12, 27, 50, 21, 26, 68, 16, 47, 20, 70, 41, 28, 72, 46, 54, 25, 22, 19, 37, 2, 38, 44, 49, 1, 43, 56, 51, 73, 71, 64, 40, 13, 58, 33, 39, 24, 57, 66, 52, 18, 67, 35, 55, 36, 11, 30, 31, 77, 62, 7, 76, 9, 34, 60, 63, 75, 29, 10, 14, 8]
Run 19:
Best OCplx: 0.7507637083229801
Best Sequence: [29, 8, 4, 7, 46, 30, 59, 1, 25, 48, 45, 2, 33, 24, 56, 42, 26, 37, 43, 61, 21, 66, 22, 18, 35, 72, 55, 38, 12, 14, 49, 16, 70, 62, 50, 31, 13, 39, 5, 65, 76, 57, 68, 44, 77, 36, 58, 40, 17, 60, 47, 41, 52, 27, 15, 32, 63, 34, 23, 69, 51, 67, 6, 53, 75, 20, 19, 11, 3, 64, 54, 73, 71, 10, 28, 74, 9]
Run 20:
Best OCplx: 0.8556049227966046
Best Sequence: [63, 24, 47, 30, 31, 13, 44, 51, 42, 50, 57, 58, 39, 61, 77, 59, 2, 52, 75, 54, 38, 25, 72, 21, 35, 16, 65, 17, 5, 1, 22, 43, 68, 56, 7, 29, 41, 15, 64, 60, 67, 27, 74, 36, 70, 55, 71, 33, 14, 46, 12, 53, 20, 40, 19, 32, 48, 34, 8, 37, 66, 62, 10, 26, 49, 3, 69, 28, 4, 23, 45, 18, 76, 11, 73, 6, 9]
Run 21:
Best OCplx: 0.8202495837372771
Best Sequence: [72, 27, 31, 21, 29, 1, 46, 61, 63, 55, 4, 24, 39, 8, 6, 77, 51, 22, 45, 25, 35, 47, 15, 57, 7, 16, 32, 3, 70, 60, 56, 12, 30, 54, 48, 75, 74, 66, 26, 76, 62, 36, 14, 52, 17, 59, 28, 13, 44, 71, 42, 58, 43, 38, 5, 37, 64, 69, 65, 33, 20, 23, 67, 2, 34, 19, 10, 41, 50, 68, 53, 40, 18, 49, 11, 73, 9]
Run 22:
Best OCplx: 0.8162077244544071
Best Sequence: [26, 48, 22, 30, 27, 21, 65, 14, 75, 57, 33, 72, 36, 76, 32, 12, 5, 13, 15, 55, 46, 50, 1, 3, 16, 23, 60, 64, 68, 6, 37, 8, 17, 47, 54, 59, 28, 43, 52, 67, 42, 25, 34, 45, 18, 24, 39, 61, 40, 63, 51, 49, 62, 58, 38, 4, 77, 44, 41, 2, 53, 20, 69, 70, 66, 74, 71, 29, 19, 35, 10, 31, 73, 11, 56, 7, 9]
Run 23:
Best OCplx: 1.0070517861927135
Best Sequence: [46, 35, 45, 1, 21, 56, 50, 18, 22, 24, 42, 37, 3, 64, 39, 33, 61, 66, 57, 7, 55, 48, 36, 12, 41, 77, 26, 32, 23, 25, 29, 72, 2, 76, 8, 27, 49, 20, 58, 6, 15, 69, 47, 13, 30, 71, 52, 14, 34, 63, 59, 5, 53, 38, 75, 4, 16, 17, 73, 54, 44, 67, 19, 31, 74, 60, 68, 65, 43, 40, 70, 11, 62, 28, 10, 9, 51]
Run 24:
Best OCplx: 0.8004176693722618
Best Sequence: [29, 5, 18, 58, 35, 43, 52, 37, 10, 17, 21, 31, 46, 20, 22, 16, 3, 39, 61, 2, 6, 33, 48, 36, 24, 68, 72, 40, 34, 55, 8, 44, 53, 1, 51, 75, 26, 63, 12, 45, 65, 47, 42, 69, 28, 27, 41, 57, 74, 38, 67, 66, 13, 7, 32, 50, 60, 14, 70, 25, 23, 49, 71, 62, 4, 54, 73, 64, 56, 15, 77, 76, 30, 59, 19, 11, 9]
Run 25:
Best OCplx: 0.7177808302527622
Best Sequence: [47, 36, 33, 13, 57, 48, 74, 59, 17, 51, 44, 46, 38, 18, 72, 23, 55, 29, 5, 27, 22, 32, 64, 58, 75, 7, 3, 70, 66, 21, 41, 45, 76, 8, 39, 1, 61, 68, 60, 30, 52, 25, 4, 14, 2, 63, 6, 28, 42, 77, 37, 53, 54, 50, 43, 20, 26, 15, 10, 62, 49, 65, 19, 11, 56, 69, 35, 24, 31, 73, 12, 9, 67, 34, 16, 40, 71]
Run 26:
Best OCplx: 0.6970670041920023
Best Sequence: [43, 53, 13, 74, 32, 1, 6, 63, 35, 57, 77, 5, 54, 29, 21, 28, 30, 50, 47, 56, 45, 42, 58, 33, 26, 31, 27, 72, 62, 17, 7, 60, 15, 25, 52, 70, 76, 55, 4, 38, 12, 64, 59, 37, 34, 14, 36, 51, 8, 44, 40, 46, 68, 41, 22, 24, 16, 71, 18, 20, 67, 10, 69, 23, 61, 66, 65, 39, 48, 73, 19, 2, 75, 11, 49, 9, 3]
Run 27:
Best OCplx: 0.6784459693379923
Best Sequence: [3, 24, 26, 47, 31, 45, 17, 18, 28, 43, 60, 21, 74, 75, 29, 72, 20, 50, 42, 5, 7, 46, 34, 2, 27, 1, 58, 48, 10, 41, 37, 69, 61, 77, 68, 76, 66, 25, 38, 64, 49, 51, 67, 16, 55, 39, 44, 59, 8, 56, 63, 35, 4, 40, 71, 54, 30, 36, 14, 65, 32, 53, 73, 13, 22, 6, 33, 23, 62, 52, 57, 70, 12, 19, 11, 9, 15]
Run 28:
Best OCplx: 0.9878826835708594
Best Sequence: [8, 14, 7, 75, 74, 45, 60, 28, 62, 46, 25, 51, 17, 58, 31, 56, 1, 44, 52, 47, 61, 26, 23, 3, 5, 32, 77, 48, 55, 33, 21, 12, 63, 39, 66, 64, 54, 16, 76, 27, 15, 6, 29, 30, 43, 18, 24, 53, 10, 38, 71, 4, 37, 35, 42, 36, 41, 57, 65, 69, 40, 50, 34, 73, 70, 49, 2, 13, 20, 19, 11, 59, 22, 9, 68, 67, 72]
Run 29:
Best OCplx: 0.8106072185392789
Best Sequence: [44, 15, 54, 8, 62, 26, 33, 29, 75, 14, 16, 77, 61, 34, 22, 27, 42, 59, 2, 30, 46, 24, 4, 1, 47, 72, 57, 65, 64, 43, 25, 48, 50, 12, 74, 5, 28, 37, 17, 31, 23, 76, 13, 58, 3, 39, 21, 68, 55, 7, 10, 53, 45, 41, 51, 20, 32, 70, 71, 35, 66, 73, 60, 19, 40, 11, 6, 52, 9, 18, 38, 49, 63, 36, 67, 56, 69]
Run 30:
Best OCplx: 0.8226359679197394
Best Sequence: [8, 56, 52, 13, 44, 72, 35, 74, 29, 68, 21, 39, 30, 16, 60, 77, 76, 37, 41, 1, 42, 26, 70, 23, 31, 7, 20, 2, 40, 38, 33, 51, 22, 43, 57, 55, 5, 10, 4, 24, 69, 64, 46, 18, 62, 3, 15, 34, 67, 75, 45, 25, 28, 27, 48, 63, 17, 32, 53, 50, 71, 73, 49, 61, 36, 6, 12, 58, 66, 19, 11, 9, 54, 65, 47, 59, 14]
