Run 1:
Best OCplx: 0.4178358252465963
Best Sequence: [17, 12, 11, 20, 9, 21, 1, 8, 22, 10, 5, 4, 6, 16, 19, 18, 13, 2, 3, 15, 23, 14, 7]
Run 2:
Best OCplx: 0.44997704257325755
Best Sequence: [13, 12, 9, 7, 22, 1, 11, 6, 10, 23, 8, 4, 18, 14, 5, 2, 21, 3, 16, 19, 15, 17, 20]
Run 3:
Best OCplx: 0.44997704257325755
Best Sequence: [1, 11, 7, 10, 12, 8, 22, 9, 14, 5, 18, 17, 4, 21, 13, 20, 16, 2, 6, 23, 3, 15, 19]
Run 4:
Best OCplx: 0.38569460791993504
Best Sequence: [19, 7, 11, 17, 12, 16, 8, 13, 20, 23, 21, 9, 1, 10, 5, 6, 4, 14, 22, 2, 3, 18, 15]
Run 5:
Best OCplx: 0.6211147322920316
Best Sequence: [10, 11, 8, 18, 13, 14, 5, 22, 21, 19, 1, 7, 9, 12, 6, 16, 4, 17, 2, 3, 23, 20, 15]
Run 6:
Best OCplx: 0.4499770425732575
Best Sequence: [5, 11, 13, 16, 22, 1, 12, 18, 8, 6, 21, 9, 19, 14, 17, 4, 23, 7, 20, 2, 3, 15, 10]
Run 7:
Best OCplx: 0.6428243465332251
Best Sequence: [21, 8, 11, 18, 19, 7, 22, 13, 17, 10, 6, 14, 5, 23, 16, 1, 9, 20, 15, 12, 4, 2, 3]
Run 8:
Best OCplx: 0.25712973861329
Best Sequence: [11, 9, 1, 22, 13, 10, 12, 21, 6, 19, 5, 16, 18, 8, 17, 4, 2, 7, 3, 20, 23, 14, 15]
Run 9:
Best OCplx: 0.3535533905932738
Best Sequence: [7, 6, 21, 18, 11, 1, 12, 9, 22, 10, 13, 17, 4, 20, 8, 16, 5, 19, 2, 3, 14, 15, 23]
Run 10:
Best OCplx: 0.38569460791993504
Best Sequence: [1, 12, 11, 9, 13, 18, 19, 16, 10, 21, 6, 8, 17, 5, 7, 14, 22, 4, 2, 3, 20, 15, 23]
Run 11:
Best OCplx: 0.38569460791993504
Best Sequence: [21, 12, 11, 13, 1, 8, 10, 23, 7, 16, 18, 9, 6, 4, 14, 22, 5, 19, 17, 2, 20, 3, 15]
Run 12:
Best OCplx: 0.49254986298538667
Best Sequence: [10, 21, 6, 5, 7, 8, 9, 1, 22, 12, 13, 16, 4, 2, 17, 3, 19, 11, 20, 15, 14, 18, 23]
Run 13:
Best OCplx: 0.3535533905932738
Best Sequence: [11, 22, 16, 19, 12, 18, 1, 9, 8, 14, 13, 17, 10, 7, 6, 20, 23, 5, 4, 2, 3, 15, 21]
Run 14:
Best OCplx: 0.3535533905932738
Best Sequence: [13, 21, 23, 11, 8, 9, 17, 16, 12, 22, 20, 6, 18, 10, 4, 7, 1, 5, 2, 3, 14, 15, 19]
Run 15:
Best OCplx: 0.4178358252465963
Best Sequence: [11, 23, 22, 9, 19, 1, 12, 10, 17, 18, 21, 16, 8, 5, 13, 4, 6, 2, 3, 14, 20, 15, 7]
Run 16:
Best OCplx: 0.4821182598999188
Best Sequence: [11, 8, 16, 12, 21, 17, 18, 9, 10, 6, 20, 1, 23, 13, 19, 15, 5, 7, 4, 2, 3, 22, 14]
Run 17:
Best OCplx: 0.5464006945532413
Best Sequence: [22, 5, 21, 8, 16, 12, 19, 9, 7, 14, 17, 20, 1, 23, 18, 4, 11, 6, 2, 3, 15, 13, 10]
Run 18:
Best OCplx: 0.4821182598999188
Best Sequence: [12, 11, 8, 13, 9, 16, 10, 21, 1, 6, 15, 4, 19, 5, 2, 17, 3, 20, 14, 22, 23, 7, 18]
Run 19:
Best OCplx: 0.5246910803120479
Best Sequence: [8, 21, 6, 18, 16, 9, 13, 10, 1, 12, 7, 5, 17, 19, 4, 11, 14, 23, 22, 2, 3, 15, 20]
Run 20:
Best OCplx: 0.5785419118799026
Best Sequence: [8, 11, 22, 17, 18, 19, 7, 9, 23, 21, 6, 13, 10, 12, 5, 16, 4, 1, 14, 15, 2, 20, 3]
Run 21:
Best OCplx: 0.6749655638598864
Best Sequence: [23, 9, 1, 11, 12, 5, 10, 16, 19, 20, 13, 6, 8, 22, 21, 7, 4, 18, 2, 3, 14, 15, 17]
Run 22:
Best OCplx: 0.51425947722658
Best Sequence: [11, 22, 12, 1, 21, 9, 13, 10, 19, 5, 2, 8, 6, 7, 18, 17, 23, 16, 20, 3, 14, 4, 15]
Run 23:
Best OCplx: 0.7071067811865476
Best Sequence: [11, 12, 7, 1, 22, 4, 18, 17, 20, 5, 13, 8, 21, 10, 6, 16, 14, 9, 2, 3, 19, 15, 23]
Run 24:
Best OCplx: 0.2892709559399513
Best Sequence: [12, 9, 6, 22, 21, 17, 11, 7, 16, 4, 19, 23, 8, 10, 13, 5, 18, 1, 2, 14, 20, 3, 15]
Run 25:
Best OCplx: 0.51425947722658
Best Sequence: [16, 19, 7, 22, 9, 12, 11, 8, 5, 4, 21, 23, 17, 6, 1, 20, 2, 13, 18, 10, 3, 14, 15]
Run 26:
Best OCplx: 0.5464006945532414
Best Sequence: [21, 8, 16, 12, 17, 5, 22, 4, 18, 13, 11, 9, 10, 1, 19, 6, 2, 3, 7, 20, 15, 23, 14]
Run 27:
Best OCplx: 0.7071067811865476
Best Sequence: [16, 17, 7, 1, 22, 8, 9, 13, 5, 23, 12, 21, 15, 18, 6, 11, 19, 14, 20, 4, 2, 3, 10]
Run 28:
Best OCplx: 0.6428243465332251
Best Sequence: [1, 16, 17, 11, 12, 13, 8, 18, 5, 21, 23, 9, 6, 10, 14, 20, 7, 4, 2, 3, 22, 15, 19]
Run 29:
Best OCplx: 0.6106831292065638
Best Sequence: [21, 19, 17, 11, 12, 23, 1, 20, 8, 22, 5, 4, 16, 10, 18, 14, 13, 9, 2, 6, 7, 3, 15]
Run 30:
Best OCplx: 0.38569460791993504
Best Sequence: [8, 11, 6, 1, 10, 12, 13, 22, 21, 16, 18, 9, 23, 4, 14, 5, 7, 17, 20, 19, 2, 3, 15]
Actor Learning Rate: 1e-05
Critic Learning Rate: 0.0001
Hidden Dimension: 128
Gamma: 0.99
Lambda: 0.9
Epsilon: 0.2
if_EWM: False

