Run 1:
Best OCplx: 2.204348522715259
Best Sequence: [16, 20, 7, 8, 21, 9, 2, 18, 10, 15, 19, 13, 11, 6, 17, 4, 14, 3, 12, 5, 1]
Run 2:
Best OCplx: 2.6697792374025586
Best Sequence: [17, 19, 16, 8, 7, 20, 5, 21, 9, 10, 15, 3, 2, 11, 1, 14, 18, 13, 12, 4, 6]
Run 3:
Best OCplx: 2.204348522715259
Best Sequence: [20, 19, 16, 1, 17, 21, 6, 8, 9, 10, 5, 4, 7, 18, 13, 2, 11, 12, 14, 3, 15]
Run 4:
Best OCplx: 2.6934800311010028
Best Sequence: [2, 20, 5, 1, 3, 8, 21, 9, 16, 10, 7, 6, 12, 15, 11, 13, 14, 17, 4, 18, 19]
Run 5:
Best OCplx: 2.2990191679939382
Best Sequence: [21, 17, 4, 20, 16, 8, 7, 9, 10, 14, 1, 6, 18, 13, 2, 19, 5, 12, 11, 3, 15]
Run 6:
Best OCplx: 2.5665105432303976
Best Sequence: [6, 17, 20, 21, 8, 4, 9, 10, 7, 18, 14, 2, 3, 19, 1, 5, 13, 11, 16, 15, 12]
Run 7:
Best OCplx: 2.566510543230397
Best Sequence: [20, 8, 1, 21, 7, 17, 9, 10, 2, 4, 16, 15, 3, 12, 5, 13, 18, 14, 6, 11, 19]
Run 8:
Best OCplx: 2.4259886558645434
Best Sequence: [20, 5, 16, 17, 8, 21, 9, 6, 2, 10, 14, 1, 11, 13, 18, 12, 4, 19, 7, 15, 3]
Run 9:
Best OCplx: 2.6153299464219018
Best Sequence: [8, 17, 21, 18, 6, 9, 16, 7, 10, 20, 15, 11, 5, 12, 2, 14, 19, 13, 3, 4, 1]
Run 10:
Best OCplx: 2.204348522715259
Best Sequence: [16, 20, 6, 17, 8, 21, 1, 19, 5, 2, 7, 4, 9, 3, 18, 10, 12, 11, 14, 15, 13]
Run 11:
Best OCplx: 2.520659301143223
Best Sequence: [20, 21, 8, 9, 16, 10, 12, 6, 13, 14, 19, 11, 15, 5, 17, 7, 1, 4, 18, 2, 3]
Run 12:
Best OCplx: 2.204348522715259
Best Sequence: [20, 21, 16, 8, 17, 9, 5, 10, 14, 4, 11, 12, 18, 13, 2, 1, 19, 15, 7, 6, 3]
Run 13:
Best OCplx: 3.1797879573602064
Best Sequence: [16, 21, 1, 3, 8, 9, 10, 18, 12, 20, 17, 2, 4, 7, 13, 5, 15, 19, 6, 11, 14]
Run 14:
Best OCplx: 2.5206593011432226
Best Sequence: [21, 8, 16, 9, 18, 20, 1, 10, 14, 15, 2, 7, 12, 17, 6, 13, 5, 11, 4, 3, 19]
Run 15:
Best OCplx: 2.2990191679939382
Best Sequence: [21, 6, 20, 18, 17, 16, 2, 5, 7, 8, 9, 10, 13, 19, 3, 1, 12, 11, 4, 15, 14]
Run 16:
Best OCplx: 2.65202254241104
Best Sequence: [16, 8, 21, 9, 10, 11, 13, 18, 2, 17, 3, 7, 15, 6, 20, 19, 12, 5, 14, 4, 1]
Run 17:
Best OCplx: 2.4142329879657916
Best Sequence: [21, 20, 1, 17, 16, 8, 9, 2, 10, 18, 7, 4, 19, 5, 14, 15, 12, 11, 3, 6, 13]
Run 18:
Best OCplx: 2.4494985321337612
Best Sequence: [20, 21, 6, 9, 16, 18, 8, 2, 17, 10, 15, 1, 3, 5, 14, 7, 4, 13, 19, 12, 11]
Run 19:
Best OCplx: 2.204348522715259
Best Sequence: [16, 20, 21, 7, 8, 9, 10, 19, 13, 15, 18, 17, 5, 2, 12, 14, 11, 6, 4, 1, 3]
Run 20:
Best OCplx: 2.4718398979517184
Best Sequence: [2, 20, 1, 3, 8, 7, 19, 21, 9, 18, 16, 10, 17, 5, 11, 6, 12, 14, 4, 15, 13]
Run 21:
Best OCplx: 2.562116789833186
Best Sequence: [8, 21, 9, 7, 6, 2, 10, 20, 17, 12, 16, 1, 11, 15, 19, 14, 13, 18, 4, 3, 5]
Run 22:
Best OCplx: 2.204348522715259
Best Sequence: [7, 16, 6, 2, 20, 21, 19, 17, 4, 3, 5, 1, 18, 8, 9, 10, 11, 12, 13, 14, 15]
Run 23:
Best OCplx: 2.204348522715259
Best Sequence: [20, 16, 17, 18, 6, 21, 2, 7, 19, 8, 3, 5, 1, 4, 9, 10, 13, 15, 12, 11, 14]
Run 24:
Best OCplx: 2.5206593011432226
Best Sequence: [21, 8, 9, 18, 16, 20, 2, 3, 10, 17, 4, 6, 1, 12, 19, 5, 14, 11, 15, 7, 13]
Run 25:
Best OCplx: 2.562116789833186
Best Sequence: [21, 8, 17, 2, 9, 7, 20, 10, 5, 12, 19, 18, 16, 11, 6, 14, 3, 13, 4, 1, 15]
Run 26:
Best OCplx: 2.652226507843229
Best Sequence: [20, 17, 2, 4, 21, 16, 8, 19, 3, 9, 14, 6, 10, 11, 12, 5, 7, 18, 1, 15, 13]
Run 27:
Best OCplx: 2.204348522715259
Best Sequence: [16, 17, 20, 21, 1, 18, 2, 7, 5, 6, 4, 3, 19, 8, 9, 10, 11, 15, 13, 14, 12]
Run 28:
Best OCplx: 2.204348522715259
Best Sequence: [7, 16, 20, 17, 2, 3, 18, 4, 1, 6, 21, 19, 5, 8, 9, 10, 15, 14, 11, 12, 13]
Run 29:
Best OCplx: 2.2619554327011855
Best Sequence: [2, 16, 20, 6, 7, 8, 21, 9, 17, 10, 18, 5, 14, 4, 15, 13, 3, 11, 19, 12, 1]
Run 30:
Best OCplx: 2.204348522715259
Best Sequence: [16, 20, 17, 8, 21, 18, 4, 5, 1, 9, 10, 11, 14, 6, 19, 7, 2, 12, 3, 15, 13]
Actor Learning Rate: 1e-06
Critic Learning Rate: 5e-05
Hidden Dimension: 256
Gamma: 0.99
Lambda: 0.9
Epsilon: 0.2
if_EWM: True

Mean: 2.4316
Min: 2.2043
Max: 3.1798
Std: 0.2231