Run 1:
Best OCplx: 8.6618854588902
Best Sequence: [20, 18, 41, 14, 27, 36, 19, 16, 22, 3, 5, 9, 33, 39, 31, 11, 43, 38, 1, 7, 25, 34, 32, 15, 37, 40, 2, 29, 42, 4, 12, 17, 8, 26, 13, 44, 21, 10, 35, 6, 30, 28, 45, 23, 24]
Run 2:
Best OCplx: 9.657453570859262
Best Sequence: [19, 14, 43, 25, 9, 20, 15, 18, 36, 38, 10, 30, 13, 21, 8, 6, 44, 28, 40, 42, 29, 33, 5, 39, 3, 7, 27, 4, 22, 31, 32, 26, 11, 1, 17, 37, 12, 45, 41, 34, 2, 16, 35, 24, 23]
Run 3:
Best OCplx: 9.710760469298345
Best Sequence: [36, 31, 6, 32, 20, 41, 38, 37, 18, 16, 21, 39, 25, 1, 19, 42, 8, 43, 44, 27, 13, 9, 40, 28, 33, 29, 34, 11, 2, 5, 22, 7, 4, 17, 26, 30, 14, 45, 35, 3, 12, 10, 15, 24, 23]
Run 4:
Best OCplx: 10.266414866710132
Best Sequence: [20, 27, 18, 31, 22, 6, 14, 29, 41, 5, 10, 13, 40, 38, 42, 37, 7, 43, 28, 36, 19, 4, 15, 25, 16, 9, 34, 1, 11, 44, 32, 35, 26, 33, 21, 12, 2, 30, 17, 3, 39, 8, 45, 23, 24]
Run 5:
Best OCplx: 9.673518286353731
Best Sequence: [11, 14, 20, 6, 18, 26, 19, 15, 1, 28, 36, 42, 31, 37, 32, 33, 10, 41, 17, 4, 5, 44, 2, 8, 30, 7, 29, 13, 25, 27, 21, 35, 43, 40, 12, 16, 38, 3, 34, 24, 22, 39, 9, 23, 45]
Run 6:
Best OCplx: 10.476051248099918
Best Sequence: [11, 33, 35, 13, 14, 18, 41, 8, 34, 12, 20, 16, 17, 28, 36, 7, 44, 27, 9, 1, 37, 31, 38, 42, 25, 4, 15, 40, 43, 2, 19, 5, 22, 32, 30, 10, 6, 3, 21, 29, 26, 45, 39, 23, 24]
Run 7:
Best OCplx: 9.888036196871488
Best Sequence: [39, 15, 25, 20, 18, 11, 22, 44, 34, 13, 42, 30, 27, 28, 38, 40, 8, 29, 7, 4, 33, 10, 19, 9, 37, 3, 31, 5, 43, 41, 32, 2, 14, 16, 21, 26, 1, 17, 36, 6, 12, 35, 45, 23, 24]
Run 8:
Best OCplx: 10.128840328809472
Best Sequence: [19, 18, 17, 15, 11, 37, 36, 26, 20, 5, 25, 22, 16, 29, 1, 31, 21, 42, 41, 10, 28, 33, 30, 38, 27, 9, 32, 44, 3, 34, 13, 43, 7, 40, 12, 45, 6, 4, 14, 39, 2, 8, 23, 35, 24]
Run 9:
Best OCplx: 10.477753934724104
Best Sequence: [18, 8, 5, 20, 7, 33, 39, 36, 6, 3, 29, 15, 12, 22, 26, 43, 25, 44, 19, 2, 37, 11, 17, 21, 4, 1, 16, 42, 35, 41, 34, 31, 9, 30, 28, 32, 27, 13, 45, 38, 40, 10, 14, 24, 23]
Run 10:
Best OCplx: 10.24680069133186
Best Sequence: [7, 20, 15, 18, 10, 30, 8, 44, 26, 11, 5, 37, 12, 42, 9, 14, 25, 31, 43, 3, 41, 4, 21, 39, 6, 40, 2, 28, 22, 36, 33, 13, 32, 17, 16, 35, 24, 45, 29, 19, 1, 23, 27, 38, 34]
Run 11:
Best OCplx: 9.458597106142705
Best Sequence: [20, 18, 15, 9, 12, 30, 31, 36, 41, 14, 6, 32, 8, 39, 44, 1, 3, 5, 16, 34, 33, 38, 11, 4, 40, 21, 42, 26, 7, 37, 2, 13, 27, 25, 35, 28, 10, 17, 43, 22, 19, 29, 45, 23, 24]
Run 12:
Best OCplx: 10.287332108231501
Best Sequence: [10, 36, 22, 28, 31, 21, 8, 12, 18, 20, 25, 1, 15, 13, 33, 7, 17, 32, 11, 14, 39, 41, 2, 35, 29, 30, 19, 44, 16, 27, 5, 45, 38, 9, 4, 6, 34, 40, 26, 43, 3, 37, 24, 42, 23]
Run 13:
Best OCplx: 10.909671971855957
Best Sequence: [16, 32, 6, 20, 15, 10, 36, 22, 5, 34, 26, 8, 18, 44, 1, 39, 19, 7, 37, 30, 9, 29, 14, 12, 25, 43, 27, 3, 11, 38, 13, 17, 40, 28, 4, 42, 31, 2, 35, 21, 33, 45, 41, 24, 23]
Run 14:
Best OCplx: 10.206094379021444
Best Sequence: [20, 17, 15, 27, 6, 18, 10, 36, 29, 39, 43, 3, 31, 37, 22, 9, 19, 25, 16, 28, 5, 33, 41, 42, 4, 26, 12, 30, 44, 14, 11, 7, 13, 38, 1, 32, 2, 34, 45, 21, 8, 35, 24, 40, 23]
Run 15:
Best OCplx: 10.041604570701278
Best Sequence: [18, 43, 11, 20, 25, 9, 16, 14, 44, 7, 34, 19, 38, 26, 39, 12, 30, 27, 6, 15, 1, 32, 13, 28, 33, 8, 41, 31, 29, 4, 22, 37, 2, 42, 3, 36, 5, 21, 17, 35, 40, 45, 10, 23, 24]
Run 16:
Best OCplx: 10.94536764700718
Best Sequence: [14, 44, 12, 20, 10, 1, 42, 25, 19, 7, 8, 34, 16, 11, 37, 21, 6, 39, 41, 33, 40, 13, 36, 5, 30, 29, 18, 43, 35, 4, 31, 28, 38, 2, 9, 27, 22, 24, 26, 3, 32, 17, 15, 23, 45]
Run 17:
Best OCplx: 10.420109241126534
Best Sequence: [18, 31, 28, 44, 14, 5, 40, 20, 7, 26, 34, 11, 12, 25, 38, 19, 29, 21, 39, 30, 9, 22, 3, 43, 37, 16, 4, 6, 32, 42, 33, 17, 15, 41, 36, 10, 45, 27, 35, 24, 2, 23, 8, 13, 1]
Run 18:
Best OCplx: 10.424229503740486
Best Sequence: [11, 8, 18, 25, 39, 27, 1, 32, 20, 6, 36, 28, 14, 33, 43, 10, 19, 44, 34, 21, 5, 13, 17, 29, 15, 9, 40, 38, 4, 16, 22, 41, 2, 42, 7, 3, 35, 31, 26, 30, 45, 12, 37, 23, 24]
Run 19:
Best OCplx: 10.36246398592671
Best Sequence: [8, 39, 20, 18, 42, 44, 27, 37, 9, 31, 1, 19, 32, 6, 33, 4, 26, 41, 7, 36, 30, 17, 34, 22, 38, 11, 25, 14, 13, 45, 43, 12, 16, 15, 2, 10, 29, 3, 28, 21, 5, 40, 35, 24, 23]
Run 20:
Best OCplx: 10.721841499553408
Best Sequence: [18, 27, 43, 12, 19, 36, 20, 10, 34, 31, 28, 38, 4, 2, 39, 26, 32, 17, 11, 14, 30, 16, 15, 21, 7, 25, 5, 9, 22, 45, 41, 37, 40, 13, 35, 1, 33, 44, 3, 6, 29, 8, 23, 42, 24]
Run 21:
Best OCplx: 10.391632144486744
Best Sequence: [18, 12, 5, 20, 1, 16, 13, 25, 9, 22, 4, 42, 44, 28, 14, 7, 3, 26, 43, 27, 38, 6, 30, 41, 40, 10, 39, 19, 29, 37, 15, 34, 21, 17, 31, 36, 11, 32, 2, 33, 8, 24, 35, 23, 45]
Run 22:
Best OCplx: 10.641054011651633
Best Sequence: [15, 19, 10, 39, 31, 12, 30, 18, 11, 29, 20, 32, 38, 37, 33, 25, 27, 14, 8, 3, 2, 26, 43, 17, 1, 5, 41, 44, 35, 22, 40, 16, 34, 4, 36, 7, 45, 13, 6, 9, 42, 21, 28, 24, 23]
Run 23:
Best OCplx: 10.837981954032012
Best Sequence: [20, 9, 12, 31, 14, 19, 40, 39, 36, 30, 22, 43, 13, 7, 18, 6, 41, 16, 32, 21, 38, 10, 15, 3, 4, 2, 29, 28, 27, 34, 17, 37, 5, 11, 8, 1, 44, 26, 42, 35, 33, 25, 23, 24, 45]
Run 24:
Best OCplx: 10.604630664498641
Best Sequence: [3, 18, 25, 20, 22, 34, 13, 14, 1, 33, 10, 21, 5, 6, 39, 11, 44, 4, 36, 2, 19, 27, 15, 26, 7, 35, 16, 9, 42, 28, 41, 32, 29, 17, 30, 38, 37, 31, 8, 40, 43, 12, 23, 45, 24]
Run 25:
Best OCplx: 9.445723523164023
Best Sequence: [18, 20, 8, 16, 10, 44, 41, 26, 14, 7, 40, 36, 9, 39, 5, 17, 4, 21, 15, 31, 12, 38, 22, 43, 6, 33, 11, 1, 27, 25, 19, 2, 30, 13, 28, 34, 29, 32, 35, 23, 45, 24, 42, 3, 37]
Run 26:
Best OCplx: 9.991639261961817
Best Sequence: [18, 12, 20, 14, 5, 42, 9, 38, 22, 17, 36, 33, 10, 25, 29, 1, 30, 6, 21, 13, 8, 34, 19, 41, 28, 37, 26, 31, 3, 39, 40, 2, 4, 7, 16, 44, 43, 27, 32, 15, 24, 11, 35, 45, 23]
Run 27:
Best OCplx: 10.261057729672304
Best Sequence: [36, 18, 14, 26, 41, 31, 20, 40, 22, 33, 27, 38, 42, 10, 11, 4, 16, 5, 35, 43, 30, 3, 9, 7, 28, 25, 34, 1, 37, 15, 12, 39, 2, 29, 44, 13, 21, 8, 24, 19, 6, 32, 17, 45, 23]
Run 28:
Best OCplx: 11.077227456384652
Best Sequence: [11, 34, 20, 9, 18, 35, 27, 19, 5, 10, 44, 13, 40, 36, 33, 26, 25, 42, 31, 28, 21, 6, 37, 3, 30, 32, 4, 15, 41, 22, 43, 16, 38, 14, 1, 7, 39, 12, 8, 29, 2, 17, 45, 23, 24]
Run 29:
Best OCplx: 10.032452536375562
Best Sequence: [18, 27, 16, 20, 8, 31, 32, 1, 38, 41, 39, 7, 37, 9, 14, 33, 17, 40, 3, 42, 22, 21, 5, 44, 2, 11, 26, 28, 35, 10, 19, 25, 13, 30, 12, 4, 43, 29, 34, 36, 15, 6, 23, 45, 24]
Run 30:
Best OCplx: 10.134515609357804
Best Sequence: [15, 26, 33, 20, 37, 36, 43, 41, 27, 40, 44, 7, 9, 13, 17, 11, 39, 42, 34, 22, 19, 12, 38, 31, 16, 28, 14, 32, 6, 5, 8, 18, 10, 29, 21, 30, 3, 4, 25, 24, 1, 2, 23, 35, 45]
Learning Rate: 1e-05
Epsilon: 0.15
Gamma: 0.99
Target Update: 50
Memory Capacity: 20000
Batch Size: 128
if_EWM: False

