Run 1:
Best OCplx: 4.8443260148008225
Best Sequence: [42, 36, 22, 25, 43, 31, 14, 8, 15, 1, 12, 13, 11, 9, 10, 7, 16, 20, 6, 19, 18, 38, 37, 44, 39, 28, 17, 32, 29, 21, 41, 40, 5, 33, 34, 4, 2, 26, 35, 27, 30, 45, 3, 23, 24]
Run 2:
Best OCplx: 5.468735373847196
Best Sequence: [10, 31, 42, 20, 8, 12, 36, 15, 19, 13, 17, 14, 39, 25, 11, 16, 9, 28, 37, 7, 38, 29, 6, 32, 18, 22, 33, 34, 43, 5, 1, 41, 40, 4, 21, 44, 2, 26, 27, 35, 30, 23, 24, 3, 45]
Run 3:
Best OCplx: 5.784949172681508
Best Sequence: [11, 13, 16, 25, 36, 14, 10, 9, 15, 20, 19, 12, 7, 44, 5, 42, 31, 37, 22, 8, 39, 18, 17, 38, 43, 28, 41, 29, 21, 6, 33, 40, 32, 34, 4, 2, 35, 26, 27, 1, 30, 45, 23, 3, 24]
Run 4:
Best OCplx: 5.152110735365999
Best Sequence: [13, 31, 15, 14, 22, 1, 42, 17, 12, 43, 20, 16, 9, 8, 38, 5, 10, 7, 11, 37, 19, 36, 6, 18, 39, 44, 21, 33, 28, 32, 41, 40, 25, 34, 29, 4, 2, 35, 26, 27, 30, 23, 45, 24, 3]
Run 5:
Best OCplx: 5.596369925592807
Best Sequence: [43, 1, 20, 17, 36, 19, 25, 8, 12, 38, 37, 16, 14, 10, 7, 15, 9, 13, 22, 42, 18, 28, 31, 5, 33, 29, 39, 11, 44, 41, 34, 32, 40, 6, 21, 4, 2, 27, 35, 26, 30, 23, 24, 45, 3]
Run 6:
Best OCplx: 5.0738970438377455
Best Sequence: [17, 15, 8, 22, 12, 5, 36, 31, 11, 16, 14, 20, 7, 1, 9, 39, 10, 13, 19, 37, 32, 6, 18, 42, 28, 38, 33, 34, 29, 21, 4, 44, 43, 25, 2, 27, 26, 35, 41, 40, 30, 45, 24, 3, 23]
Run 7:
Best OCplx: 5.258057924257488
Best Sequence: [15, 1, 11, 42, 31, 9, 10, 20, 13, 36, 19, 7, 12, 33, 8, 5, 17, 14, 18, 38, 22, 37, 28, 32, 39, 25, 43, 44, 16, 29, 6, 34, 4, 21, 41, 40, 2, 35, 27, 26, 30, 3, 24, 23, 45]
Run 8:
Best OCplx: 5.390521682318944
Best Sequence: [31, 14, 25, 17, 42, 43, 9, 36, 10, 16, 13, 20, 44, 8, 12, 11, 5, 1, 7, 15, 19, 32, 39, 22, 6, 18, 37, 41, 38, 28, 29, 33, 40, 21, 34, 4, 2, 27, 26, 35, 30, 23, 24, 45, 3]
Run 9:
Best OCplx: 5.192691677667332
Best Sequence: [25, 15, 13, 31, 20, 9, 7, 10, 37, 38, 14, 12, 19, 36, 43, 8, 11, 16, 1, 18, 28, 22, 33, 42, 32, 17, 44, 39, 29, 21, 34, 5, 6, 4, 41, 40, 2, 27, 35, 26, 30, 23, 45, 24, 3]
Run 10:
Best OCplx: 4.991913479941304
Best Sequence: [13, 15, 14, 20, 7, 10, 8, 39, 11, 33, 12, 19, 16, 31, 9, 37, 44, 38, 6, 18, 17, 36, 5, 22, 42, 25, 28, 21, 34, 32, 43, 29, 4, 41, 40, 2, 35, 26, 27, 1, 30, 3, 23, 24, 45]
Run 11:
Best OCplx: 5.58352248065471
Best Sequence: [36, 42, 13, 9, 11, 10, 14, 8, 20, 15, 17, 12, 19, 25, 43, 44, 38, 18, 5, 39, 7, 22, 37, 16, 31, 32, 41, 28, 21, 33, 34, 1, 40, 29, 4, 2, 27, 26, 6, 35, 30, 23, 24, 3, 45]
Run 12:
Best OCplx: 5.465284337378029
Best Sequence: [42, 1, 15, 36, 25, 5, 10, 14, 20, 22, 28, 11, 17, 13, 16, 38, 8, 9, 19, 31, 39, 7, 12, 6, 18, 37, 44, 41, 40, 21, 33, 32, 29, 34, 43, 4, 2, 26, 27, 35, 30, 45, 23, 24, 3]
Run 13:
Best OCplx: 5.7937890905975316
Best Sequence: [10, 20, 16, 15, 1, 42, 44, 43, 14, 25, 17, 8, 28, 36, 39, 19, 11, 13, 7, 22, 31, 12, 18, 33, 37, 29, 34, 5, 32, 9, 6, 38, 21, 41, 40, 4, 2, 27, 35, 26, 30, 45, 23, 24, 3]
Run 14:
Best OCplx: 5.271316208842472
Best Sequence: [15, 17, 9, 12, 8, 25, 16, 10, 22, 20, 36, 13, 14, 11, 42, 43, 38, 7, 39, 19, 37, 1, 6, 18, 28, 44, 21, 31, 29, 32, 5, 33, 41, 34, 40, 4, 2, 35, 27, 26, 30, 23, 24, 3, 45]
Run 15:
Best OCplx: 5.468735373847196
Best Sequence: [31, 36, 8, 42, 11, 5, 1, 9, 12, 14, 25, 20, 19, 10, 39, 44, 16, 38, 13, 17, 7, 15, 6, 18, 32, 22, 21, 28, 33, 34, 37, 43, 4, 2, 35, 29, 27, 26, 41, 40, 30, 45, 23, 3, 24]
Run 16:
Best OCplx: 5.509316316148531
Best Sequence: [1, 9, 31, 14, 15, 8, 25, 36, 5, 42, 12, 10, 11, 22, 13, 16, 20, 19, 17, 38, 7, 18, 37, 44, 21, 32, 33, 34, 4, 39, 28, 43, 41, 29, 40, 2, 26, 35, 27, 6, 30, 23, 24, 45, 3]
Run 17:
Best OCplx: 5.276705090289327
Best Sequence: [31, 15, 10, 32, 13, 14, 22, 8, 42, 16, 9, 20, 11, 19, 12, 5, 6, 36, 39, 18, 37, 7, 44, 17, 38, 21, 41, 28, 33, 40, 34, 29, 25, 43, 26, 4, 2, 35, 27, 1, 30, 23, 45, 24, 3]
Run 18:
Best OCplx: 4.876477878833021
Best Sequence: [15, 13, 43, 31, 10, 36, 16, 17, 8, 14, 22, 9, 12, 11, 20, 25, 38, 19, 44, 7, 6, 18, 39, 21, 28, 29, 37, 42, 32, 41, 40, 1, 33, 5, 34, 4, 2, 26, 27, 35, 30, 24, 45, 23, 3]
Run 19:
Best OCplx: 5.468735373847196
Best Sequence: [36, 15, 11, 13, 43, 31, 10, 14, 25, 42, 12, 8, 17, 20, 28, 39, 9, 37, 44, 41, 19, 16, 7, 6, 18, 38, 22, 21, 33, 5, 32, 40, 34, 1, 29, 4, 2, 27, 35, 26, 30, 23, 24, 45, 3]
Run 20:
Best OCplx: 5.526453174401339
Best Sequence: [9, 14, 8, 31, 15, 1, 13, 12, 5, 11, 16, 10, 20, 38, 36, 33, 19, 17, 39, 37, 28, 7, 21, 6, 18, 32, 34, 42, 25, 43, 41, 40, 22, 44, 29, 4, 2, 27, 35, 26, 30, 24, 3, 45, 23]
Run 21:
Best OCplx: 4.995683352309493
Best Sequence: [22, 15, 5, 13, 36, 10, 31, 8, 43, 25, 9, 42, 14, 17, 11, 16, 20, 19, 12, 7, 6, 18, 44, 38, 21, 39, 33, 32, 34, 37, 28, 4, 41, 29, 2, 26, 27, 1, 40, 35, 30, 45, 3, 24, 23]
Run 22:
Best OCplx: 5.546949065375449
Best Sequence: [42, 20, 17, 37, 39, 38, 14, 15, 11, 31, 10, 19, 36, 33, 16, 9, 5, 12, 7, 22, 8, 32, 13, 6, 18, 28, 44, 25, 43, 21, 34, 4, 41, 29, 40, 2, 27, 35, 26, 1, 30, 3, 23, 45, 24]
Run 23:
Best OCplx: 5.308190447027092
Best Sequence: [36, 10, 9, 17, 31, 12, 15, 11, 20, 19, 16, 39, 42, 5, 14, 44, 13, 37, 7, 6, 18, 22, 25, 38, 8, 28, 29, 21, 43, 32, 33, 41, 34, 4, 2, 27, 26, 1, 35, 40, 30, 45, 24, 3, 23]
Run 24:
Best OCplx: 5.23032442689425
Best Sequence: [12, 14, 42, 31, 10, 25, 36, 20, 11, 13, 1, 37, 19, 38, 15, 9, 16, 17, 44, 39, 7, 8, 6, 18, 21, 22, 43, 33, 34, 28, 29, 32, 41, 5, 4, 40, 2, 27, 26, 35, 30, 45, 23, 24, 3]
Run 25:
Best OCplx: 4.69914376515552
Best Sequence: [31, 36, 25, 13, 11, 9, 20, 19, 14, 12, 22, 10, 8, 15, 16, 1, 7, 18, 37, 39, 28, 38, 44, 43, 17, 5, 33, 34, 6, 29, 32, 21, 42, 41, 40, 4, 2, 27, 26, 35, 30, 45, 3, 23, 24]
Run 26:
Best OCplx: 5.346303005581773
Best Sequence: [10, 11, 14, 5, 43, 9, 13, 15, 1, 16, 25, 42, 19, 20, 7, 8, 36, 18, 31, 28, 38, 29, 44, 12, 17, 39, 32, 37, 22, 41, 40, 6, 21, 33, 34, 4, 2, 27, 35, 26, 30, 23, 45, 3, 24]
Run 27:
Best OCplx: 5.666154538851922
Best Sequence: [14, 22, 20, 36, 44, 31, 37, 10, 12, 25, 42, 8, 1, 7, 38, 13, 15, 19, 32, 17, 5, 9, 39, 11, 16, 6, 18, 21, 28, 29, 33, 43, 34, 41, 4, 40, 2, 27, 26, 35, 30, 45, 24, 23, 3]
Run 28:
Best OCplx: 4.626410958821987
Best Sequence: [10, 17, 36, 1, 43, 13, 42, 7, 9, 11, 12, 16, 14, 20, 8, 31, 15, 19, 6, 18, 25, 44, 37, 39, 38, 22, 21, 41, 32, 40, 5, 28, 29, 33, 34, 4, 2, 26, 27, 35, 30, 45, 24, 23, 3]
Run 29:
Best OCplx: 4.75382136888738
Best Sequence: [20, 14, 1, 37, 31, 12, 9, 13, 19, 7, 22, 44, 10, 36, 8, 15, 11, 16, 25, 6, 18, 38, 5, 32, 21, 33, 17, 42, 39, 28, 29, 41, 40, 34, 43, 4, 2, 27, 26, 35, 30, 45, 23, 3, 24]
Run 30:
Best OCplx: 5.555696979543608
Best Sequence: [1, 14, 8, 15, 13, 25, 11, 42, 10, 16, 20, 12, 19, 37, 17, 31, 32, 9, 18, 38, 44, 39, 41, 5, 7, 28, 33, 43, 36, 34, 29, 22, 40, 6, 21, 26, 4, 2, 35, 27, 30, 45, 23, 24, 3]
