Run 1:
Best OCplx: 2.729102119488423
Best Sequence: [16, 20, 5, 21, 3, 2, 25, 12, 23, 10, 4, 1, 14, 22, 7, 19, 24, 9, 11, 17, 8, 15, 6, 13, 18]
Run 2:
Best OCplx: 3.0591270343526555
Best Sequence: [16, 9, 12, 6, 17, 1, 19, 20, 15, 5, 7, 2, 3, 22, 13, 14, 24, 10, 11, 21, 23, 25, 8, 4, 18]
Run 3:
Best OCplx: 2.680280753553589
Best Sequence: [16, 3, 9, 2, 5, 10, 4, 12, 23, 15, 22, 17, 7, 19, 1, 25, 11, 20, 24, 6, 8, 21, 18, 14, 13]
Run 4:
Best OCplx: 2.845224644254628
Best Sequence: [5, 4, 3, 6, 14, 16, 10, 7, 20, 15, 19, 8, 22, 9, 23, 17, 24, 12, 1, 2, 13, 25, 11, 21, 18]
Run 5:
Best OCplx: 2.733770241030931
Best Sequence: [16, 19, 3, 11, 20, 9, 22, 7, 2, 12, 10, 15, 4, 6, 5, 21, 25, 24, 23, 13, 1, 17, 14, 8, 18]
Run 6:
Best OCplx: 2.7650240420245638
Best Sequence: [3, 16, 19, 7, 8, 20, 15, 9, 2, 23, 22, 14, 25, 11, 12, 10, 21, 5, 17, 4, 6, 13, 24, 1, 18]
Run 7:
Best OCplx: 3.1354754644261655
Best Sequence: [12, 16, 20, 7, 2, 23, 19, 4, 10, 3, 15, 25, 6, 17, 14, 11, 13, 22, 1, 8, 9, 5, 21, 24, 18]
Run 8:
Best OCplx: 2.9374731393149296
Best Sequence: [3, 15, 12, 4, 16, 22, 9, 8, 1, 21, 5, 19, 25, 17, 6, 23, 10, 14, 7, 2, 24, 11, 20, 18, 13]
Run 9:
Best OCplx: 3.082059319367436
Best Sequence: [15, 16, 1, 9, 7, 4, 3, 21, 11, 22, 14, 2, 25, 8, 6, 23, 19, 24, 5, 10, 12, 17, 20, 18, 13]
Run 10:
Best OCplx: 2.6400168010229934
Best Sequence: [16, 19, 15, 12, 2, 5, 3, 4, 7, 25, 23, 22, 10, 17, 24, 20, 1, 6, 8, 14, 11, 9, 13, 21, 18]
Run 11:
Best OCplx: 3.106062435428986
Best Sequence: [16, 1, 15, 17, 9, 8, 3, 12, 19, 2, 23, 4, 21, 11, 25, 22, 6, 10, 14, 24, 5, 7, 18, 13, 20]
Run 12:
Best OCplx: 2.8224105502453503
Best Sequence: [4, 16, 17, 14, 20, 5, 10, 1, 3, 2, 15, 22, 11, 21, 12, 19, 23, 7, 25, 8, 9, 24, 6, 18, 13]
Run 13:
Best OCplx: 2.609619470858957
Best Sequence: [8, 2, 4, 23, 12, 14, 6, 15, 16, 7, 19, 9, 3, 5, 11, 17, 20, 22, 1, 21, 10, 24, 25, 18, 13]
Run 14:
Best OCplx: 3.32722063049259
Best Sequence: [16, 6, 7, 3, 15, 1, 21, 22, 14, 19, 8, 23, 17, 11, 4, 2, 9, 20, 12, 10, 5, 25, 18, 13, 24]
Run 15:
Best OCplx: 2.661332830337695
Best Sequence: [3, 5, 14, 16, 23, 17, 20, 22, 1, 9, 7, 19, 2, 10, 15, 11, 25, 24, 12, 4, 6, 8, 21, 18, 13]
Run 16:
Best OCplx: 2.5005376767372356
Best Sequence: [2, 9, 5, 15, 3, 4, 16, 14, 20, 23, 19, 1, 21, 17, 22, 10, 13, 12, 25, 8, 11, 6, 18, 7, 24]
Run 17:
Best OCplx: 2.660875435890829
Best Sequence: [15, 3, 16, 19, 11, 13, 20, 21, 2, 23, 22, 9, 14, 17, 4, 7, 10, 25, 6, 8, 1, 24, 12, 5, 18]
Run 18:
Best OCplx: 2.846616817504596
Best Sequence: [3, 16, 2, 9, 5, 23, 10, 15, 21, 6, 1, 17, 11, 8, 4, 22, 7, 14, 25, 19, 12, 24, 20, 13, 18]
Run 19:
Best OCplx: 3.2805395225105975
Best Sequence: [12, 15, 16, 3, 8, 6, 11, 10, 2, 17, 14, 21, 25, 22, 9, 24, 5, 19, 20, 4, 23, 1, 13, 18, 7]
Run 20:
Best OCplx: 2.7023760878567784
Best Sequence: [16, 17, 8, 3, 2, 7, 1, 19, 21, 23, 5, 20, 4, 12, 25, 6, 10, 22, 11, 24, 15, 9, 14, 13, 18]
Run 21:
Best OCplx: 2.439120126395914
Best Sequence: [4, 16, 19, 20, 6, 3, 13, 2, 12, 14, 10, 21, 25, 9, 5, 23, 22, 24, 1, 15, 8, 7, 17, 18, 11]
Run 22:
Best OCplx: 2.3901938603064075
Best Sequence: [3, 23, 9, 4, 16, 13, 20, 2, 14, 1, 10, 17, 12, 19, 6, 22, 11, 7, 5, 21, 25, 24, 15, 8, 18]
Run 23:
Best OCplx: 2.2996643250142066
Best Sequence: [12, 4, 8, 3, 16, 1, 17, 7, 2, 9, 5, 10, 22, 25, 11, 14, 19, 23, 6, 20, 15, 21, 24, 18, 13]
Run 24:
Best OCplx: 2.8585949646878284
Best Sequence: [3, 4, 15, 16, 1, 8, 7, 24, 23, 9, 21, 10, 11, 17, 5, 20, 12, 6, 2, 14, 25, 13, 22, 19, 18]
Run 25:
Best OCplx: 2.827496442755315
Best Sequence: [15, 16, 3, 2, 9, 5, 4, 19, 10, 25, 13, 21, 1, 11, 14, 7, 23, 6, 17, 22, 24, 12, 8, 20, 18]
Run 26:
Best OCplx: 2.677265330974832
Best Sequence: [12, 3, 16, 4, 19, 2, 7, 6, 25, 10, 5, 15, 22, 1, 14, 11, 8, 23, 24, 9, 17, 20, 21, 13, 18]
Run 27:
Best OCplx: 2.4647286899507233
Best Sequence: [15, 12, 4, 11, 3, 16, 9, 22, 5, 20, 2, 6, 25, 1, 19, 7, 8, 21, 17, 14, 24, 10, 18, 23, 13]
Run 28:
Best OCplx: 1.9102669667507826
Best Sequence: [15, 12, 4, 3, 16, 8, 1, 21, 20, 2, 6, 17, 25, 13, 23, 10, 19, 7, 22, 9, 24, 5, 14, 11, 18]
Run 29:
Best OCplx: 2.3627964555097716
Best Sequence: [3, 4, 12, 14, 16, 19, 6, 21, 10, 5, 23, 17, 20, 7, 2, 9, 22, 1, 8, 11, 15, 25, 24, 13, 18]
Run 30:
Best OCplx: 2.6070605293641456
Best Sequence: [3, 16, 5, 23, 1, 20, 12, 9, 11, 19, 2, 17, 22, 4, 7, 14, 8, 25, 15, 24, 6, 21, 10, 18, 13]
Learning Rate: 1e-05
Epsilon: 0.15
Gamma: 0.99
Target Update: 50
Memory Capacity: 20000
Batch Size: 128
if_EWM: True

