Run 1:
Best OCplx: 3.165875598969242
Best Sequence: [59, 29, 8, 27, 10, 21, 15, 36, 28, 5, 61, 25, 39, 60, 46, 24, 17, 44, 54, 18, 34, 58, 31, 9, 32, 30, 47, 43, 6, 7, 11, 35, 2, 49, 23, 53, 41, 40, 13, 26, 48, 57, 16, 22, 37, 45, 55, 14, 1, 56, 3, 20, 19, 38, 4, 52, 33, 42, 51, 50, 12]
Run 2:
Best OCplx: 3.0318961285626758
Best Sequence: [21, 15, 28, 61, 17, 43, 39, 8, 49, 44, 25, 10, 5, 31, 60, 53, 47, 13, 40, 59, 24, 27, 45, 36, 11, 34, 54, 46, 9, 58, 29, 6, 4, 26, 35, 41, 30, 19, 23, 2, 55, 37, 48, 14, 1, 16, 56, 18, 7, 22, 32, 42, 38, 33, 57, 20, 51, 52, 3, 50, 12]
Run 3:
Best OCplx: 2.9817164174579367
Best Sequence: [5, 8, 17, 21, 31, 25, 61, 28, 40, 9, 43, 46, 49, 27, 24, 39, 44, 18, 15, 29, 57, 58, 23, 36, 13, 53, 48, 34, 10, 47, 1, 11, 20, 7, 59, 54, 45, 60, 35, 6, 16, 2, 26, 14, 4, 19, 37, 56, 41, 55, 52, 42, 22, 32, 30, 38, 51, 3, 33, 12, 50]
Run 4:
Best OCplx: 3.189909300900721
Best Sequence: [61, 8, 25, 31, 60, 44, 46, 27, 21, 43, 56, 39, 18, 47, 7, 28, 16, 15, 58, 13, 4, 26, 14, 59, 36, 10, 49, 37, 30, 29, 17, 40, 34, 11, 2, 48, 35, 9, 22, 24, 1, 19, 45, 6, 23, 53, 54, 55, 32, 33, 38, 41, 52, 20, 57, 51, 12, 3, 50, 42, 5]
Run 5:
Best OCplx: 3.0630971282594164
Best Sequence: [21, 13, 44, 17, 49, 28, 8, 25, 36, 30, 46, 18, 39, 58, 9, 59, 10, 45, 5, 47, 7, 15, 34, 31, 6, 43, 60, 53, 29, 40, 14, 4, 54, 41, 23, 1, 48, 27, 56, 35, 19, 55, 22, 26, 24, 2, 11, 16, 61, 37, 32, 20, 57, 3, 52, 33, 38, 42, 51, 12, 50]
Run 6:
Best OCplx: 3.3912137242620117
Best Sequence: [8, 5, 21, 25, 17, 31, 36, 15, 44, 10, 46, 49, 39, 59, 28, 13, 53, 37, 27, 18, 60, 29, 14, 30, 7, 54, 26, 61, 11, 47, 40, 56, 3, 2, 4, 34, 58, 55, 6, 16, 43, 9, 23, 1, 57, 32, 41, 35, 45, 38, 52, 24, 48, 19, 50, 20, 22, 33, 42, 51, 12]
Run 7:
Best OCplx: 2.864311801161806
Best Sequence: [8, 36, 60, 49, 17, 25, 46, 13, 21, 58, 27, 47, 10, 9, 57, 2, 34, 44, 11, 22, 45, 29, 7, 59, 35, 6, 31, 48, 61, 26, 19, 54, 56, 24, 16, 40, 32, 15, 14, 30, 53, 1, 37, 28, 39, 41, 4, 18, 3, 23, 43, 20, 55, 38, 33, 52, 42, 5, 50, 51, 12]
Run 8:
Best OCplx: 2.7822765912050653
Best Sequence: [5, 27, 8, 21, 31, 25, 13, 4, 61, 48, 14, 23, 9, 29, 46, 45, 43, 11, 7, 10, 18, 24, 39, 16, 47, 58, 30, 56, 15, 34, 35, 28, 59, 54, 44, 57, 17, 1, 2, 40, 37, 22, 19, 20, 55, 36, 53, 32, 60, 38, 6, 52, 26, 41, 42, 3, 33, 50, 49, 51, 12]
Run 9:
Best OCplx: 3.3830796709934727
Best Sequence: [28, 17, 36, 21, 8, 59, 29, 25, 49, 5, 43, 10, 44, 31, 61, 46, 40, 60, 15, 27, 58, 48, 47, 18, 13, 32, 39, 33, 14, 3, 35, 9, 23, 34, 55, 53, 22, 57, 7, 37, 54, 16, 2, 4, 11, 20, 30, 24, 56, 38, 26, 45, 6, 41, 42, 1, 52, 19, 51, 50, 12]
Run 10:
Best OCplx: 3.13205463448251
Best Sequence: [53, 28, 21, 44, 8, 16, 5, 23, 9, 49, 15, 46, 31, 34, 10, 13, 17, 39, 25, 61, 7, 47, 26, 59, 58, 60, 6, 22, 36, 57, 27, 35, 14, 18, 43, 40, 2, 48, 30, 11, 54, 37, 1, 32, 3, 24, 29, 19, 56, 45, 51, 20, 41, 55, 4, 42, 38, 52, 12, 33, 50]
Run 11:
Best OCplx: 2.8572255907307644
Best Sequence: [60, 8, 39, 9, 21, 36, 46, 40, 28, 5, 25, 44, 27, 58, 10, 13, 59, 43, 15, 49, 56, 17, 53, 57, 47, 31, 61, 18, 11, 48, 23, 24, 6, 30, 32, 20, 54, 4, 16, 34, 3, 45, 29, 22, 1, 14, 19, 37, 26, 2, 55, 41, 35, 7, 52, 38, 42, 33, 50, 51, 12]
Run 12:
Best OCplx: 3.2828086200324407
Best Sequence: [31, 21, 25, 9, 8, 15, 49, 44, 61, 58, 46, 28, 59, 27, 39, 14, 13, 10, 5, 24, 60, 17, 36, 34, 29, 30, 47, 4, 1, 54, 40, 48, 7, 35, 19, 56, 11, 45, 23, 26, 57, 6, 43, 16, 41, 55, 18, 22, 52, 53, 37, 32, 2, 50, 20, 3, 38, 33, 42, 51, 12]
Run 13:
Best OCplx: 3.3153263187736037
Best Sequence: [8, 25, 10, 44, 46, 9, 17, 39, 5, 28, 47, 22, 36, 60, 58, 21, 29, 34, 13, 55, 18, 15, 31, 26, 59, 48, 45, 32, 56, 19, 61, 35, 4, 24, 49, 54, 57, 40, 7, 11, 43, 37, 23, 30, 14, 53, 27, 6, 41, 16, 1, 2, 52, 20, 3, 38, 42, 33, 51, 12, 50]
Run 14:
Best OCplx: 3.5680852347369765
Best Sequence: [10, 61, 13, 59, 8, 17, 44, 15, 39, 25, 5, 49, 27, 21, 31, 4, 28, 60, 34, 46, 19, 23, 14, 16, 43, 58, 22, 36, 6, 24, 57, 47, 7, 29, 45, 53, 32, 40, 48, 35, 54, 3, 30, 9, 11, 1, 37, 18, 2, 38, 26, 56, 41, 20, 55, 50, 52, 33, 51, 42, 12]
Run 15:
Best OCplx: 4.614995887412536
Best Sequence: [49, 21, 8, 46, 25, 36, 40, 48, 13, 45, 15, 34, 61, 27, 60, 17, 10, 9, 1, 28, 16, 31, 57, 7, 37, 53, 29, 56, 6, 44, 39, 54, 59, 47, 32, 43, 58, 2, 35, 26, 11, 18, 23, 4, 14, 22, 19, 3, 30, 24, 41, 20, 52, 38, 55, 33, 42, 50, 51, 12, 5]
Run 16:
Best OCplx: 3.4148421784167047
Best Sequence: [46, 27, 31, 8, 21, 49, 25, 28, 39, 36, 34, 17, 5, 9, 10, 56, 43, 61, 44, 54, 15, 47, 59, 13, 40, 29, 53, 42, 58, 11, 6, 16, 30, 4, 57, 60, 7, 45, 26, 48, 18, 35, 24, 22, 23, 2, 19, 14, 32, 41, 38, 55, 52, 1, 20, 3, 37, 51, 12, 33, 50]
Run 17:
Best OCplx: 2.9702586901543
Best Sequence: [21, 39, 46, 8, 25, 49, 15, 60, 5, 31, 9, 4, 17, 18, 58, 44, 23, 59, 57, 36, 29, 45, 24, 48, 7, 35, 28, 34, 40, 6, 61, 19, 43, 11, 26, 41, 10, 16, 14, 47, 13, 37, 53, 30, 56, 54, 55, 22, 32, 27, 2, 38, 1, 51, 33, 42, 20, 12, 52, 50, 3]
Run 18:
Best OCplx: 4.2245075143443485
Best Sequence: [13, 8, 21, 25, 34, 15, 31, 40, 17, 46, 5, 49, 36, 27, 44, 39, 60, 10, 53, 28, 59, 9, 16, 58, 47, 61, 24, 43, 41, 32, 30, 23, 29, 26, 45, 56, 7, 14, 37, 11, 35, 52, 2, 57, 54, 55, 6, 48, 19, 1, 51, 33, 38, 22, 4, 18, 20, 42, 50, 3, 12]
Run 19:
Best OCplx: 2.3926233541417377
Best Sequence: [31, 10, 28, 8, 61, 36, 5, 21, 25, 48, 40, 19, 4, 35, 24, 46, 27, 11, 44, 23, 54, 37, 58, 59, 60, 39, 9, 53, 29, 57, 1, 2, 47, 43, 17, 6, 7, 22, 32, 26, 49, 15, 55, 30, 38, 14, 13, 20, 52, 18, 41, 56, 16, 45, 42, 12, 50, 3, 51, 33, 34]
Run 20:
Best OCplx: 3.181161469152052
Best Sequence: [5, 21, 10, 36, 8, 28, 25, 46, 17, 9, 60, 49, 31, 48, 16, 61, 40, 29, 18, 23, 58, 15, 2, 7, 1, 43, 13, 47, 11, 14, 22, 54, 35, 30, 27, 37, 24, 6, 34, 53, 56, 57, 44, 4, 41, 59, 26, 45, 32, 55, 33, 19, 3, 52, 39, 38, 20, 50, 42, 12, 51]
Run 21:
Best OCplx: 3.775473434819209
Best Sequence: [40, 5, 60, 21, 36, 10, 8, 47, 9, 39, 49, 29, 37, 24, 59, 17, 28, 16, 25, 32, 46, 53, 45, 43, 11, 58, 56, 6, 23, 44, 61, 57, 30, 19, 54, 14, 18, 26, 27, 55, 15, 7, 2, 35, 31, 13, 20, 48, 4, 34, 38, 41, 52, 22, 1, 42, 33, 3, 51, 50, 12]
Run 22:
Best OCplx: 3.73005430042539
Best Sequence: [13, 25, 5, 15, 8, 21, 59, 4, 47, 46, 57, 60, 9, 31, 29, 40, 27, 43, 6, 30, 11, 24, 36, 14, 19, 44, 53, 35, 48, 58, 10, 23, 17, 7, 18, 39, 1, 28, 55, 51, 16, 54, 22, 32, 3, 49, 34, 45, 26, 2, 37, 41, 38, 52, 33, 42, 20, 56, 12, 50, 61]
Run 23:
Best OCplx: 3.515399413329823
Best Sequence: [61, 36, 31, 59, 17, 8, 21, 18, 25, 5, 10, 27, 48, 39, 14, 40, 11, 49, 16, 43, 34, 46, 28, 4, 57, 35, 53, 29, 7, 58, 47, 54, 60, 9, 23, 15, 30, 55, 56, 37, 44, 2, 6, 26, 24, 19, 22, 1, 51, 41, 20, 32, 45, 13, 3, 38, 42, 52, 33, 12, 50]
Run 24:
Best OCplx: 3.667739321329639
Best Sequence: [21, 23, 8, 34, 36, 13, 31, 9, 26, 25, 60, 10, 61, 28, 39, 27, 46, 43, 5, 15, 17, 11, 53, 7, 30, 40, 24, 44, 58, 56, 47, 18, 59, 4, 22, 14, 6, 54, 49, 48, 41, 16, 29, 45, 1, 42, 57, 35, 32, 55, 20, 2, 37, 12, 50, 3, 38, 19, 33, 52, 51]
Run 25:
Best OCplx: 3.580829393729708
Best Sequence: [28, 15, 58, 39, 25, 8, 17, 5, 44, 59, 61, 46, 10, 21, 13, 49, 31, 23, 60, 27, 47, 53, 14, 16, 24, 9, 7, 29, 36, 26, 54, 22, 35, 19, 48, 32, 30, 4, 6, 40, 56, 37, 11, 18, 43, 45, 2, 55, 1, 3, 57, 34, 12, 20, 42, 41, 52, 51, 50, 38, 33]
Run 26:
Best OCplx: 3.1057672714631903
Best Sequence: [5, 9, 46, 27, 61, 39, 28, 25, 8, 17, 13, 31, 44, 21, 36, 49, 10, 37, 14, 60, 15, 58, 56, 40, 59, 20, 11, 34, 43, 41, 18, 4, 24, 23, 35, 48, 57, 29, 6, 54, 7, 32, 45, 26, 55, 53, 30, 3, 47, 22, 38, 1, 16, 2, 19, 52, 33, 50, 51, 12, 42]
Run 27:
Best OCplx: 3.016719309509668
Best Sequence: [8, 17, 25, 31, 40, 15, 46, 34, 47, 28, 59, 44, 21, 10, 27, 58, 39, 36, 5, 53, 61, 9, 24, 14, 29, 2, 49, 13, 4, 32, 7, 6, 18, 60, 30, 37, 54, 22, 57, 19, 43, 1, 26, 23, 11, 35, 16, 20, 48, 45, 55, 56, 50, 41, 38, 52, 33, 3, 51, 42, 12]
Run 28:
Best OCplx: 3.44534376856665
Best Sequence: [21, 46, 25, 60, 10, 8, 23, 47, 4, 9, 27, 61, 36, 29, 57, 22, 43, 40, 35, 39, 58, 28, 11, 31, 34, 53, 32, 56, 18, 13, 44, 45, 41, 49, 15, 48, 16, 55, 59, 14, 38, 19, 52, 54, 5, 7, 6, 24, 1, 37, 26, 2, 20, 30, 51, 42, 33, 3, 17, 12, 50]
Run 29:
Best OCplx: 3.26330883934022
Best Sequence: [48, 59, 9, 60, 5, 8, 61, 21, 44, 15, 31, 40, 30, 14, 11, 39, 49, 58, 10, 17, 27, 37, 28, 53, 47, 1, 45, 13, 46, 36, 7, 29, 54, 4, 43, 22, 16, 2, 19, 25, 26, 6, 32, 3, 23, 55, 42, 24, 56, 41, 35, 18, 38, 20, 52, 12, 33, 50, 57, 51, 34]
Run 30:
Best OCplx: 4.917970943485062
Best Sequence: [49, 28, 10, 36, 8, 46, 17, 25, 47, 31, 60, 44, 5, 27, 15, 59, 57, 39, 34, 9, 40, 21, 13, 29, 18, 6, 35, 43, 55, 48, 2, 37, 56, 20, 1, 61, 11, 38, 58, 51, 4, 53, 42, 45, 26, 7, 30, 14, 16, 22, 19, 24, 54, 33, 23, 52, 3, 41, 32, 12, 50]
UPDATE_GLOBAL_ITER: 20
GAMMA: 0.99
MAX_EP: 3000
thread_count: 2
RL: 0.0003
if_EWM: False

