Run 1:
Best OCplx: 0.8697877607473999
Best Sequence: [17, 19, 32, 11, 27, 10, 35, 30, 15, 7, 36, 5, 21, 18, 9, 6, 22, 29, 14, 34, 20, 23, 39, 2, 26, 37, 38, 3, 25, 8, 16, 33, 31, 1, 13, 28, 12, 24, 4]
Run 2:
Best OCplx: 0.7752587638822771
Best Sequence: [36, 11, 27, 24, 30, 10, 32, 20, 29, 33, 21, 16, 12, 28, 13, 17, 35, 31, 22, 3, 38, 26, 18, 15, 8, 14, 2, 9, 34, 5, 25, 7, 6, 23, 1, 39, 19, 4, 37]
Run 3:
Best OCplx: 0.661412832880441
Best Sequence: [24, 32, 36, 11, 20, 28, 21, 10, 7, 2, 35, 16, 23, 12, 34, 29, 13, 19, 33, 9, 18, 15, 22, 30, 1, 8, 31, 27, 3, 17, 5, 14, 37, 25, 26, 6, 39, 38, 4]
Run 4:
Best OCplx: 0.8108806632836637
Best Sequence: [27, 14, 2, 15, 39, 7, 23, 11, 17, 8, 22, 36, 10, 21, 18, 34, 35, 30, 16, 37, 32, 9, 20, 1, 6, 12, 24, 13, 4, 19, 26, 25, 28, 38, 33, 31, 3, 5, 29]
Run 5:
Best OCplx: 1.032846784679422
Best Sequence: [21, 17, 3, 11, 10, 34, 9, 23, 18, 33, 27, 6, 24, 37, 12, 38, 4, 36, 26, 32, 29, 22, 30, 15, 8, 35, 5, 28, 31, 1, 14, 39, 20, 7, 25, 13, 19, 16, 2]
Run 6:
Best OCplx: 0.7043196619959252
Best Sequence: [1, 7, 20, 15, 28, 32, 11, 22, 10, 8, 36, 27, 2, 21, 17, 18, 12, 13, 24, 33, 5, 9, 6, 4, 34, 26, 14, 29, 30, 31, 3, 19, 39, 38, 35, 16, 37, 25, 23]
Run 7:
Best OCplx: 1.320923023405132
Best Sequence: [14, 39, 5, 17, 38, 10, 11, 30, 13, 21, 9, 28, 3, 24, 2, 18, 19, 27, 32, 31, 25, 7, 6, 26, 36, 15, 8, 12, 20, 4, 29, 22, 37, 33, 35, 1, 16, 34, 23]
Run 8:
Best OCplx: 0.7246668527004207
Best Sequence: [20, 28, 15, 7, 21, 36, 1, 27, 26, 19, 25, 38, 11, 13, 10, 29, 32, 3, 35, 9, 14, 22, 5, 30, 6, 24, 4, 8, 23, 18, 34, 12, 17, 39, 16, 33, 2, 37, 31]
Run 9:
Best OCplx: 1.1969693899295004
Best Sequence: [27, 20, 1, 7, 25, 10, 5, 21, 36, 9, 22, 31, 32, 29, 16, 17, 28, 38, 23, 6, 35, 34, 30, 37, 12, 26, 4, 19, 14, 8, 24, 39, 18, 33, 3, 2, 15, 13, 11]
Run 10:
Best OCplx: 0.6403708155913629
Best Sequence: [11, 22, 10, 39, 33, 27, 15, 7, 24, 30, 34, 14, 21, 20, 38, 9, 3, 18, 17, 36, 6, 19, 1, 32, 12, 29, 8, 13, 35, 25, 31, 37, 26, 5, 23, 28, 4, 2, 16]
Run 11:
Best OCplx: 0.6752639649447506
Best Sequence: [39, 21, 27, 34, 8, 11, 36, 32, 22, 29, 7, 10, 16, 9, 24, 26, 12, 15, 6, 23, 3, 33, 4, 1, 2, 18, 28, 30, 38, 31, 35, 14, 13, 37, 17, 5, 20, 25, 19]
Run 12:
Best OCplx: 1.0195543869999306
Best Sequence: [27, 10, 11, 9, 31, 8, 14, 3, 2, 35, 34, 30, 32, 39, 33, 21, 29, 12, 20, 24, 7, 23, 19, 38, 18, 6, 36, 4, 13, 17, 1, 26, 37, 22, 28, 15, 25, 16, 5]
Run 13:
Best OCplx: 0.898280601796757
Best Sequence: [24, 29, 14, 20, 15, 30, 33, 18, 21, 7, 28, 2, 35, 16, 11, 39, 25, 26, 1, 27, 17, 38, 3, 37, 36, 10, 31, 32, 22, 9, 12, 6, 5, 8, 4, 34, 23, 13, 19]
Run 14:
Best OCplx: 0.6802962899146057
Best Sequence: [27, 5, 17, 20, 3, 21, 11, 1, 10, 9, 6, 16, 35, 12, 24, 8, 4, 7, 33, 22, 36, 30, 28, 39, 31, 15, 18, 2, 19, 14, 13, 26, 25, 23, 29, 34, 37, 32, 38]
Run 15:
Best OCplx: 0.7975882656041722
Best Sequence: [21, 11, 19, 32, 27, 5, 16, 2, 20, 7, 10, 22, 3, 23, 24, 29, 15, 34, 39, 14, 12, 30, 13, 37, 8, 18, 36, 28, 9, 25, 26, 6, 35, 38, 1, 33, 4, 17, 31]
Run 16:
Best OCplx: 0.7895745858420756
Best Sequence: [7, 20, 19, 26, 11, 27, 36, 5, 35, 3, 14, 21, 1, 39, 10, 8, 15, 33, 12, 9, 32, 16, 22, 6, 18, 34, 30, 23, 31, 4, 2, 13, 17, 29, 38, 24, 37, 25, 28]
Run 17:
Best OCplx: 0.6645975280861373
Best Sequence: [20, 7, 3, 26, 5, 22, 23, 11, 24, 27, 15, 35, 14, 10, 1, 36, 21, 33, 38, 17, 9, 13, 16, 30, 28, 25, 34, 31, 18, 12, 32, 37, 29, 39, 19, 6, 2, 8, 4]
Run 18:
Best OCplx: 0.8233231752498863
Best Sequence: [11, 17, 7, 10, 27, 3, 28, 20, 35, 2, 9, 38, 21, 23, 29, 19, 31, 32, 22, 15, 30, 18, 1, 16, 37, 5, 12, 39, 8, 6, 34, 36, 4, 33, 25, 14, 13, 24, 26]
Run 19:
Best OCplx: 0.9563811609816115
Best Sequence: [20, 28, 36, 2, 11, 23, 27, 34, 24, 30, 32, 38, 5, 10, 13, 18, 25, 39, 9, 21, 33, 12, 26, 14, 37, 6, 22, 19, 16, 4, 3, 31, 29, 7, 35, 15, 8, 1, 17]
Run 20:
Best OCplx: 0.8331115191730682
Best Sequence: [3, 26, 21, 36, 19, 27, 31, 38, 11, 5, 10, 30, 33, 13, 25, 20, 1, 28, 35, 7, 2, 9, 8, 32, 12, 16, 23, 24, 29, 22, 18, 17, 37, 6, 15, 39, 34, 4, 14]
Run 21:
Best OCplx: 0.9521689198786086
Best Sequence: [15, 24, 35, 20, 18, 7, 16, 21, 3, 8, 36, 29, 30, 11, 38, 32, 31, 37, 25, 14, 28, 34, 23, 12, 27, 10, 17, 26, 22, 2, 1, 13, 19, 9, 39, 33, 5, 6, 4]
Run 22:
Best OCplx: 0.799735990941591
Best Sequence: [11, 27, 21, 22, 24, 36, 15, 8, 3, 10, 19, 14, 2, 32, 12, 13, 23, 30, 16, 39, 25, 33, 9, 20, 28, 29, 34, 37, 6, 18, 35, 7, 4, 26, 31, 17, 1, 5, 38]
Run 23:
Best OCplx: 0.9872830768504213
Best Sequence: [36, 30, 18, 27, 39, 25, 28, 17, 22, 11, 3, 7, 31, 37, 10, 9, 32, 6, 4, 21, 12, 35, 16, 14, 34, 29, 23, 19, 5, 24, 33, 38, 13, 1, 2, 20, 15, 26, 8]
Run 24:
Best OCplx: 0.7940061287166775
Best Sequence: [22, 23, 21, 26, 27, 11, 13, 8, 1, 24, 10, 28, 36, 34, 15, 25, 29, 5, 7, 17, 39, 31, 9, 6, 2, 12, 14, 32, 3, 33, 30, 16, 18, 4, 20, 19, 35, 37, 38]
Run 25:
Best OCplx: 0.7900148952320996
Best Sequence: [15, 17, 3, 11, 13, 5, 27, 10, 7, 36, 9, 6, 38, 33, 31, 23, 32, 34, 35, 14, 26, 37, 39, 29, 1, 22, 16, 28, 2, 21, 20, 25, 12, 24, 18, 8, 4, 30, 19]
Run 26:
Best OCplx: 0.9484927385017848
Best Sequence: [31, 21, 30, 11, 26, 14, 1, 7, 24, 10, 19, 29, 12, 9, 15, 16, 39, 3, 34, 20, 36, 35, 23, 27, 25, 13, 37, 28, 17, 6, 38, 5, 32, 8, 18, 2, 4, 22, 33]
Run 27:
Best OCplx: 0.8473465473312055
Best Sequence: [7, 17, 24, 3, 30, 31, 13, 27, 23, 36, 20, 10, 35, 19, 39, 15, 26, 1, 16, 32, 11, 21, 29, 9, 5, 33, 38, 22, 34, 18, 12, 6, 4, 37, 28, 2, 8, 14, 25]
Run 28:
Best OCplx: 0.8141743595131833
Best Sequence: [20, 36, 38, 14, 21, 8, 26, 10, 23, 24, 11, 7, 28, 34, 15, 3, 2, 27, 33, 9, 18, 31, 13, 17, 16, 22, 6, 35, 29, 30, 12, 4, 19, 37, 39, 25, 32, 1, 5]
Run 29:
Best OCplx: 0.6997520269215591
Best Sequence: [11, 27, 21, 36, 7, 35, 8, 10, 33, 28, 20, 24, 18, 15, 19, 17, 23, 12, 32, 13, 29, 9, 25, 1, 14, 31, 6, 4, 37, 30, 34, 3, 2, 5, 26, 39, 16, 38, 22]
Run 30:
Best OCplx: 0.728919435667033
Best Sequence: [11, 10, 1, 3, 22, 18, 7, 32, 31, 9, 36, 20, 28, 27, 15, 26, 38, 29, 21, 24, 14, 13, 19, 5, 2, 16, 17, 6, 25, 30, 4, 34, 12, 8, 23, 39, 33, 35, 37]
