
Learning Rate: 6e-05
Epsilon: 0.99
Gamma: 0.93
Memory Capacity: 20000
Batch Size: 64
if_EWM: True
Run 1:
Best OCplx: 1.9394780706928874
Best Sequence: [49, 5, 17, 61, 36, 31, 46, 59, 28, 40, 47, 58, 13, 22, 39, 34, 21, 8, 14, 6, 15, 48, 54, 11, 57, 7, 9, 60, 26, 1, 25, 19, 41, 35, 10, 30, 27, 23, 16, 4, 18, 2, 29, 43, 55, 45, 44, 53, 32, 24, 56, 38, 20, 3, 33, 37, 52, 50, 51, 12, 42]
Run 2:
Best OCplx: 2.332092584167095
Best Sequence: [60, 9, 28, 5, 49, 40, 44, 61, 36, 31, 17, 46, 15, 10, 21, 59, 8, 53, 54, 29, 27, 34, 30, 2, 24, 19, 43, 16, 39, 25, 14, 23, 56, 48, 32, 57, 47, 58, 11, 1, 20, 22, 6, 41, 45, 13, 4, 55, 35, 38, 37, 3, 33, 50, 26, 42, 51, 18, 52, 12, 7]
Run 3:
Best OCplx: 1.5672960329420502
Best Sequence: [49, 46, 28, 36, 10, 5, 40, 34, 8, 61, 27, 59, 44, 39, 13, 58, 43, 15, 21, 19, 25, 7, 35, 9, 30, 54, 29, 55, 16, 47, 57, 22, 37, 14, 41, 17, 11, 32, 1, 26, 31, 60, 45, 48, 4, 18, 6, 53, 24, 51, 12, 20, 56, 42, 2, 23, 38, 50, 52, 3, 33]
Run 4:
Best OCplx: 1.3371867285340655
Best Sequence: [27, 40, 46, 36, 31, 15, 34, 28, 61, 47, 5, 8, 17, 49, 60, 59, 9, 53, 10, 13, 43, 22, 58, 39, 41, 44, 21, 54, 48, 23, 11, 6, 29, 16, 19, 2, 30, 57, 25, 45, 14, 1, 18, 7, 26, 24, 56, 32, 4, 55, 35, 37, 51, 12, 20, 50, 3, 38, 52, 33, 42]
Run 5:
Best OCplx: 0.935927554781818
Best Sequence: [10, 59, 13, 8, 17, 31, 28, 27, 36, 15, 40, 61, 44, 5, 60, 9, 46, 43, 49, 53, 39, 58, 34, 47, 21, 54, 1, 14, 25, 57, 23, 11, 48, 35, 32, 2, 7, 19, 30, 45, 6, 24, 22, 41, 4, 18, 20, 56, 16, 26, 37, 55, 51, 12, 3, 42, 29, 38, 33, 50, 52]
Run 6:
Best OCplx: 1.3064643457604737
Best Sequence: [27, 46, 9, 13, 8, 47, 60, 36, 40, 49, 59, 34, 28, 31, 17, 15, 53, 22, 61, 5, 44, 58, 39, 10, 43, 41, 21, 14, 29, 6, 25, 37, 35, 55, 24, 32, 18, 19, 7, 54, 20, 2, 23, 51, 1, 16, 11, 50, 26, 12, 4, 45, 42, 48, 57, 3, 30, 38, 52, 56, 33]
Run 7:
Best OCplx: 1.8890151825880461
Best Sequence: [15, 59, 46, 27, 9, 44, 49, 61, 31, 39, 5, 28, 13, 8, 43, 36, 58, 21, 18, 54, 7, 45, 23, 53, 56, 47, 32, 17, 16, 35, 40, 10, 2, 30, 37, 3, 60, 6, 57, 25, 20, 14, 24, 26, 22, 11, 29, 55, 1, 34, 19, 38, 4, 52, 50, 51, 42, 41, 12, 33, 48]
Run 8:
Best OCplx: 1.3060611639239896
Best Sequence: [13, 60, 49, 8, 9, 46, 34, 36, 40, 31, 15, 44, 61, 10, 5, 58, 47, 27, 39, 53, 21, 6, 11, 17, 59, 41, 28, 1, 57, 30, 43, 18, 29, 45, 26, 19, 4, 25, 35, 22, 37, 48, 14, 32, 55, 16, 20, 42, 51, 50, 23, 2, 38, 7, 24, 54, 52, 3, 12, 56, 33]
Run 9:
Best OCplx: 1.8201019831235943
Best Sequence: [8, 46, 44, 61, 9, 60, 17, 39, 13, 36, 31, 34, 27, 28, 5, 47, 10, 58, 40, 41, 59, 53, 21, 11, 49, 4, 43, 1, 35, 25, 54, 15, 55, 23, 45, 7, 30, 48, 56, 29, 2, 24, 18, 32, 57, 42, 6, 16, 26, 14, 19, 22, 20, 37, 33, 50, 51, 3, 38, 52, 12]
Run 10:
Best OCplx: 1.6106683713703522
Best Sequence: [5, 8, 13, 47, 61, 39, 46, 15, 43, 9, 10, 60, 44, 27, 49, 58, 31, 59, 21, 6, 36, 56, 28, 16, 22, 23, 18, 34, 40, 4, 45, 26, 53, 48, 24, 11, 17, 57, 35, 41, 1, 30, 7, 19, 54, 37, 29, 32, 14, 25, 55, 2, 42, 50, 20, 51, 38, 33, 12, 3, 52]
Run 11:
Best OCplx: 1.3739782492345012
Best Sequence: [61, 9, 10, 31, 28, 17, 44, 8, 40, 39, 46, 49, 59, 13, 60, 27, 47, 15, 5, 43, 21, 56, 14, 16, 25, 7, 53, 4, 1, 35, 6, 58, 26, 30, 48, 54, 19, 24, 36, 29, 2, 22, 37, 55, 23, 41, 45, 32, 34, 18, 11, 51, 57, 20, 3, 42, 38, 52, 50, 33, 12]
Run 12:
Best OCplx: 1.71445318745051
Best Sequence: [28, 9, 61, 8, 15, 49, 46, 27, 47, 40, 60, 13, 17, 22, 44, 58, 36, 5, 59, 39, 10, 34, 31, 43, 41, 53, 21, 48, 1, 19, 2, 57, 54, 29, 55, 7, 30, 14, 56, 26, 16, 45, 32, 42, 35, 11, 23, 37, 4, 18, 25, 24, 6, 3, 20, 51, 12, 52, 50, 38, 33]
Run 13:
Best OCplx: 1.3819650642447083
Best Sequence: [34, 17, 13, 59, 49, 60, 5, 28, 9, 36, 27, 8, 61, 10, 40, 39, 44, 47, 46, 15, 58, 22, 21, 43, 7, 45, 54, 29, 11, 16, 24, 31, 26, 18, 19, 41, 53, 25, 55, 6, 35, 56, 57, 4, 37, 1, 2, 32, 30, 20, 51, 42, 14, 12, 23, 3, 48, 50, 38, 33, 52]
Run 14:
Best OCplx: 0.9339333099215498
Best Sequence: [27, 49, 36, 44, 28, 46, 47, 31, 10, 22, 9, 5, 13, 8, 40, 43, 59, 60, 58, 17, 21, 25, 30, 6, 61, 34, 54, 4, 2, 39, 24, 35, 16, 11, 29, 48, 57, 45, 53, 15, 55, 18, 32, 42, 19, 41, 1, 56, 23, 3, 20, 7, 37, 14, 50, 51, 12, 38, 26, 52, 33]
Run 15:
Best OCplx: 1.9911854066722041
Best Sequence: [47, 9, 49, 13, 15, 61, 5, 28, 31, 27, 60, 44, 59, 36, 46, 8, 40, 10, 43, 34, 58, 53, 22, 21, 18, 16, 39, 6, 19, 35, 48, 25, 54, 41, 17, 2, 30, 56, 32, 14, 20, 24, 4, 29, 45, 37, 1, 50, 57, 11, 23, 7, 55, 26, 42, 3, 51, 12, 38, 33, 52]
Run 16:
Best OCplx: 2.0042243829849733
Best Sequence: [13, 46, 49, 60, 8, 17, 47, 59, 40, 10, 5, 61, 21, 44, 56, 45, 54, 2, 48, 6, 34, 7, 4, 9, 26, 19, 35, 57, 30, 11, 25, 37, 24, 1, 39, 14, 15, 27, 16, 36, 28, 22, 31, 43, 58, 29, 55, 18, 32, 41, 20, 52, 42, 51, 33, 3, 53, 23, 12, 38, 50]
Run 17:
Best OCplx: 1.026868595272696
Best Sequence: [27, 44, 15, 46, 60, 61, 36, 59, 17, 47, 10, 9, 13, 49, 5, 31, 22, 28, 8, 43, 39, 53, 58, 40, 41, 34, 21, 54, 24, 2, 19, 26, 48, 23, 4, 14, 45, 16, 6, 1, 30, 18, 35, 32, 56, 57, 25, 7, 11, 29, 20, 37, 55, 51, 50, 42, 3, 38, 12, 52, 33]
Run 18:
Best OCplx: 1.7113370971040598
Best Sequence: [27, 9, 8, 40, 31, 44, 49, 10, 28, 17, 36, 60, 61, 5, 46, 47, 58, 43, 15, 39, 22, 41, 34, 21, 13, 4, 1, 30, 48, 19, 16, 14, 2, 35, 53, 25, 37, 45, 11, 56, 26, 23, 20, 29, 54, 18, 55, 24, 32, 57, 59, 51, 42, 7, 6, 3, 38, 50, 52, 12, 33]
Run 19:
Best OCplx: 1.375384246516842
Best Sequence: [44, 31, 9, 15, 13, 49, 61, 60, 10, 28, 47, 46, 36, 59, 27, 5, 17, 53, 22, 8, 39, 43, 40, 34, 58, 21, 1, 26, 23, 56, 41, 4, 7, 24, 45, 25, 11, 55, 14, 6, 16, 32, 20, 35, 19, 42, 54, 37, 48, 50, 18, 29, 30, 2, 51, 3, 57, 38, 12, 52, 33]
Run 20:
Best OCplx: 1.4007675649890579
Best Sequence: [9, 8, 61, 15, 60, 46, 27, 17, 31, 10, 43, 47, 49, 28, 40, 39, 44, 34, 5, 21, 19, 23, 26, 24, 13, 45, 25, 53, 2, 11, 56, 57, 54, 18, 1, 16, 48, 7, 59, 22, 58, 29, 55, 6, 32, 35, 14, 37, 4, 20, 42, 30, 50, 36, 51, 41, 12, 38, 3, 33, 52]
Run 21:
Best OCplx: 1.5958163402049306
Best Sequence: [10, 9, 8, 39, 15, 40, 44, 59, 5, 61, 17, 31, 43, 27, 49, 21, 4, 30, 36, 46, 45, 26, 57, 6, 16, 11, 54, 28, 53, 48, 29, 14, 2, 18, 7, 58, 25, 47, 32, 60, 37, 35, 55, 23, 22, 13, 56, 24, 42, 41, 3, 20, 50, 38, 52, 19, 51, 12, 34, 1, 33]
Run 22:
Best OCplx: 1.1699783139751807
Best Sequence: [60, 31, 44, 13, 27, 28, 15, 10, 17, 9, 49, 8, 39, 5, 40, 36, 53, 47, 43, 21, 34, 11, 29, 56, 59, 46, 18, 58, 6, 30, 48, 45, 1, 22, 54, 7, 41, 19, 55, 25, 16, 57, 35, 61, 4, 2, 14, 23, 32, 24, 26, 37, 20, 51, 42, 50, 12, 38, 3, 33, 52]
Run 23:
Best OCplx: 1.3005781465098636
Best Sequence: [27, 59, 28, 49, 10, 8, 39, 61, 40, 36, 15, 13, 31, 47, 44, 9, 5, 46, 58, 17, 43, 22, 21, 23, 4, 11, 30, 29, 1, 41, 26, 24, 48, 32, 18, 7, 60, 14, 53, 57, 54, 19, 35, 55, 56, 37, 20, 50, 34, 42, 25, 2, 51, 6, 45, 12, 38, 33, 52, 3, 16]
Run 24:
Best OCplx: 1.0585333140733761
Best Sequence: [8, 9, 15, 40, 49, 61, 27, 10, 5, 28, 59, 44, 34, 36, 31, 47, 53, 13, 60, 43, 21, 56, 6, 48, 46, 58, 7, 23, 4, 57, 30, 19, 39, 32, 22, 25, 16, 45, 54, 11, 35, 26, 24, 41, 18, 29, 17, 20, 37, 14, 55, 42, 51, 50, 38, 33, 2, 1, 52, 12, 3]
Run 25:
Best OCplx: 1.5291972377469532
Best Sequence: [40, 60, 15, 39, 8, 10, 36, 5, 27, 28, 13, 59, 46, 31, 47, 22, 17, 53, 43, 61, 49, 34, 9, 58, 21, 26, 54, 48, 24, 2, 41, 6, 14, 57, 11, 4, 30, 45, 44, 16, 18, 25, 7, 29, 55, 32, 20, 35, 1, 42, 37, 56, 51, 12, 3, 19, 50, 23, 52, 38, 33]
Run 26:
Best OCplx: 0.6368456477183337
Best Sequence: [15, 40, 31, 59, 8, 46, 34, 27, 36, 60, 9, 47, 44, 28, 17, 10, 13, 22, 49, 5, 21, 39, 24, 26, 48, 25, 43, 54, 58, 19, 7, 18, 11, 57, 1, 14, 45, 4, 23, 53, 61, 30, 6, 32, 29, 56, 55, 35, 42, 2, 16, 37, 20, 50, 51, 12, 38, 41, 3, 52, 33]
Run 27:
Best OCplx: 1.9699215869428257
Best Sequence: [44, 28, 5, 36, 39, 8, 61, 15, 17, 10, 31, 53, 27, 49, 13, 59, 60, 9, 47, 43, 46, 22, 21, 2, 7, 54, 23, 30, 4, 25, 1, 57, 16, 37, 6, 29, 34, 48, 35, 40, 56, 14, 24, 18, 26, 55, 32, 45, 19, 58, 11, 42, 20, 51, 41, 38, 3, 52, 12, 33, 50]
Run 28:
Best OCplx: 1.5291972377469532
Best Sequence: [40, 60, 15, 39, 8, 10, 36, 5, 27, 28, 13, 59, 46, 31, 47, 22, 17, 53, 43, 61, 49, 34, 9, 58, 21, 26, 54, 48, 24, 2, 41, 6, 14, 57, 11, 4, 30, 45, 44, 16, 18, 25, 7, 29, 55, 32, 20, 35, 1, 42, 37, 56, 51, 12, 3, 19, 50, 23, 52, 38, 33]
Run 29:
Best OCplx: 1.2453069605279075
Best Sequence: [36, 13, 61, 15, 10, 17, 31, 59, 9, 46, 8, 27, 34, 53, 44, 49, 60, 5, 21, 2, 45, 58, 29, 18, 19, 48, 16, 28, 35, 6, 23, 11, 30, 7, 56, 40, 39, 26, 47, 32, 1, 25, 43, 55, 4, 57, 41, 22, 20, 24, 42, 37, 38, 51, 33, 50, 54, 12, 14, 3, 52]
Run 30:
Best OCplx: 1.5033974180081682
Best Sequence: [10, 46, 31, 17, 61, 27, 28, 13, 49, 59, 43, 9, 15, 47, 39, 5, 8, 40, 44, 58, 22, 34, 60, 36, 37, 53, 41, 21, 4, 7, 57, 24, 25, 48, 29, 16, 11, 19, 2, 30, 18, 26, 23, 32, 14, 54, 35, 45, 55, 6, 1, 3, 20, 42, 50, 56, 38, 52, 33, 51, 12]
Mean: 1.4832
Min: 0.6368
Max: 2.3321
Std: 0.3714