Run 1:
Best OCplx: 2.846368210291854
Best Sequence: [8, 20, 21, 9, 7, 19, 16, 5, 2, 10, 15, 6, 1, 4, 17, 14, 18, 12, 3, 13, 11]
Run 1:
Best OCplx: 2.6575903652039345
Best Sequence: [20, 21, 18, 8, 5, 7, 2, 3, 9, 17, 10, 14, 6, 19, 13, 12, 11, 16, 1, 15, 4]
Run 1:
Best OCplx: 2.787896567140957
Best Sequence: [21, 9, 17, 16, 6, 8, 5, 20, 10, 2, 19, 7, 4, 11, 18, 3, 12, 14, 15, 13, 1]
Run 1:
Best OCplx: 2.5221936135553564
Best Sequence: [20, 8, 17, 7, 21, 16, 9, 19, 10, 14, 15, 5, 12, 6, 4, 1, 3, 13, 18, 11, 2]
Run 2:
Best OCplx: 2.650635645010257
Best Sequence: [20, 8, 16, 18, 21, 19, 6, 9, 10, 13, 12, 3, 1, 2, 14, 7, 11, 4, 15, 17, 5]
Run 1:
Best OCplx: 2.6309792721994407
Best Sequence: [7, 21, 20, 8, 9, 10, 13, 11, 1, 17, 6, 5, 3, 16, 15, 18, 12, 4, 19, 14, 2]
Run 1:
Best OCplx: 2.664349033510097
Best Sequence: [16, 7, 3, 20, 8, 21, 9, 18, 1, 2, 4, 10, 13, 12, 14, 6, 17, 19, 11, 15, 5]
Run 2:
Best OCplx: 2.4281330792938127
Best Sequence: [20, 2, 19, 7, 8, 21, 17, 16, 1, 9, 18, 5, 10, 14, 4, 12, 3, 15, 6, 11, 13]
Run 1:
Best OCplx: 2.856320993676472
Best Sequence: [20, 8, 18, 9, 19, 16, 1, 3, 17, 2, 5, 21, 10, 6, 14, 12, 7, 11, 4, 15, 13]
Run 2:
Best OCplx: 2.7417254384916343
Best Sequence: [21, 20, 16, 18, 8, 17, 1, 9, 13, 14, 5, 10, 2, 7, 12, 11, 6, 19, 15, 3, 4]
Run 3:
Best OCplx: 2.5158956699265116
Best Sequence: [6, 19, 20, 16, 7, 2, 4, 21, 8, 17, 1, 9, 10, 15, 5, 3, 18, 12, 13, 11, 14]
Run 4:
Best OCplx: 2.7524129244828104
Best Sequence: [20, 8, 1, 17, 21, 6, 9, 16, 14, 10, 4, 15, 5, 2, 7, 13, 3, 12, 18, 19, 11]
Run 1:
Best OCplx: 3.2177870036423823
Best Sequence: [1, 16, 21, 20, 19, 2, 5, 8, 3, 9, 17, 13, 6, 10, 14, 7, 15, 12, 18, 4, 11]
Run 2:
Best OCplx: 3.1812333483664297
Best Sequence: [17, 4, 6, 18, 20, 21, 5, 1, 8, 9, 11, 2, 10, 7, 15, 19, 3, 12, 16, 14, 13]
Run 3:
Best OCplx: 3.110561952713202
Best Sequence: [2, 5, 7, 21, 8, 18, 9, 20, 3, 6, 10, 19, 15, 12, 14, 1, 17, 16, 13, 4, 11]
Run 4:
Best OCplx: 2.5158956699265116
Best Sequence: [16, 21, 7, 2, 8, 20, 5, 9, 1, 10, 14, 19, 12, 3, 15, 18, 6, 17, 11, 4, 13]
Run 5:
Best OCplx: 2.3874536384716105
Best Sequence: [8, 20, 16, 18, 17, 4, 21, 2, 5, 9, 1, 10, 11, 19, 6, 12, 3, 15, 7, 13, 14]
Run 1:
Best OCplx: 2.4574240267756142
Best Sequence: [21, 16, 2, 20, 3, 17, 9, 6, 8, 10, 5, 1, 14, 11, 4, 7, 12, 15, 13, 19, 18]
Run 1:
Best OCplx: 2.2864383840163898
Best Sequence: [19, 20, 16, 21, 8, 1, 9, 10, 6, 13, 2, 11, 15, 17, 12, 18, 5, 14, 7, 4, 3]
Run 2:
Best OCplx: 3.1103122418478337
Best Sequence: [4, 20, 5, 8, 1, 18, 21, 16, 2, 9, 14, 6, 3, 17, 7, 19, 10, 13, 11, 15, 12]
Run 3:
Best OCplx: 2.536918737937897
Best Sequence: [6, 20, 7, 8, 21, 9, 17, 18, 1, 10, 11, 12, 4, 13, 5, 19, 15, 2, 14, 3, 16]
Run 1:
Best OCplx: 2.4211783591001352
Best Sequence: [20, 3, 17, 16, 18, 4, 5, 8, 1, 21, 2, 9, 19, 7, 10, 13, 11, 12, 15, 6, 14]
Run 2:
Best OCplx: 2.965489450956148
Best Sequence: [20, 8, 1, 19, 21, 9, 18, 13, 2, 3, 4, 10, 7, 11, 14, 12, 16, 17, 6, 15, 5]
Run 1:
Best OCplx: 2.842289396462999
Best Sequence: [4, 20, 21, 18, 2, 9, 8, 19, 10, 16, 14, 15, 13, 7, 12, 3, 17, 1, 6, 11, 5]
Run 2:
Best OCplx: 2.4884688929268313
Best Sequence: [8, 17, 20, 19, 4, 7, 21, 9, 16, 5, 10, 15, 2, 14, 1, 18, 6, 11, 13, 12, 3]
Run 3:
Best OCplx: 2.836035683618546
Best Sequence: [8, 20, 16, 3, 19, 2, 6, 21, 9, 12, 18, 1, 17, 7, 10, 4, 5, 13, 15, 14, 11]
Run 4:
Best OCplx: 2.4418464677936527
Best Sequence: [8, 21, 20, 9, 6, 2, 16, 10, 13, 14, 1, 3, 15, 7, 19, 17, 5, 18, 11, 4, 12]
Run 5:
Best OCplx: 2.3737402499717706
Best Sequence: [20, 21, 8, 9, 10, 18, 15, 14, 6, 17, 5, 12, 13, 4, 16, 19, 2, 1, 11, 3, 7]
Run 6:
Best OCplx: 2.5565751107487134
Best Sequence: [6, 20, 2, 8, 21, 9, 19, 10, 16, 5, 12, 3, 15, 7, 17, 14, 18, 13, 4, 1, 11]
Run 7:
Best OCplx: 2.6306243128815723
Best Sequence: [18, 6, 21, 16, 2, 3, 8, 19, 17, 9, 10, 20, 5, 15, 13, 4, 7, 12, 1, 14, 11]
Run 8:
Best OCplx: 2.522193613555356
Best Sequence: [21, 20, 6, 8, 17, 7, 18, 3, 5, 4, 16, 9, 10, 12, 11, 13, 1, 14, 2, 15, 19]
Run 9:
Best OCplx: 2.947383464747076
Best Sequence: [8, 18, 7, 21, 9, 10, 11, 17, 4, 5, 12, 16, 19, 20, 2, 3, 14, 13, 1, 15, 6]
Run 10:
Best OCplx: 2.320163104644914
Best Sequence: [16, 20, 17, 8, 21, 19, 9, 3, 6, 5, 10, 13, 4, 12, 14, 11, 15, 7, 2, 1, 18]
Run 11:
Best OCplx: 3.228474489633559
Best Sequence: [8, 21, 6, 1, 9, 10, 19, 13, 20, 2, 14, 12, 3, 18, 7, 17, 15, 5, 11, 4, 16]
Run 12:
Best OCplx: 2.6653607693927976
Best Sequence: [2, 21, 4, 20, 1, 3, 19, 7, 8, 9, 10, 11, 15, 13, 18, 16, 17, 6, 12, 14, 5]
Run 13:
Best OCplx: 2.3201631046449145
Best Sequence: [20, 16, 8, 17, 18, 21, 5, 9, 7, 10, 14, 13, 6, 19, 3, 2, 1, 4, 12, 15, 11]
Run 14:
Best OCplx: 2.5099526856155348
Best Sequence: [7, 20, 18, 1, 16, 5, 21, 6, 8, 9, 10, 11, 19, 17, 12, 2, 4, 13, 15, 14, 3]
Run 15:
Best OCplx: 2.6306243128815727
Best Sequence: [20, 16, 8, 21, 9, 18, 2, 5, 4, 10, 11, 13, 19, 7, 15, 12, 3, 17, 1, 6, 14]
Run 16:
Best OCplx: 2.620291786208264
Best Sequence: [16, 21, 20, 7, 17, 3, 1, 8, 9, 2, 12, 5, 6, 19, 10, 11, 15, 13, 4, 14, 18]
Run 17:
Best OCplx: 2.4011670269714505
Best Sequence: [16, 21, 2, 19, 8, 9, 20, 18, 7, 10, 13, 3, 17, 15, 14, 6, 1, 11, 5, 4, 12]
Run 18:
Best OCplx: 2.5158956699265116
Best Sequence: [18, 21, 6, 20, 16, 8, 9, 10, 5, 15, 1, 17, 2, 19, 7, 12, 4, 13, 3, 11, 14]
Run 19:
Best OCplx: 2.2864383840163893
Best Sequence: [16, 8, 21, 9, 2, 20, 18, 3, 10, 11, 1, 14, 13, 6, 17, 5, 4, 7, 15, 12, 19]
Run 20:
Best OCplx: 2.4211783591001352
Best Sequence: [20, 18, 21, 8, 9, 3, 10, 15, 11, 19, 16, 17, 2, 13, 7, 5, 6, 14, 1, 4, 12]
Run 21:
Best OCplx: 2.4011670269714505
Best Sequence: [20, 16, 8, 1, 18, 19, 2, 4, 21, 9, 17, 10, 14, 12, 5, 7, 15, 6, 3, 13, 11]
Run 22:
Best OCplx: 2.6710540428384064
Best Sequence: [20, 16, 2, 8, 21, 6, 19, 18, 1, 4, 17, 5, 9, 14, 10, 12, 11, 13, 15, 3, 7]
Run 23:
Best OCplx: 2.745707915154501
Best Sequence: [19, 17, 4, 21, 20, 7, 8, 6, 9, 1, 3, 10, 16, 11, 2, 12, 15, 18, 13, 5, 14]
Run 24:
Best OCplx: 2.515895669926511
Best Sequence: [16, 8, 21, 2, 19, 18, 9, 6, 20, 3, 17, 4, 7, 10, 5, 14, 12, 15, 1, 13, 11]
Run 25:
Best OCplx: 2.280495399705413
Best Sequence: [7, 20, 1, 19, 16, 21, 8, 17, 9, 10, 12, 5, 2, 11, 13, 4, 14, 3, 18, 15, 6]
Run 26:
Best OCplx: 2.7050284743322988
Best Sequence: [3, 2, 21, 6, 8, 20, 9, 10, 16, 7, 15, 17, 19, 11, 4, 14, 5, 18, 13, 1, 12]
Run 27:
Best OCplx: 2.536918737937897
Best Sequence: [21, 20, 8, 9, 2, 10, 14, 19, 18, 12, 6, 15, 7, 1, 17, 13, 4, 5, 16, 11, 3]
Run 28:
Best OCplx: 2.3737402499717706
Best Sequence: [7, 20, 8, 21, 17, 6, 19, 16, 9, 2, 10, 15, 3, 12, 14, 5, 4, 11, 13, 18, 1]
Run 29:
Best OCplx: 2.4011670269714505
Best Sequence: [21, 20, 16, 7, 2, 8, 9, 10, 11, 18, 5, 3, 6, 19, 1, 13, 14, 17, 12, 4, 15]
Run 30:
Best OCplx: 2.1717097410613286
Best Sequence: [20, 16, 17, 21, 5, 2, 3, 8, 9, 18, 10, 19, 13, 6, 1, 4, 11, 12, 14, 15, 7]
Actor Learning Rate: 1e-06
Critic Learning Rate: 5e-05
Hidden Dimension: 256
Gamma: 0.99
Lambda: 0.9
Epsilon: 0.2
if_EWM: False

Mean: 2.6152
Min: 2.1717
Max: 3.2285
Std: 0.2520