UPDATE_GLOBAL_ITER: 20
GAMMA: 0.99
MAX_EP: 3000
thread_count: 3
RL: 0.0001
if_EWM: False

Run 1:
Best OCplx: 1.2481109161426727
Best Sequence: [31, 7, 10, 24, 9, 34, 18, 30, 27, 21, 20, 35, 11, 36, 37, 1, 25, 6, 15, 4, 13, 23, 33, 38, 3, 17, 5, 19, 12, 22, 26, 14, 16, 8, 39, 29, 32, 28, 2]
Run 2:
Best OCplx: 1.3696864348216147
Best Sequence: [18, 11, 10, 20, 9, 36, 27, 6, 16, 2, 17, 31, 25, 19, 23, 30, 4, 26, 5, 14, 7, 12, 15, 24, 32, 33, 37, 13, 35, 1, 28, 34, 22, 8, 3, 21, 29, 38, 39]
Run 3:
Best OCplx: 1.0436712951097609
Best Sequence: [11, 27, 10, 37, 9, 6, 4, 36, 15, 25, 8, 33, 24, 29, 35, 28, 30, 5, 34, 14, 3, 20, 38, 13, 16, 32, 23, 22, 18, 7, 21, 2, 12, 19, 31, 17, 1, 26, 39]
Run 4:
Best OCplx: 1.3891893813713694
Best Sequence: [27, 11, 10, 9, 6, 37, 4, 15, 25, 12, 7, 18, 8, 29, 17, 14, 1, 33, 36, 3, 20, 5, 32, 16, 23, 21, 35, 22, 31, 13, 28, 30, 24, 26, 38, 2, 34, 19, 39]
Run 5:
Best OCplx: 1.7244022906918177
Best Sequence: [10, 9, 37, 27, 6, 4, 25, 15, 11, 18, 35, 36, 21, 31, 8, 12, 29, 2, 19, 22, 13, 38, 30, 26, 5, 33, 39, 3, 23, 20, 34, 14, 24, 17, 7, 32, 28, 1, 16]
Run 6:
Best OCplx: 1.2994745264379033
Best Sequence: [11, 27, 10, 1, 36, 9, 19, 15, 6, 25, 39, 22, 14, 20, 13, 32, 37, 4, 34, 33, 35, 31, 30, 8, 12, 16, 28, 23, 5, 21, 18, 7, 26, 17, 3, 2, 24, 29, 38]
Run 7:
Best OCplx: 1.4073116464904356
Best Sequence: [10, 9, 27, 6, 4, 11, 22, 31, 20, 1, 39, 7, 33, 19, 30, 14, 35, 15, 16, 37, 28, 36, 3, 13, 23, 5, 8, 17, 38, 18, 32, 25, 34, 24, 29, 26, 21, 12, 2]
Run 8:
Best OCplx: 1.173344455547795
Best Sequence: [27, 20, 21, 10, 15, 33, 14, 7, 13, 9, 37, 24, 6, 25, 3, 30, 4, 18, 11, 36, 23, 38, 29, 1, 26, 8, 32, 39, 31, 12, 22, 35, 17, 16, 34, 19, 5, 28, 2]
Run 9:
Best OCplx: 2.339456077485812
Best Sequence: [21, 35, 30, 5, 7, 2, 9, 38, 17, 6, 14, 33, 15, 32, 13, 24, 8, 27, 1, 18, 26, 19, 28, 37, 4, 29, 22, 34, 31, 11, 25, 16, 10, 36, 3, 20, 12, 23, 39]
Run 10:
Best OCplx: 1.8744552637520102
Best Sequence: [11, 9, 27, 6, 5, 10, 4, 37, 21, 25, 23, 15, 12, 36, 26, 7, 34, 20, 32, 35, 14, 2, 18, 17, 31, 19, 13, 28, 3, 1, 8, 39, 22, 38, 29, 30, 33, 24, 16]
Run 11:
Best OCplx: 1.3113867642453956
Best Sequence: [11, 10, 27, 28, 22, 12, 9, 36, 6, 38, 4, 37, 34, 15, 14, 19, 20, 7, 18, 17, 33, 30, 35, 32, 3, 29, 26, 21, 25, 5, 8, 31, 13, 16, 2, 24, 1, 39, 23]
Run 12:
Best OCplx: 1.335212123659206
Best Sequence: [18, 10, 27, 11, 9, 6, 37, 15, 4, 21, 12, 25, 17, 19, 36, 8, 31, 29, 35, 14, 20, 30, 34, 38, 7, 39, 32, 24, 26, 33, 28, 22, 3, 5, 16, 23, 2, 13, 1]
Run 13:
Best OCplx: 1.7236368905690411
Best Sequence: [10, 9, 6, 27, 4, 11, 3, 31, 24, 21, 1, 33, 38, 19, 25, 16, 15, 5, 30, 37, 8, 32, 36, 39, 20, 35, 22, 28, 26, 34, 7, 17, 18, 14, 13, 29, 23, 12, 2]
Run 14:
Best OCplx: 1.2897165334657623
Best Sequence: [10, 11, 27, 9, 25, 6, 36, 4, 20, 37, 7, 21, 15, 26, 12, 30, 3, 35, 28, 31, 8, 1, 17, 22, 29, 14, 18, 33, 34, 24, 2, 5, 13, 38, 32, 39, 19, 16, 23]
Run 15:
Best OCplx: 1.6494167301443572
Best Sequence: [10, 37, 27, 18, 9, 11, 34, 20, 15, 12, 7, 24, 25, 33, 21, 36, 6, 5, 13, 4, 14, 30, 1, 3, 23, 17, 8, 22, 29, 35, 2, 19, 31, 16, 28, 26, 32, 39, 38]
Run 16:
Best OCplx: 1.4729353954210842
Best Sequence: [10, 3, 27, 38, 36, 25, 15, 31, 9, 33, 32, 8, 6, 4, 21, 11, 37, 18, 34, 14, 13, 7, 29, 2, 16, 5, 30, 26, 20, 17, 24, 28, 39, 12, 22, 35, 1, 19, 23]
Run 17:
Best OCplx: 1.7835821053661303
Best Sequence: [27, 10, 9, 6, 11, 4, 15, 18, 25, 37, 7, 34, 8, 28, 36, 30, 33, 20, 32, 19, 31, 39, 23, 12, 5, 13, 3, 29, 14, 21, 17, 24, 35, 16, 38, 22, 26, 2, 1]
Run 18:
Best OCplx: 1.5491161446885462
Best Sequence: [7, 10, 5, 27, 37, 11, 9, 36, 6, 18, 4, 25, 20, 12, 32, 33, 29, 31, 16, 13, 30, 39, 28, 15, 24, 22, 8, 38, 3, 23, 14, 21, 26, 35, 19, 34, 1, 17, 2]
Run 19:
Best OCplx: 1.3364369263635638
Best Sequence: [16, 27, 15, 25, 10, 36, 8, 31, 7, 37, 21, 19, 34, 17, 3, 30, 9, 6, 4, 14, 35, 12, 11, 24, 5, 33, 20, 28, 26, 1, 29, 38, 22, 18, 32, 13, 39, 2, 23]
Run 20:
Best OCplx: 1.7520028790006652
Best Sequence: [10, 8, 9, 27, 30, 6, 11, 37, 4, 19, 21, 26, 29, 35, 28, 7, 17, 25, 15, 14, 33, 20, 12, 2, 1, 39, 3, 34, 31, 23, 36, 18, 22, 5, 32, 13, 24, 16, 38]
Run 21:
Best OCplx: 1.8896481225441126
Best Sequence: [10, 19, 37, 27, 9, 35, 18, 16, 6, 11, 32, 4, 12, 36, 15, 8, 25, 5, 14, 26, 20, 23, 31, 3, 33, 2, 13, 24, 17, 1, 28, 7, 34, 22, 29, 30, 21, 39, 38]
Run 22:
Best OCplx: 1.0632365790869431
Best Sequence: [11, 10, 15, 22, 20, 31, 36, 24, 37, 3, 25, 33, 27, 21, 13, 12, 9, 6, 29, 30, 18, 4, 5, 7, 34, 28, 19, 32, 17, 14, 26, 39, 38, 1, 2, 35, 16, 8, 23]
Run 23:
Best OCplx: 1.5994074735209796
Best Sequence: [29, 26, 38, 15, 10, 27, 9, 19, 12, 28, 20, 5, 18, 14, 25, 21, 23, 24, 6, 34, 36, 22, 2, 8, 39, 3, 30, 32, 13, 31, 4, 35, 33, 37, 7, 17, 16, 11, 1]
Run 24:
Best OCplx: 1.6237185632752065
Best Sequence: [8, 10, 25, 29, 9, 7, 16, 36, 34, 19, 27, 2, 15, 37, 14, 38, 6, 11, 20, 18, 13, 17, 30, 24, 5, 28, 21, 35, 26, 39, 31, 32, 23, 33, 22, 4, 3, 12, 1]
Run 25:
Best OCplx: 1.5173571855238603
Best Sequence: [10, 22, 13, 2, 19, 31, 23, 3, 27, 38, 37, 9, 28, 29, 35, 6, 32, 14, 20, 36, 7, 18, 39, 11, 8, 15, 17, 21, 5, 26, 34, 12, 4, 25, 30, 33, 24, 1, 16]
Run 26:
Best OCplx: 1.5740013809996711
Best Sequence: [15, 10, 27, 9, 6, 11, 4, 19, 37, 34, 21, 36, 32, 35, 25, 13, 23, 18, 22, 12, 39, 31, 33, 29, 17, 14, 7, 1, 5, 26, 3, 28, 30, 8, 24, 20, 16, 2, 38]
Run 27:
Best OCplx: 1.610821825392354
Best Sequence: [20, 1, 7, 34, 36, 30, 10, 8, 11, 18, 9, 3, 29, 25, 4, 13, 33, 27, 22, 32, 6, 21, 16, 24, 28, 17, 35, 39, 2, 15, 5, 12, 31, 37, 23, 26, 19, 14, 38]
Run 28:
Best OCplx: 1.20616240781097
Best Sequence: [28, 36, 3, 11, 15, 10, 9, 6, 4, 18, 31, 27, 30, 5, 33, 37, 7, 29, 32, 24, 26, 34, 21, 14, 25, 19, 39, 2, 8, 12, 35, 17, 38, 23, 22, 16, 13, 20, 1]
Run 29:
Best OCplx: 1.6680525719905455
Best Sequence: [10, 35, 9, 39, 15, 14, 7, 30, 34, 24, 37, 27, 16, 11, 6, 36, 4, 31, 28, 20, 25, 32, 18, 33, 13, 29, 2, 19, 23, 12, 3, 38, 22, 21, 8, 5, 17, 26, 1]
Run 30:
Best OCplx: 1.5045015823920214
Best Sequence: [27, 10, 9, 6, 4, 23, 25, 36, 14, 21, 37, 32, 20, 15, 22, 1, 2, 28, 7, 19, 34, 29, 30, 8, 31, 12, 26, 16, 24, 13, 5, 3, 18, 38, 11, 33, 35, 17, 39]
