Run 1:
Best OCplx: 0.2625242156479896
Best Sequence: [11, 13, 10, 19, 21, 1, 23, 12, 16, 9, 22, 6, 18, 8, 7, 5, 17, 4, 20, 2, 3, 15, 14]
Run 2:
Best OCplx: 0.10828334268032405
Best Sequence: [11, 16, 1, 21, 7, 13, 12, 8, 10, 17, 9, 5, 4, 6, 22, 23, 2, 19, 18, 20, 3, 15, 14]
Run 3:
Best OCplx: 0.10828334268032405
Best Sequence: [9, 12, 1, 8, 11, 21, 6, 10, 16, 13, 17, 23, 22, 19, 7, 18, 4, 5, 2, 20, 3, 15, 14]
Run 4:
Best OCplx: 0.10828334268032405
Best Sequence: [9, 8, 12, 21, 6, 19, 17, 23, 16, 1, 13, 11, 10, 22, 18, 7, 4, 5, 2, 3, 20, 15, 14]
Run 5:
Best OCplx: 0.13535417835040509
Best Sequence: [21, 1, 19, 12, 17, 22, 9, 23, 11, 8, 16, 6, 13, 7, 4, 18, 10, 5, 2, 3, 20, 14, 15]
Run 6:
Best OCplx: 0.10828334268032405
Best Sequence: [1, 9, 8, 13, 16, 22, 12, 7, 21, 6, 11, 17, 4, 10, 19, 5, 23, 18, 2, 3, 15, 20, 14]
Run 7:
Best OCplx: 0.10828334268032405
Best Sequence: [9, 8, 21, 13, 22, 12, 11, 17, 1, 10, 6, 16, 23, 18, 4, 19, 5, 20, 2, 7, 3, 15, 14]
Run 8:
Best OCplx: 0.13535417835040506
Best Sequence: [1, 13, 8, 6, 22, 16, 18, 21, 17, 7, 19, 12, 9, 11, 4, 10, 23, 5, 2, 20, 3, 15, 14]
Run 9:
Best OCplx: 0.10828334268032405
Best Sequence: [8, 16, 12, 9, 22, 13, 6, 1, 19, 7, 21, 17, 4, 23, 11, 10, 5, 2, 3, 18, 20, 15, 14]
Run 10:
Best OCplx: 0.10828334268032405
Best Sequence: [11, 8, 21, 22, 6, 7, 9, 12, 1, 17, 16, 23, 10, 13, 19, 18, 4, 5, 2, 3, 20, 15, 14]
Run 11:
Best OCplx: 0.10828334268032405
Best Sequence: [8, 21, 13, 9, 12, 1, 11, 17, 16, 6, 23, 10, 5, 7, 4, 22, 19, 18, 2, 20, 3, 15, 14]
Run 12:
Best OCplx: 0.10828334268032405
Best Sequence: [16, 19, 1, 12, 21, 8, 22, 9, 7, 6, 13, 11, 10, 17, 4, 5, 23, 18, 2, 3, 15, 20, 14]
Run 13:
Best OCplx: 0.10828334268032405
Best Sequence: [22, 12, 8, 6, 9, 1, 21, 17, 11, 13, 10, 4, 7, 16, 19, 23, 5, 2, 18, 3, 15, 20, 14]
Run 14:
Best OCplx: 0.10828334268032405
Best Sequence: [16, 11, 8, 22, 12, 21, 9, 1, 4, 17, 6, 23, 7, 13, 18, 10, 5, 19, 20, 2, 3, 15, 14]
Run 15:
Best OCplx: 0.10828334268032405
Best Sequence: [9, 13, 21, 17, 8, 6, 7, 12, 1, 22, 16, 11, 23, 10, 19, 18, 4, 5, 2, 20, 3, 15, 14]
Run 16:
Best OCplx: 0.10828334268032405
Best Sequence: [12, 21, 8, 13, 17, 1, 22, 23, 16, 6, 7, 9, 11, 18, 19, 20, 4, 10, 5, 2, 3, 15, 14]
Run 17:
Best OCplx: 0.10828334268032405
Best Sequence: [11, 13, 21, 16, 22, 19, 1, 8, 9, 10, 12, 7, 6, 17, 4, 23, 18, 5, 2, 20, 3, 15, 14]
Run 18:
Best OCplx: 0.10828334268032405
Best Sequence: [16, 11, 8, 21, 9, 13, 1, 17, 12, 6, 19, 10, 5, 7, 23, 22, 4, 18, 20, 2, 3, 15, 14]
Run 19:
Best OCplx: 0.10828334268032405
Best Sequence: [13, 21, 11, 16, 19, 22, 1, 8, 9, 12, 17, 6, 10, 23, 7, 5, 4, 18, 20, 2, 3, 15, 14]
Run 20:
Best OCplx: 0.10828334268032405
Best Sequence: [8, 13, 16, 9, 21, 12, 17, 7, 1, 22, 23, 11, 18, 10, 6, 19, 4, 5, 20, 2, 3, 15, 14]
Run 21:
Best OCplx: 0.10828334268032405
Best Sequence: [1, 22, 11, 7, 8, 9, 21, 17, 6, 23, 16, 19, 12, 10, 13, 4, 18, 5, 2, 20, 3, 15, 14]
Run 22:
Best OCplx: 0.10828334268032405
Best Sequence: [8, 21, 6, 7, 17, 1, 22, 11, 9, 13, 16, 23, 12, 10, 19, 4, 5, 18, 20, 2, 3, 15, 14]
Run 23:
Best OCplx: 0.13535417835040509
Best Sequence: [8, 16, 6, 11, 21, 13, 1, 10, 17, 7, 9, 12, 23, 4, 5, 22, 18, 19, 20, 2, 3, 14, 15]
Run 24:
Best OCplx: 0.10828334268032405
Best Sequence: [1, 16, 7, 13, 22, 8, 6, 12, 9, 21, 17, 19, 11, 23, 10, 18, 5, 4, 2, 20, 3, 15, 14]
Run 25:
Best OCplx: 0.10828334268032405
Best Sequence: [8, 13, 7, 11, 22, 19, 6, 9, 12, 16, 21, 1, 17, 10, 4, 23, 18, 5, 2, 20, 3, 15, 14]
Run 26:
Best OCplx: 0.10828334268032405
Best Sequence: [11, 22, 19, 9, 1, 8, 21, 6, 12, 16, 13, 17, 23, 7, 18, 10, 4, 20, 5, 2, 3, 15, 14]
Run 27:
Best OCplx: 0.10828334268032405
Best Sequence: [13, 7, 21, 8, 19, 11, 6, 9, 16, 10, 1, 12, 17, 5, 4, 22, 23, 18, 20, 2, 3, 15, 14]
Run 28:
Best OCplx: 0.13535417835040509
Best Sequence: [12, 21, 8, 1, 11, 6, 22, 7, 13, 16, 17, 19, 9, 23, 10, 5, 18, 4, 2, 3, 14, 20, 15]
Run 29:
Best OCplx: 0.13535417835040506
Best Sequence: [11, 21, 1, 7, 9, 8, 6, 16, 19, 22, 10, 12, 13, 17, 4, 18, 5, 23, 2, 3, 20, 15, 14]
Run 30:
Best OCplx: 0.10828334268032405
Best Sequence: [19, 21, 8, 9, 17, 23, 7, 11, 10, 16, 1, 12, 6, 13, 5, 22, 4, 18, 2, 20, 3, 15, 14]
