Run 1:
Best OCplx: 1.8787697221971635
Best Sequence: [18, 3, 8, 17, 11, 20, 5, 7, 10, 22, 4, 9, 2, 16, 1, 13, 6, 23, 21, 14, 19, 15, 12]
Run 2:
Best OCplx: 1.8302435363656162
Best Sequence: [22, 23, 7, 18, 1, 3, 17, 10, 20, 8, 13, 11, 2, 9, 5, 4, 6, 16, 14, 21, 19, 15, 12]
Run 3:
Best OCplx: 1.8302435363656162
Best Sequence: [11, 1, 10, 17, 8, 3, 6, 20, 16, 4, 22, 13, 5, 9, 7, 18, 23, 2, 14, 21, 19, 15, 12]
Run 4:
Best OCplx: 1.7552108968319005
Best Sequence: [2, 8, 11, 18, 20, 4, 22, 6, 5, 16, 10, 13, 17, 7, 14, 21, 3, 15, 19, 1, 9, 23, 12]
Run 5:
Best OCplx: 1.8302435363656162
Best Sequence: [2, 18, 22, 5, 16, 10, 8, 20, 7, 17, 13, 9, 3, 11, 1, 4, 6, 23, 14, 21, 19, 15, 12]
Run 6:
Best OCplx: 1.8821133609334548
Best Sequence: [9, 6, 5, 17, 20, 13, 18, 2, 22, 14, 3, 19, 16, 4, 12, 21, 10, 8, 23, 7, 15, 1, 11]
Run 7:
Best OCplx: 1.8302435363656162
Best Sequence: [9, 8, 17, 6, 13, 4, 18, 11, 16, 1, 20, 7, 3, 5, 10, 2, 22, 23, 14, 21, 19, 15, 12]
Run 8:
Best OCplx: 1.7445336234945197
Best Sequence: [6, 9, 17, 20, 18, 16, 11, 7, 22, 13, 1, 8, 2, 5, 4, 3, 10, 14, 21, 23, 19, 15, 12]
Run 9:
Best OCplx: 1.7552108968319005
Best Sequence: [1, 3, 18, 17, 16, 20, 22, 5, 13, 10, 11, 9, 14, 6, 21, 8, 15, 23, 19, 2, 7, 4, 12]
Run 10:
Best OCplx: 1.8302435363656162
Best Sequence: [17, 3, 11, 16, 18, 5, 9, 4, 2, 20, 8, 6, 7, 10, 1, 23, 13, 22, 14, 21, 19, 15, 12]
Run 11:
Best OCplx: 1.8302435363656162
Best Sequence: [1, 6, 8, 11, 4, 5, 7, 9, 3, 16, 18, 22, 17, 20, 2, 13, 23, 10, 14, 21, 19, 15, 12]
Run 12:
Best OCplx: 1.8409208097029972
Best Sequence: [22, 18, 3, 4, 9, 7, 16, 6, 8, 13, 10, 11, 17, 1, 5, 2, 20, 23, 14, 21, 15, 19, 12]
Run 13:
Best OCplx: 1.8302435363656162
Best Sequence: [22, 5, 1, 7, 10, 16, 13, 4, 11, 2, 3, 6, 20, 17, 9, 18, 8, 23, 14, 21, 19, 15, 12]
Run 14:
Best OCplx: 1.8302435363656162
Best Sequence: [7, 13, 2, 18, 10, 20, 4, 17, 8, 6, 16, 1, 22, 5, 9, 3, 11, 23, 14, 21, 19, 15, 12]
Run 15:
Best OCplx: 1.8302435363656162
Best Sequence: [11, 6, 13, 10, 9, 8, 5, 3, 22, 2, 16, 7, 20, 4, 18, 17, 1, 23, 14, 21, 19, 15, 12]
Run 16:
Best OCplx: 1.8302435363656162
Best Sequence: [3, 2, 10, 8, 17, 9, 6, 4, 1, 20, 18, 22, 11, 7, 16, 23, 5, 13, 14, 21, 19, 15, 12]
Run 17:
Best OCplx: 1.8302435363656162
Best Sequence: [9, 10, 18, 3, 2, 8, 5, 13, 4, 17, 6, 22, 11, 7, 1, 20, 23, 16, 14, 21, 19, 15, 12]
Run 18:
Best OCplx: 1.8302435363656162
Best Sequence: [16, 8, 6, 18, 20, 1, 17, 5, 2, 9, 10, 7, 13, 3, 22, 11, 4, 23, 14, 21, 19, 15, 12]
Run 19:
Best OCplx: 1.8302435363656162
Best Sequence: [4, 16, 9, 20, 13, 2, 7, 10, 1, 17, 22, 8, 11, 5, 18, 3, 6, 14, 23, 21, 19, 15, 12]
Run 20:
Best OCplx: 1.8302435363656162
Best Sequence: [5, 13, 16, 3, 4, 17, 6, 9, 2, 8, 1, 7, 11, 22, 20, 10, 18, 23, 14, 21, 19, 15, 12]
Run 21:
Best OCplx: 1.8409208097029972
Best Sequence: [17, 20, 18, 7, 8, 5, 9, 16, 4, 1, 22, 6, 10, 11, 13, 3, 2, 23, 14, 21, 15, 19, 12]
Run 22:
Best OCplx: 1.8302435363656162
Best Sequence: [2, 9, 18, 13, 7, 20, 17, 16, 8, 1, 4, 6, 5, 3, 22, 23, 10, 11, 14, 21, 19, 15, 12]
Run 23:
Best OCplx: 1.8409208097029972
Best Sequence: [17, 11, 8, 22, 1, 16, 5, 7, 6, 18, 20, 3, 13, 9, 2, 10, 4, 23, 14, 21, 15, 19, 12]
Run 24:
Best OCplx: 1.8037370826634473
Best Sequence: [9, 17, 20, 4, 3, 16, 10, 5, 2, 1, 8, 18, 6, 7, 13, 22, 11, 21, 23, 14, 15, 19, 12]
Run 25:
Best OCplx: 1.8302435363656162
Best Sequence: [1, 2, 20, 11, 22, 10, 3, 7, 18, 9, 16, 5, 17, 6, 13, 4, 8, 23, 14, 21, 19, 15, 12]
Run 26:
Best OCplx: 1.8302435363656162
Best Sequence: [20, 3, 1, 8, 16, 17, 10, 5, 7, 2, 6, 4, 9, 11, 13, 18, 23, 22, 14, 21, 19, 15, 12]
Run 27:
Best OCplx: 1.8302435363656162
Best Sequence: [9, 16, 5, 10, 17, 7, 6, 18, 8, 13, 22, 4, 1, 3, 11, 20, 2, 23, 14, 21, 19, 15, 12]
Run 28:
Best OCplx: 1.8302435363656162
Best Sequence: [18, 10, 1, 6, 16, 17, 2, 22, 20, 5, 9, 8, 7, 3, 23, 4, 11, 13, 14, 21, 19, 15, 12]
Run 29:
Best OCplx: 1.8302435363656162
Best Sequence: [8, 13, 4, 3, 5, 7, 11, 17, 2, 1, 22, 9, 20, 18, 10, 16, 6, 23, 14, 21, 19, 15, 12]
Run 30:
Best OCplx: 1.8787697221971635
Best Sequence: [6, 22, 7, 17, 1, 2, 13, 3, 23, 8, 18, 16, 11, 9, 5, 4, 20, 10, 21, 14, 19, 15, 12]
