Run 1:
Best OCplx: 3.838221912070133
Best Sequence: [40, 61, 5, 44, 60, 8, 13, 17, 59, 49, 25, 46, 15, 10, 39, 43, 28, 21, 9, 34, 31, 47, 56, 29, 27, 58, 7, 54, 16, 35, 14, 2, 24, 1, 30, 6, 11, 23, 37, 57, 4, 19, 36, 45, 48, 22, 53, 26, 55, 41, 18, 3, 32, 42, 51, 52, 38, 50, 20, 12, 33]
Run 2:
Best OCplx: 2.431574755435377
Best Sequence: [34, 60, 28, 8, 61, 15, 46, 31, 27, 36, 44, 10, 47, 21, 6, 18, 7, 13, 40, 58, 25, 9, 35, 11, 43, 39, 17, 53, 16, 23, 55, 32, 57, 20, 37, 5, 29, 22, 24, 54, 48, 59, 1, 45, 4, 14, 49, 41, 19, 2, 42, 38, 3, 30, 33, 51, 50, 52, 56, 12, 26]
Run 3:
Best OCplx: 2.138932351868629
Best Sequence: [5, 36, 28, 21, 15, 8, 25, 59, 10, 39, 14, 40, 44, 31, 17, 61, 47, 9, 46, 29, 49, 43, 13, 56, 58, 60, 30, 34, 57, 48, 22, 45, 19, 7, 16, 23, 6, 53, 18, 1, 32, 11, 37, 4, 35, 55, 20, 38, 41, 33, 51, 42, 3, 52, 26, 27, 2, 24, 50, 54, 12]
Run 4:
Best OCplx: 3.299408861005923
Best Sequence: [31, 46, 21, 40, 25, 8, 13, 17, 10, 15, 49, 36, 27, 9, 60, 47, 56, 61, 30, 59, 18, 35, 39, 14, 54, 28, 58, 20, 7, 48, 37, 11, 22, 19, 43, 24, 6, 26, 1, 55, 32, 4, 23, 3, 29, 38, 52, 41, 57, 53, 44, 45, 51, 34, 33, 5, 2, 16, 42, 50, 12]
Run 5:
Best OCplx: 1.7024554867977506
Best Sequence: [46, 8, 44, 39, 49, 28, 59, 58, 5, 21, 9, 17, 25, 27, 18, 61, 6, 15, 13, 48, 10, 34, 4, 22, 7, 35, 29, 57, 23, 36, 32, 60, 40, 16, 43, 1, 41, 56, 37, 14, 24, 30, 2, 19, 31, 20, 47, 53, 54, 55, 38, 52, 33, 26, 3, 45, 11, 42, 51, 50, 12]
Run 6:
Best OCplx: 3.979357143455001
Best Sequence: [59, 8, 39, 48, 46, 43, 21, 28, 15, 53, 11, 54, 7, 47, 61, 17, 49, 30, 45, 31, 9, 2, 60, 13, 34, 29, 16, 25, 24, 14, 4, 18, 44, 57, 56, 10, 22, 36, 55, 19, 1, 37, 26, 5, 35, 40, 58, 20, 27, 52, 23, 32, 38, 41, 42, 51, 6, 50, 12, 3, 33]
Run 7:
Best OCplx: 3.1022022969408605
Best Sequence: [21, 27, 25, 8, 59, 31, 28, 44, 11, 5, 40, 9, 17, 10, 46, 24, 54, 13, 36, 15, 34, 60, 56, 61, 58, 39, 37, 41, 43, 57, 19, 53, 26, 30, 48, 4, 47, 6, 35, 14, 2, 7, 20, 18, 32, 16, 23, 22, 1, 29, 55, 49, 42, 50, 12, 3, 38, 52, 45, 51, 33]
Run 8:
Best OCplx: 3.1049809657865217
Best Sequence: [8, 17, 21, 27, 46, 47, 29, 49, 9, 35, 15, 28, 6, 22, 45, 11, 13, 18, 24, 43, 16, 58, 30, 2, 56, 7, 53, 5, 54, 39, 34, 44, 31, 19, 14, 59, 40, 37, 10, 41, 60, 25, 61, 23, 55, 26, 57, 4, 32, 1, 20, 42, 12, 36, 48, 51, 38, 33, 52, 3, 50]
Run 9:
Best OCplx: 2.9004883790848557
Best Sequence: [36, 8, 44, 49, 59, 25, 39, 15, 5, 31, 28, 13, 9, 46, 21, 34, 17, 58, 60, 48, 40, 26, 11, 10, 45, 19, 47, 27, 18, 43, 61, 2, 35, 22, 7, 37, 6, 1, 4, 53, 57, 30, 41, 24, 54, 14, 56, 23, 16, 55, 32, 20, 38, 3, 42, 33, 52, 29, 12, 51, 50]
Run 10:
Best OCplx: 2.5424386590403643
Best Sequence: [8, 49, 27, 43, 34, 5, 17, 28, 21, 31, 29, 10, 36, 15, 44, 40, 13, 57, 39, 1, 9, 59, 48, 7, 2, 60, 35, 11, 37, 24, 58, 18, 41, 19, 47, 54, 4, 45, 25, 56, 61, 46, 22, 26, 53, 32, 16, 55, 23, 14, 6, 20, 38, 52, 30, 42, 3, 51, 33, 12, 50]
Run 11:
Best OCplx: 3.0252995092026436
Best Sequence: [34, 5, 8, 10, 36, 25, 46, 31, 39, 44, 27, 21, 35, 58, 60, 15, 13, 23, 17, 59, 57, 45, 61, 54, 18, 7, 29, 9, 53, 40, 26, 47, 28, 24, 4, 11, 14, 22, 48, 37, 19, 1, 56, 16, 2, 41, 6, 49, 32, 55, 38, 30, 20, 52, 33, 43, 3, 42, 51, 12, 50]
Run 12:
Best OCplx: 3.1084769827428778
Best Sequence: [8, 44, 27, 5, 43, 58, 34, 61, 10, 36, 6, 47, 39, 28, 18, 21, 46, 48, 24, 15, 40, 9, 4, 45, 31, 29, 13, 14, 17, 60, 57, 26, 54, 25, 7, 53, 56, 23, 11, 19, 35, 16, 55, 1, 32, 49, 41, 37, 22, 38, 20, 42, 52, 30, 51, 2, 12, 33, 59, 50, 3]
Run 13:
Best OCplx: 3.680595388973593
Best Sequence: [21, 44, 43, 61, 10, 46, 8, 25, 27, 49, 36, 34, 5, 48, 59, 9, 57, 47, 31, 39, 54, 28, 32, 53, 17, 13, 18, 40, 15, 58, 14, 55, 60, 11, 24, 7, 19, 6, 4, 23, 26, 30, 22, 29, 56, 16, 41, 45, 35, 37, 52, 20, 50, 1, 38, 51, 3, 33, 12, 2, 42]
Run 14:
Best OCplx: 2.605845705791871
Best Sequence: [44, 59, 8, 27, 5, 46, 21, 47, 10, 28, 58, 60, 15, 13, 49, 25, 9, 4, 39, 37, 17, 61, 34, 18, 36, 14, 35, 31, 19, 48, 57, 26, 54, 53, 41, 7, 11, 40, 16, 29, 2, 23, 55, 22, 43, 32, 56, 30, 6, 45, 52, 20, 38, 24, 51, 33, 3, 1, 50, 12, 42]
Run 15:
Best OCplx: 3.930926181399828
Best Sequence: [10, 8, 36, 60, 27, 59, 44, 9, 49, 21, 14, 20, 31, 26, 25, 47, 18, 7, 46, 13, 40, 58, 17, 15, 39, 45, 53, 16, 61, 43, 57, 2, 37, 34, 35, 29, 54, 41, 19, 55, 6, 30, 48, 23, 4, 1, 22, 32, 11, 56, 52, 5, 42, 51, 12, 24, 38, 28, 50, 3, 33]
Run 16:
Best OCplx: 3.2343456597663467
Best Sequence: [21, 8, 46, 61, 17, 60, 49, 43, 5, 13, 36, 25, 40, 31, 2, 34, 53, 59, 35, 48, 26, 28, 10, 58, 19, 6, 57, 27, 15, 29, 1, 9, 47, 55, 44, 33, 18, 7, 24, 14, 45, 30, 23, 11, 32, 16, 22, 41, 37, 42, 38, 20, 39, 50, 3, 51, 56, 12, 54, 52, 4]
Run 17:
Best OCplx: 2.672142411372827
Best Sequence: [15, 17, 8, 36, 21, 49, 5, 31, 44, 46, 61, 25, 13, 10, 40, 11, 39, 28, 27, 47, 53, 9, 26, 16, 56, 48, 24, 34, 20, 2, 4, 43, 60, 6, 29, 18, 37, 54, 45, 55, 23, 35, 19, 58, 57, 32, 1, 14, 7, 22, 12, 42, 59, 38, 52, 30, 33, 3, 51, 50, 41]
Run 18:
Best OCplx: 2.110386828241259
Best Sequence: [44, 17, 46, 8, 5, 10, 25, 21, 39, 28, 27, 13, 61, 15, 4, 49, 9, 43, 54, 18, 34, 36, 40, 58, 31, 7, 2, 59, 1, 48, 57, 47, 35, 11, 14, 56, 30, 32, 53, 29, 45, 24, 26, 6, 55, 37, 41, 19, 42, 22, 20, 38, 52, 60, 33, 50, 12, 51, 23, 3, 16]
Run 19:
Best OCplx: 3.0333315550737274
Best Sequence: [60, 25, 34, 61, 47, 59, 31, 46, 17, 27, 8, 9, 5, 44, 21, 43, 49, 15, 4, 58, 36, 10, 28, 30, 32, 14, 13, 1, 7, 40, 54, 16, 39, 24, 56, 48, 41, 22, 6, 26, 37, 29, 55, 57, 23, 18, 53, 35, 45, 20, 11, 3, 42, 38, 33, 19, 50, 51, 52, 2, 12]
Run 20:
Best OCplx: 2.7694050457849713
Best Sequence: [31, 46, 21, 27, 59, 19, 15, 60, 28, 25, 8, 36, 49, 34, 35, 53, 7, 61, 17, 57, 43, 10, 4, 44, 58, 6, 47, 11, 48, 29, 24, 14, 56, 13, 41, 45, 18, 40, 5, 23, 22, 39, 26, 1, 2, 55, 16, 37, 30, 32, 52, 42, 20, 33, 9, 51, 38, 12, 54, 3, 50]
Run 21:
Best OCplx: 4.038611333967061
Best Sequence: [8, 21, 58, 46, 31, 44, 53, 40, 47, 27, 35, 2, 9, 5, 17, 7, 59, 60, 36, 57, 24, 4, 56, 43, 54, 30, 48, 20, 11, 14, 15, 39, 19, 23, 25, 55, 32, 13, 42, 37, 50, 26, 29, 16, 22, 51, 18, 28, 49, 12, 61, 3, 41, 1, 38, 45, 34, 10, 6, 52, 33]
Run 22:
Best OCplx: 2.866405567767196
Best Sequence: [8, 10, 21, 35, 9, 49, 31, 14, 28, 25, 57, 47, 58, 44, 4, 59, 36, 29, 54, 45, 16, 13, 23, 43, 61, 18, 46, 7, 48, 11, 5, 56, 60, 34, 17, 37, 40, 24, 2, 39, 22, 30, 6, 1, 26, 32, 53, 19, 55, 38, 52, 42, 33, 15, 41, 27, 20, 51, 12, 3, 50]
Run 23:
Best OCplx: 3.3055562230007407
Best Sequence: [31, 59, 8, 61, 17, 13, 40, 10, 49, 44, 25, 5, 27, 43, 21, 2, 35, 29, 9, 56, 34, 46, 57, 36, 58, 4, 45, 15, 47, 28, 39, 60, 7, 37, 54, 41, 6, 18, 22, 11, 16, 24, 23, 14, 1, 55, 32, 20, 26, 19, 50, 42, 3, 51, 52, 53, 48, 38, 30, 33, 12]
Run 24:
Best OCplx: 2.5867289381406473
Best Sequence: [10, 8, 13, 27, 5, 59, 15, 49, 36, 11, 21, 17, 44, 23, 53, 43, 54, 25, 58, 40, 1, 9, 2, 31, 48, 60, 45, 29, 24, 46, 61, 18, 39, 56, 4, 47, 28, 6, 14, 57, 16, 35, 41, 22, 34, 19, 7, 55, 37, 30, 32, 20, 51, 12, 38, 52, 26, 50, 42, 33, 3]
Run 25:
Best OCplx: 3.627094592582589
Best Sequence: [8, 34, 9, 13, 28, 60, 58, 21, 47, 59, 29, 18, 43, 36, 44, 46, 54, 24, 11, 31, 27, 25, 26, 39, 53, 48, 15, 6, 61, 16, 23, 2, 57, 14, 22, 30, 19, 4, 5, 40, 10, 32, 45, 56, 41, 20, 55, 17, 1, 37, 7, 52, 3, 49, 35, 51, 50, 38, 33, 12, 42]
Run 26:
Best OCplx: 3.21038715969034
Best Sequence: [61, 8, 27, 39, 10, 13, 59, 60, 49, 21, 24, 2, 9, 5, 25, 46, 54, 14, 31, 40, 26, 7, 58, 17, 6, 47, 57, 28, 45, 4, 11, 53, 36, 48, 43, 1, 34, 19, 32, 23, 37, 18, 15, 44, 35, 20, 16, 41, 55, 30, 38, 52, 42, 3, 51, 29, 50, 56, 12, 33, 22]
Run 27:
Best OCplx: 3.6709789164189335
Best Sequence: [60, 49, 8, 10, 45, 17, 28, 36, 59, 13, 40, 9, 5, 47, 21, 25, 18, 20, 31, 46, 30, 43, 34, 14, 44, 58, 24, 16, 56, 39, 53, 57, 15, 27, 22, 32, 6, 41, 7, 1, 4, 55, 37, 61, 35, 11, 19, 48, 2, 54, 23, 26, 3, 38, 50, 52, 33, 51, 29, 12, 42]
Run 28:
Best OCplx: 3.115399662872983
Best Sequence: [43, 44, 31, 28, 46, 5, 36, 8, 25, 27, 40, 10, 60, 17, 59, 21, 13, 18, 19, 58, 39, 9, 34, 56, 57, 1, 54, 45, 48, 30, 11, 22, 47, 16, 23, 49, 15, 4, 6, 14, 61, 35, 26, 29, 32, 53, 2, 7, 55, 38, 20, 41, 24, 52, 51, 42, 3, 37, 33, 12, 50]
Run 29:
Best OCplx: 1.7684797138012798
Best Sequence: [36, 28, 8, 59, 27, 46, 61, 31, 40, 10, 54, 43, 17, 5, 21, 39, 49, 9, 25, 48, 24, 16, 13, 34, 2, 58, 53, 4, 47, 14, 60, 1, 57, 29, 44, 30, 32, 45, 15, 56, 7, 55, 35, 42, 19, 38, 6, 22, 26, 52, 33, 20, 41, 37, 18, 50, 51, 11, 12, 23, 3]
Run 30:
Best OCplx: 2.6851612740699835
Best Sequence: [17, 8, 61, 27, 44, 60, 21, 40, 10, 28, 25, 9, 2, 16, 4, 48, 46, 36, 11, 56, 31, 15, 29, 54, 47, 45, 7, 35, 5, 58, 18, 59, 13, 53, 19, 39, 37, 55, 6, 34, 57, 43, 26, 32, 14, 23, 41, 1, 38, 42, 22, 20, 24, 51, 52, 3, 50, 49, 33, 30, 12]
UPDATE_GLOBAL_ITER: 25
GAMMA: 0.99
MAX_EP: 3000
thread_count: 2
RL: 0.0005
if_EWM: False

