Run 1:
Best OCplx: 3.5052011757865857
Best Sequence: [28, 49, 8, 25, 44, 39, 5, 46, 10, 31, 21, 30, 40, 58, 60, 34, 61, 17, 11, 57, 45, 27, 7, 35, 18, 54, 29, 43, 13, 6, 36, 9, 24, 47, 14, 48, 56, 4, 22, 1, 2, 23, 41, 53, 16, 19, 37, 32, 55, 26, 52, 38, 15, 59, 50, 3, 33, 42, 51, 12, 20]
Run 2:
Best OCplx: 2.7980301463034656
Best Sequence: [40, 46, 17, 43, 28, 8, 49, 36, 61, 21, 25, 27, 58, 31, 26, 22, 10, 60, 9, 5, 44, 48, 13, 23, 35, 15, 11, 57, 14, 37, 34, 55, 59, 39, 45, 29, 53, 30, 54, 4, 7, 47, 18, 6, 41, 32, 19, 38, 3, 2, 33, 42, 20, 16, 52, 24, 50, 1, 51, 12, 56]
Run 3:
Best OCplx: 2.9602913806761117
Best Sequence: [8, 28, 44, 21, 10, 46, 59, 39, 18, 40, 54, 11, 58, 4, 30, 14, 29, 57, 27, 35, 48, 36, 17, 7, 32, 13, 2, 60, 49, 34, 45, 41, 19, 23, 53, 15, 25, 22, 5, 31, 16, 6, 55, 56, 26, 43, 9, 37, 42, 24, 38, 1, 61, 20, 52, 51, 33, 3, 47, 50, 12]
Run 4:
Best OCplx: 2.592495559126941
Best Sequence: [17, 61, 49, 46, 8, 21, 45, 15, 4, 18, 25, 39, 14, 11, 47, 34, 10, 29, 16, 7, 19, 57, 13, 22, 26, 28, 24, 58, 31, 2, 35, 27, 30, 6, 56, 48, 43, 9, 60, 36, 5, 59, 41, 53, 20, 54, 23, 32, 37, 55, 1, 38, 50, 52, 33, 42, 3, 40, 44, 51, 12]
Run 5:
Best OCplx: 3.096755818270348
Best Sequence: [28, 10, 56, 46, 8, 9, 47, 34, 25, 44, 17, 49, 5, 21, 31, 11, 15, 40, 16, 22, 24, 27, 58, 36, 54, 41, 13, 14, 59, 60, 39, 32, 61, 18, 2, 48, 43, 45, 3, 20, 6, 35, 4, 23, 30, 29, 26, 7, 19, 55, 38, 53, 1, 52, 33, 57, 37, 51, 12, 42, 50]
Run 6:
Best OCplx: 2.4478087580178967
Best Sequence: [21, 8, 44, 25, 5, 10, 46, 36, 48, 7, 29, 39, 28, 15, 59, 16, 9, 31, 54, 49, 18, 40, 27, 14, 30, 58, 34, 35, 11, 53, 61, 47, 56, 17, 2, 43, 4, 60, 6, 57, 19, 13, 1, 37, 45, 26, 22, 23, 32, 55, 24, 52, 41, 38, 20, 51, 12, 42, 3, 33, 50]
