Run 1:
Best OCplx: 0.6951793897444838
Best Sequence: [70, 1, 72, 51, 4, 59, 16, 39, 45, 6, 33, 67, 47, 17, 46, 64, 66, 15, 5, 29, 26, 31, 22, 41, 57, 28, 74, 21, 24, 61, 30, 14, 44, 3, 62, 38, 77, 32, 42, 50, 27, 55, 43, 56, 37, 60, 13, 52, 34, 75, 25, 8, 7, 76, 18, 65, 58, 48, 63, 35, 12, 2, 23, 68, 10, 36, 54, 53, 40, 20, 71, 73, 49, 19, 69, 11, 9]
Run 2:
Best OCplx: 0.6151069000090161
Best Sequence: [76, 68, 14, 72, 38, 59, 8, 57, 21, 4, 62, 74, 61, 5, 26, 16, 3, 23, 48, 64, 30, 54, 70, 1, 55, 44, 24, 32, 50, 12, 42, 13, 45, 60, 17, 46, 29, 33, 7, 35, 43, 47, 75, 6, 25, 28, 37, 71, 51, 52, 2, 77, 66, 56, 34, 41, 15, 20, 27, 58, 65, 19, 69, 53, 22, 40, 36, 67, 63, 49, 11, 73, 31, 10, 18, 39, 9]
Run 3:
Best OCplx: 0.6715583232910789
Best Sequence: [55, 77, 35, 50, 24, 23, 16, 75, 51, 72, 44, 21, 22, 42, 57, 47, 48, 45, 54, 31, 60, 7, 59, 38, 12, 33, 56, 62, 41, 46, 14, 6, 8, 26, 17, 32, 68, 5, 37, 4, 53, 70, 27, 40, 63, 20, 18, 43, 13, 19, 64, 30, 58, 39, 11, 36, 73, 10, 2, 1, 74, 29, 28, 69, 34, 25, 9, 67, 65, 61, 76, 52, 15, 3, 71, 66, 49]
Run 4:
Best OCplx: 0.7802912782327087
Best Sequence: [72, 4, 57, 76, 43, 2, 39, 24, 22, 74, 27, 17, 16, 28, 3, 75, 63, 66, 25, 5, 33, 8, 45, 37, 61, 77, 1, 53, 67, 21, 13, 62, 55, 60, 51, 70, 44, 48, 50, 23, 46, 31, 36, 35, 38, 65, 18, 20, 34, 29, 73, 52, 7, 47, 40, 14, 6, 64, 71, 15, 41, 59, 69, 30, 12, 54, 26, 32, 19, 68, 58, 42, 49, 11, 9, 56, 10]
Run 5:
Best OCplx: 0.5932717434223398
Best Sequence: [47, 28, 42, 77, 45, 33, 30, 48, 16, 14, 17, 75, 3, 22, 15, 6, 66, 2, 29, 43, 72, 31, 21, 58, 1, 8, 25, 55, 51, 59, 46, 35, 7, 70, 76, 61, 56, 37, 41, 53, 57, 12, 71, 20, 32, 23, 49, 36, 34, 62, 64, 54, 19, 11, 68, 39, 26, 5, 18, 4, 74, 63, 9, 52, 69, 13, 65, 40, 24, 60, 73, 38, 44, 27, 50, 10, 67]
Run 6:
Best OCplx: 0.7415036012869572
Best Sequence: [43, 16, 29, 13, 64, 77, 4, 72, 61, 23, 39, 21, 70, 36, 74, 7, 42, 24, 3, 37, 48, 25, 50, 44, 20, 17, 51, 47, 5, 68, 54, 6, 1, 38, 8, 57, 22, 2, 33, 76, 26, 30, 27, 52, 28, 55, 45, 10, 75, 41, 15, 67, 69, 63, 34, 18, 71, 35, 65, 56, 60, 12, 59, 66, 14, 58, 73, 46, 32, 31, 62, 53, 40, 49, 19, 11, 9]
Run 7:
Best OCplx: 0.714183566559295
Best Sequence: [21, 12, 38, 51, 29, 72, 65, 70, 25, 42, 48, 22, 45, 30, 46, 32, 56, 7, 62, 15, 43, 61, 77, 76, 59, 3, 47, 52, 54, 57, 23, 2, 39, 17, 74, 44, 27, 13, 1, 16, 71, 41, 18, 60, 53, 40, 66, 20, 24, 10, 19, 34, 68, 67, 73, 63, 14, 11, 50, 31, 6, 75, 28, 9, 26, 37, 64, 35, 8, 49, 55, 69, 4, 36, 58, 5, 33]
Run 8:
Best OCplx: 0.6798881043972822
Best Sequence: [23, 8, 70, 53, 37, 75, 60, 22, 21, 36, 2, 72, 68, 20, 48, 35, 30, 63, 38, 47, 58, 29, 15, 28, 66, 46, 16, 12, 44, 10, 24, 6, 74, 33, 51, 4, 65, 57, 32, 76, 56, 43, 64, 67, 14, 54, 42, 26, 25, 3, 50, 52, 39, 62, 5, 55, 7, 1, 77, 45, 61, 31, 40, 17, 69, 13, 73, 41, 71, 59, 27, 18, 19, 49, 34, 11, 9]
Run 9:
Best OCplx: 0.7468858910483275
Best Sequence: [4, 46, 50, 23, 24, 25, 30, 76, 65, 75, 55, 33, 22, 44, 43, 60, 72, 28, 38, 1, 59, 51, 29, 10, 15, 67, 68, 13, 32, 7, 31, 21, 8, 2, 16, 53, 12, 40, 39, 3, 74, 34, 62, 66, 63, 5, 26, 48, 52, 17, 35, 27, 14, 54, 71, 6, 47, 42, 77, 61, 45, 70, 37, 41, 20, 49, 36, 57, 58, 19, 64, 56, 69, 18, 73, 11, 9]
Run 10:
Best OCplx: 0.4977914567667028
Best Sequence: [45, 4, 1, 44, 33, 24, 50, 30, 14, 29, 52, 60, 51, 72, 39, 63, 35, 42, 57, 59, 2, 17, 8, 21, 12, 6, 74, 55, 48, 37, 27, 61, 40, 66, 31, 64, 41, 70, 54, 76, 20, 53, 15, 16, 77, 19, 43, 68, 67, 49, 3, 36, 71, 13, 56, 38, 22, 65, 11, 34, 18, 9, 23, 25, 28, 10, 75, 5, 46, 69, 47, 62, 58, 32, 73, 26, 7]
Run 11:
Best OCplx: 0.5660534132754678
Best Sequence: [32, 36, 54, 3, 18, 75, 30, 13, 26, 55, 74, 5, 8, 72, 60, 2, 21, 76, 14, 24, 38, 47, 48, 42, 27, 29, 63, 23, 39, 66, 59, 70, 58, 43, 50, 64, 57, 7, 28, 25, 51, 44, 77, 1, 52, 40, 31, 34, 53, 16, 37, 20, 33, 35, 17, 19, 67, 4, 71, 45, 69, 11, 6, 22, 61, 68, 62, 56, 12, 10, 9, 73, 46, 41, 15, 49, 65]
Run 12:
Best OCplx: 0.7046437897409121
Best Sequence: [12, 33, 1, 22, 8, 61, 6, 54, 74, 46, 30, 32, 2, 55, 27, 21, 23, 15, 39, 57, 48, 26, 24, 29, 58, 76, 50, 70, 59, 75, 7, 31, 72, 3, 42, 4, 13, 37, 36, 38, 62, 14, 66, 17, 25, 69, 53, 5, 20, 19, 43, 34, 60, 73, 64, 41, 67, 11, 47, 35, 28, 10, 51, 68, 16, 65, 9, 52, 44, 56, 77, 63, 49, 45, 40, 71, 18]
Run 13:
Best OCplx: 0.6240864534638535
Best Sequence: [30, 72, 44, 53, 1, 26, 77, 13, 32, 39, 28, 5, 52, 51, 46, 31, 58, 59, 42, 62, 25, 47, 16, 43, 29, 64, 15, 21, 57, 63, 66, 33, 38, 35, 24, 7, 45, 55, 60, 74, 4, 17, 6, 14, 3, 37, 12, 54, 65, 71, 20, 27, 41, 50, 48, 34, 61, 22, 19, 11, 49, 69, 76, 10, 23, 9, 70, 36, 67, 40, 2, 75, 68, 18, 73, 56, 8]
Run 14:
Best OCplx: 0.59337344800313
Best Sequence: [72, 55, 21, 44, 5, 25, 23, 51, 64, 63, 3, 32, 17, 2, 8, 28, 62, 58, 61, 20, 56, 24, 22, 19, 47, 31, 67, 52, 60, 43, 53, 42, 74, 50, 71, 1, 14, 36, 77, 45, 68, 4, 65, 6, 13, 29, 57, 70, 38, 33, 11, 39, 35, 76, 48, 66, 37, 16, 75, 40, 10, 7, 73, 27, 18, 26, 49, 46, 34, 30, 41, 12, 9, 15, 59, 54, 69]
Run 15:
Best OCplx: 0.6570947754940814
Best Sequence: [45, 33, 4, 14, 26, 25, 60, 31, 32, 38, 66, 55, 23, 47, 2, 21, 42, 44, 8, 76, 29, 1, 58, 59, 51, 48, 74, 62, 56, 7, 27, 6, 43, 52, 75, 5, 18, 64, 53, 70, 20, 17, 3, 19, 16, 63, 46, 11, 77, 73, 28, 37, 22, 24, 61, 36, 15, 39, 40, 72, 13, 34, 71, 41, 50, 67, 69, 57, 12, 54, 10, 9, 65, 49, 30, 68, 35]
Run 16:
Best OCplx: 0.6440339956030113
Best Sequence: [68, 51, 16, 56, 29, 55, 6, 17, 31, 26, 27, 33, 24, 5, 52, 59, 8, 48, 1, 38, 63, 47, 74, 77, 3, 13, 57, 15, 46, 32, 25, 42, 76, 61, 62, 50, 60, 22, 58, 72, 30, 45, 12, 54, 69, 64, 39, 21, 41, 37, 36, 20, 40, 53, 70, 18, 19, 2, 71, 4, 14, 65, 43, 67, 44, 23, 11, 75, 35, 28, 66, 7, 9, 73, 10, 34, 49]
Run 17:
Best OCplx: 0.6476312592964785
Best Sequence: [42, 4, 37, 8, 63, 13, 17, 47, 64, 48, 66, 45, 39, 6, 54, 56, 75, 3, 59, 16, 5, 22, 43, 51, 44, 32, 29, 24, 30, 57, 1, 72, 60, 7, 41, 62, 21, 14, 58, 77, 46, 55, 12, 68, 26, 53, 69, 36, 20, 74, 65, 27, 28, 52, 76, 50, 2, 34, 19, 33, 25, 11, 70, 35, 73, 10, 31, 23, 67, 49, 71, 61, 38, 15, 18, 40, 9]
Run 18:
Best OCplx: 0.5797515609496888
Best Sequence: [54, 55, 33, 70, 45, 16, 57, 51, 50, 74, 17, 77, 42, 23, 27, 44, 2, 75, 30, 60, 15, 21, 66, 31, 12, 64, 4, 32, 72, 62, 1, 48, 46, 76, 29, 56, 7, 6, 14, 61, 18, 5, 39, 52, 53, 68, 38, 20, 58, 19, 40, 8, 11, 41, 69, 65, 28, 22, 37, 59, 49, 43, 26, 3, 63, 13, 36, 10, 47, 71, 24, 34, 67, 35, 9, 73, 25]
Run 19:
Best OCplx: 0.8242291055927198
Best Sequence: [63, 36, 4, 1, 62, 13, 54, 8, 28, 60, 74, 2, 55, 70, 29, 61, 52, 45, 33, 75, 42, 50, 23, 77, 56, 51, 17, 6, 26, 43, 12, 59, 27, 24, 3, 58, 22, 46, 35, 34, 32, 57, 5, 21, 37, 66, 48, 65, 14, 76, 72, 71, 44, 47, 39, 18, 64, 31, 41, 25, 20, 19, 53, 73, 11, 10, 69, 68, 30, 40, 49, 9, 7, 38, 15, 16, 67]
Run 20:
Best OCplx: 0.7051023085236676
Best Sequence: [43, 76, 57, 74, 48, 8, 23, 32, 28, 4, 46, 6, 38, 14, 77, 45, 54, 33, 39, 17, 59, 64, 1, 58, 2, 61, 24, 31, 42, 26, 60, 62, 27, 72, 16, 15, 51, 35, 47, 7, 3, 44, 70, 5, 75, 65, 50, 13, 22, 63, 40, 37, 36, 21, 18, 56, 66, 67, 41, 29, 34, 49, 71, 12, 20, 19, 52, 30, 68, 55, 53, 11, 69, 73, 10, 25, 9]
Run 21:
Best OCplx: 0.5566916016586549
Best Sequence: [52, 2, 42, 15, 28, 47, 62, 24, 26, 72, 32, 39, 12, 50, 3, 17, 30, 22, 7, 44, 77, 48, 38, 63, 27, 4, 61, 74, 29, 59, 70, 14, 33, 25, 8, 41, 60, 46, 51, 5, 66, 23, 56, 64, 31, 21, 68, 57, 13, 36, 53, 20, 69, 58, 71, 37, 40, 75, 19, 76, 10, 6, 16, 43, 34, 1, 11, 67, 55, 49, 65, 9, 35, 18, 45, 54, 73]
Run 22:
Best OCplx: 0.5756957784734662
Best Sequence: [58, 12, 24, 14, 31, 62, 30, 55, 17, 39, 15, 29, 42, 23, 57, 74, 16, 26, 25, 5, 51, 21, 50, 64, 22, 75, 63, 43, 36, 7, 45, 72, 56, 6, 44, 13, 33, 54, 1, 37, 3, 27, 8, 46, 53, 40, 35, 20, 19, 38, 18, 47, 65, 71, 70, 76, 59, 69, 11, 4, 68, 60, 49, 28, 52, 34, 2, 10, 67, 32, 77, 61, 48, 9, 73, 41, 66]
Run 23:
Best OCplx: 0.8183758924831113
Best Sequence: [54, 72, 60, 50, 14, 39, 32, 8, 75, 21, 76, 37, 59, 51, 63, 17, 67, 48, 16, 30, 36, 74, 15, 58, 5, 26, 27, 25, 2, 45, 61, 43, 6, 23, 77, 12, 70, 66, 13, 1, 35, 33, 4, 41, 3, 53, 24, 46, 42, 22, 44, 28, 52, 57, 47, 55, 7, 62, 31, 65, 18, 10, 69, 29, 56, 71, 68, 34, 40, 20, 64, 49, 73, 38, 19, 11, 9]
Run 24:
Best OCplx: 0.7382894795542909
Best Sequence: [48, 36, 45, 14, 50, 46, 39, 72, 40, 70, 3, 42, 37, 33, 28, 23, 27, 13, 6, 8, 21, 74, 31, 77, 4, 24, 30, 16, 57, 63, 56, 47, 12, 59, 32, 25, 76, 7, 1, 58, 60, 61, 22, 55, 5, 66, 43, 20, 68, 71, 15, 2, 53, 51, 64, 41, 35, 26, 54, 29, 62, 38, 44, 52, 75, 67, 10, 17, 65, 18, 34, 69, 49, 73, 19, 11, 9]
Run 25:
Best OCplx: 0.46565023944004147
Best Sequence: [2, 60, 33, 48, 47, 70, 58, 72, 44, 55, 59, 8, 4, 56, 26, 64, 75, 16, 6, 39, 63, 42, 17, 28, 29, 51, 23, 14, 24, 12, 25, 43, 77, 52, 27, 21, 38, 35, 68, 76, 53, 20, 19, 30, 41, 18, 62, 1, 15, 65, 22, 54, 57, 5, 67, 40, 11, 9, 7, 50, 69, 37, 31, 34, 3, 13, 66, 61, 32, 10, 71, 46, 45, 73, 74, 36, 49]
Run 26:
Best OCplx: 0.634391630405013
Best Sequence: [29, 62, 31, 42, 12, 25, 16, 57, 47, 50, 14, 8, 22, 46, 72, 5, 15, 55, 17, 77, 2, 45, 48, 59, 56, 35, 32, 71, 4, 30, 60, 21, 43, 58, 13, 27, 75, 39, 26, 64, 6, 41, 37, 24, 68, 23, 1, 40, 61, 76, 51, 28, 52, 18, 53, 69, 20, 67, 66, 36, 65, 63, 54, 7, 74, 49, 19, 44, 70, 38, 73, 33, 34, 11, 3, 9, 10]
Run 27:
Best OCplx: 0.5756957784734662
Best Sequence: [76, 7, 26, 2, 62, 13, 45, 27, 32, 54, 23, 24, 12, 72, 63, 46, 43, 31, 17, 8, 3, 5, 4, 35, 56, 15, 75, 77, 25, 22, 21, 53, 38, 52, 20, 28, 66, 14, 19, 11, 74, 29, 70, 6, 50, 68, 42, 57, 58, 65, 55, 40, 47, 9, 67, 73, 10, 34, 1, 37, 51, 44, 39, 59, 71, 48, 36, 33, 41, 18, 49, 30, 69, 61, 60, 16, 64]
Run 28:
Best OCplx: 0.6793269972349112
Best Sequence: [15, 61, 39, 24, 35, 47, 22, 55, 25, 76, 3, 29, 7, 43, 23, 48, 54, 14, 46, 27, 44, 38, 26, 4, 72, 8, 28, 32, 12, 50, 51, 31, 5, 33, 57, 45, 13, 75, 41, 16, 6, 66, 21, 17, 36, 30, 60, 53, 37, 56, 18, 20, 69, 62, 71, 19, 68, 11, 70, 40, 10, 67, 77, 63, 64, 34, 42, 58, 2, 52, 9, 74, 1, 59, 73, 65, 49]
Run 29:
Best OCplx: 0.5666145204378389
Best Sequence: [50, 66, 38, 59, 32, 57, 8, 54, 14, 2, 77, 6, 31, 47, 42, 17, 25, 7, 5, 63, 29, 13, 27, 70, 23, 46, 21, 51, 61, 62, 1, 43, 26, 72, 76, 3, 45, 75, 15, 68, 48, 44, 41, 30, 56, 12, 35, 22, 64, 74, 71, 37, 53, 20, 52, 33, 40, 19, 69, 60, 28, 24, 67, 36, 58, 39, 11, 16, 55, 9, 18, 4, 10, 73, 34, 65, 49]
Run 30:
Best OCplx: 0.697832404314779
Best Sequence: [17, 7, 31, 60, 35, 39, 68, 59, 33, 30, 23, 4, 15, 5, 6, 13, 8, 50, 62, 63, 66, 28, 22, 25, 45, 42, 64, 12, 56, 1, 38, 55, 43, 44, 47, 72, 70, 14, 21, 32, 74, 61, 54, 48, 77, 76, 29, 36, 18, 58, 26, 24, 34, 67, 53, 2, 20, 37, 46, 51, 19, 3, 75, 40, 11, 65, 71, 41, 73, 69, 9, 27, 52, 57, 49, 16, 10]
