Run 1:
Best OCplx: 1.6881602689964799
Best Sequence: [14, 15, 2, 6, 10, 59, 19, 17, 13, 65, 58, 11, 35, 62, 3, 55, 21, 27, 22, 16, 49, 25, 32, 39, 60, 53, 64, 26, 8, 50, 63, 30, 38, 36, 61, 51, 41, 44, 23, 18, 4, 47, 24, 28, 46, 42, 37, 56, 57, 45, 9, 5, 33, 29, 48, 1, 20, 54, 7, 52, 40, 31, 34, 12, 43]
Run 2:
Best OCplx: 1.6752928921935781
Best Sequence: [59, 24, 15, 16, 62, 17, 64, 10, 12, 4, 1, 65, 58, 27, 48, 20, 44, 36, 28, 25, 63, 3, 22, 37, 61, 19, 13, 56, 49, 57, 21, 55, 35, 41, 32, 8, 18, 30, 39, 51, 54, 43, 34, 6, 23, 50, 7, 40, 14, 60, 46, 52, 5, 53, 9, 31, 38, 2, 47, 26, 29, 45, 11, 42, 33]
Run 3:
Best OCplx: 1.912714449508424
Best Sequence: [2, 64, 15, 16, 4, 10, 14, 9, 19, 62, 1, 6, 17, 12, 13, 58, 52, 28, 39, 11, 43, 27, 47, 63, 34, 30, 22, 36, 23, 8, 42, 21, 32, 24, 18, 49, 59, 20, 45, 41, 7, 53, 60, 38, 3, 26, 40, 55, 29, 46, 65, 44, 25, 54, 48, 61, 31, 33, 56, 51, 5, 35, 50, 57, 37]
Run 4:
Best OCplx: 1.7061042241821183
Best Sequence: [24, 17, 2, 59, 13, 3, 14, 62, 8, 58, 27, 64, 57, 51, 11, 22, 54, 32, 26, 12, 49, 55, 21, 34, 23, 28, 15, 18, 1, 42, 52, 43, 37, 38, 39, 47, 40, 65, 60, 9, 6, 50, 30, 36, 4, 10, 45, 33, 16, 19, 61, 35, 20, 29, 5, 7, 46, 41, 63, 53, 25, 31, 44, 56, 48]
Run 5:
Best OCplx: 1.8594802436739206
Best Sequence: [13, 9, 59, 2, 10, 14, 5, 24, 17, 12, 58, 6, 53, 31, 22, 50, 1, 51, 27, 32, 40, 62, 20, 8, 18, 39, 36, 15, 63, 44, 16, 42, 64, 65, 48, 49, 21, 33, 23, 19, 11, 43, 37, 7, 54, 4, 25, 46, 35, 61, 47, 29, 3, 34, 38, 56, 41, 45, 28, 57, 30, 60, 52, 55, 26]
Run 6:
Best OCplx: 1.9045353974531969
Best Sequence: [17, 16, 62, 19, 14, 60, 2, 4, 1, 58, 27, 55, 9, 22, 54, 33, 53, 64, 44, 10, 24, 57, 6, 3, 46, 39, 41, 32, 26, 13, 63, 11, 34, 8, 52, 12, 45, 18, 21, 20, 15, 5, 42, 40, 56, 43, 35, 23, 50, 51, 49, 38, 31, 48, 36, 61, 47, 65, 59, 7, 25, 37, 29, 30, 28]
Run 7:
Best OCplx: 1.6535489904452803
Best Sequence: [1, 24, 9, 64, 2, 17, 14, 65, 13, 3, 16, 19, 51, 15, 4, 5, 58, 44, 46, 40, 60, 12, 27, 52, 54, 50, 30, 48, 41, 35, 22, 10, 11, 38, 49, 42, 59, 56, 6, 43, 32, 8, 20, 55, 25, 53, 36, 29, 45, 18, 23, 61, 31, 62, 33, 63, 26, 7, 34, 21, 57, 37, 39, 28, 47]
Run 8:
Best OCplx: 1.801659194612733
Best Sequence: [1, 13, 8, 7, 14, 62, 16, 5, 58, 6, 19, 11, 57, 27, 43, 32, 41, 42, 23, 40, 24, 50, 22, 20, 55, 3, 49, 28, 54, 33, 36, 34, 60, 25, 39, 48, 64, 26, 4, 38, 17, 45, 46, 30, 29, 44, 2, 56, 10, 59, 52, 51, 9, 63, 47, 31, 61, 18, 21, 53, 65, 35, 15, 37, 12]
Run 9:
Best OCplx: 1.8267149761208707
Best Sequence: [59, 19, 15, 13, 3, 8, 65, 56, 30, 4, 14, 7, 27, 25, 62, 58, 11, 39, 48, 34, 22, 31, 37, 26, 60, 32, 47, 20, 17, 6, 45, 9, 55, 50, 46, 40, 52, 38, 43, 33, 5, 49, 44, 36, 51, 29, 64, 24, 2, 57, 54, 21, 61, 10, 12, 53, 63, 23, 35, 28, 42, 18, 16, 1, 41]
Run 10:
Best OCplx: 1.4767722951486435
Best Sequence: [59, 24, 13, 19, 17, 15, 1, 64, 65, 8, 58, 41, 14, 43, 5, 31, 50, 40, 6, 27, 61, 62, 25, 60, 44, 7, 32, 10, 63, 16, 52, 45, 38, 39, 4, 29, 57, 35, 22, 20, 51, 55, 12, 48, 56, 28, 23, 33, 53, 26, 47, 34, 11, 30, 46, 54, 3, 2, 42, 37, 36, 18, 9, 21, 49]
Run 11:
Best OCplx: 1.7921036975696714
Best Sequence: [14, 15, 24, 16, 64, 5, 1, 9, 13, 33, 57, 65, 27, 58, 52, 12, 6, 2, 36, 10, 30, 22, 44, 8, 3, 21, 47, 59, 19, 49, 40, 11, 32, 29, 51, 34, 20, 25, 28, 35, 41, 63, 62, 31, 46, 50, 54, 60, 42, 55, 39, 18, 23, 38, 37, 48, 56, 7, 53, 4, 26, 45, 17, 61, 43]
Run 12:
Best OCplx: 1.7923477309710807
Best Sequence: [59, 64, 24, 17, 15, 4, 16, 12, 9, 13, 11, 27, 58, 18, 60, 44, 49, 14, 41, 50, 22, 36, 3, 52, 26, 63, 61, 45, 39, 51, 38, 21, 57, 1, 47, 43, 30, 28, 8, 6, 65, 7, 54, 55, 56, 62, 35, 42, 34, 23, 32, 33, 20, 40, 29, 19, 48, 5, 2, 53, 10, 25, 31, 37, 46]
Run 13:
Best OCplx: 1.342995336545783
Best Sequence: [24, 59, 9, 15, 3, 4, 16, 64, 2, 14, 10, 19, 12, 13, 65, 8, 6, 17, 11, 58, 27, 26, 38, 41, 1, 50, 32, 22, 40, 20, 37, 48, 56, 52, 55, 53, 46, 23, 28, 54, 60, 5, 45, 62, 36, 18, 43, 51, 29, 61, 47, 30, 63, 25, 33, 34, 57, 39, 7, 35, 21, 49, 42, 44, 31]
Run 14:
Best OCplx: 1.5785160864026824
Best Sequence: [19, 64, 2, 1, 65, 13, 8, 27, 58, 12, 51, 22, 49, 59, 3, 52, 44, 17, 18, 47, 26, 57, 31, 14, 16, 36, 46, 56, 32, 11, 55, 5, 7, 63, 60, 9, 45, 24, 20, 39, 34, 54, 28, 41, 43, 35, 62, 23, 30, 33, 38, 37, 61, 50, 40, 25, 53, 4, 42, 29, 48, 6, 15, 21, 10]
Run 15:
Best OCplx: 1.8114587250572038
Best Sequence: [3, 24, 16, 59, 13, 62, 15, 12, 58, 27, 60, 17, 29, 52, 31, 22, 4, 37, 63, 47, 36, 30, 64, 34, 57, 56, 40, 32, 46, 55, 14, 51, 38, 8, 43, 9, 54, 7, 49, 33, 1, 21, 5, 61, 53, 25, 41, 35, 48, 50, 19, 65, 39, 20, 23, 18, 28, 42, 2, 45, 44, 26, 6, 11, 10]
Run 16:
Best OCplx: 1.6131821614136783
Best Sequence: [13, 24, 4, 59, 10, 8, 27, 65, 6, 58, 16, 2, 60, 26, 34, 33, 22, 61, 48, 15, 7, 30, 55, 14, 57, 39, 51, 5, 40, 44, 63, 53, 20, 54, 43, 62, 31, 1, 50, 19, 41, 9, 42, 28, 25, 64, 21, 46, 52, 18, 35, 29, 38, 49, 11, 12, 47, 32, 37, 56, 23, 17, 36, 45, 3]
Run 17:
Best OCplx: 1.32388434245966
Best Sequence: [9, 2, 13, 24, 15, 16, 59, 4, 64, 62, 3, 17, 19, 10, 14, 8, 65, 11, 58, 1, 43, 40, 52, 60, 6, 27, 23, 50, 42, 61, 22, 35, 54, 44, 12, 5, 39, 53, 63, 46, 49, 21, 48, 56, 36, 38, 41, 25, 26, 45, 20, 28, 30, 29, 34, 33, 47, 7, 18, 32, 55, 57, 37, 31, 51]
Run 18:
Best OCplx: 1.5056828196792371
Best Sequence: [17, 16, 9, 59, 2, 19, 12, 4, 14, 65, 63, 13, 58, 56, 57, 27, 24, 52, 34, 28, 29, 22, 47, 62, 45, 20, 31, 26, 50, 44, 6, 21, 42, 30, 64, 3, 36, 55, 38, 10, 41, 48, 8, 7, 5, 51, 1, 53, 11, 60, 40, 32, 61, 33, 35, 25, 54, 15, 37, 18, 23, 39, 43, 49, 46]
Run 19:
Best OCplx: 2.068713515557645
Best Sequence: [2, 62, 24, 10, 15, 59, 19, 17, 14, 43, 58, 22, 28, 3, 29, 64, 13, 52, 16, 50, 37, 4, 9, 41, 23, 38, 36, 32, 11, 56, 60, 8, 31, 27, 34, 53, 65, 1, 47, 48, 63, 42, 25, 33, 40, 51, 26, 18, 54, 39, 7, 5, 45, 35, 6, 20, 61, 30, 12, 46, 44, 49, 57, 55, 21]
Run 20:
Best OCplx: 1.5620789303170042
Best Sequence: [14, 64, 3, 2, 15, 62, 65, 19, 24, 59, 58, 27, 13, 41, 49, 16, 46, 47, 22, 32, 7, 42, 44, 5, 37, 55, 8, 57, 12, 43, 29, 48, 20, 52, 11, 45, 53, 40, 51, 21, 6, 56, 50, 61, 26, 28, 39, 35, 25, 17, 54, 18, 30, 60, 31, 36, 63, 4, 33, 9, 38, 34, 10, 23, 1]
Run 21:
Best OCplx: 1.5940711673275558
Best Sequence: [4, 3, 24, 65, 17, 1, 58, 2, 13, 10, 19, 9, 52, 47, 6, 51, 39, 43, 32, 40, 59, 62, 27, 23, 36, 22, 42, 55, 48, 50, 14, 8, 61, 44, 5, 15, 16, 64, 60, 53, 45, 21, 31, 54, 33, 56, 46, 34, 7, 12, 26, 37, 28, 49, 20, 29, 25, 18, 41, 11, 35, 57, 63, 30, 38]
Run 22:
Best OCplx: 1.6260495382165805
Best Sequence: [19, 59, 13, 9, 17, 16, 2, 10, 65, 62, 14, 58, 28, 15, 43, 4, 56, 41, 35, 11, 8, 50, 48, 6, 27, 45, 49, 5, 40, 22, 12, 53, 25, 18, 32, 34, 20, 61, 30, 63, 29, 46, 36, 33, 7, 54, 21, 39, 47, 64, 60, 38, 52, 37, 42, 57, 24, 55, 23, 51, 1, 3, 31, 44, 26]
Run 23:
Best OCplx: 1.6442375268036284
Best Sequence: [24, 9, 4, 13, 64, 8, 1, 59, 65, 3, 15, 16, 10, 2, 58, 17, 41, 18, 62, 52, 14, 45, 27, 33, 20, 57, 49, 30, 60, 22, 21, 44, 5, 11, 61, 37, 53, 31, 54, 46, 7, 51, 32, 39, 38, 12, 50, 23, 34, 29, 56, 6, 28, 36, 55, 48, 63, 47, 25, 40, 35, 26, 43, 42, 19]
Run 24:
Best OCplx: 1.4349395973553507
Best Sequence: [3, 19, 59, 15, 2, 14, 6, 13, 16, 8, 65, 27, 12, 58, 22, 1, 7, 60, 56, 40, 21, 24, 46, 10, 17, 44, 37, 9, 35, 43, 63, 36, 38, 52, 45, 33, 20, 32, 55, 23, 54, 61, 5, 31, 41, 57, 30, 29, 4, 42, 11, 25, 53, 64, 48, 50, 51, 26, 28, 34, 39, 62, 18, 47, 49]
Run 25:
Best OCplx: 2.0642305918805492
Best Sequence: [59, 10, 3, 4, 64, 65, 21, 58, 27, 9, 12, 18, 48, 41, 55, 19, 52, 13, 14, 53, 63, 54, 24, 35, 36, 1, 32, 5, 22, 29, 61, 23, 39, 17, 7, 30, 44, 26, 31, 34, 42, 50, 56, 33, 49, 28, 57, 51, 60, 62, 47, 46, 11, 25, 8, 15, 45, 2, 43, 16, 40, 38, 20, 6, 37]
Run 26:
Best OCplx: 1.6652467236145352
Best Sequence: [17, 19, 9, 24, 1, 6, 12, 65, 14, 58, 13, 26, 32, 22, 55, 45, 36, 46, 63, 53, 34, 40, 15, 64, 27, 44, 37, 41, 50, 43, 52, 48, 4, 8, 38, 51, 30, 25, 42, 11, 60, 62, 20, 5, 54, 61, 18, 2, 59, 23, 29, 3, 39, 31, 35, 16, 7, 56, 10, 21, 47, 33, 49, 28, 57]
Run 27:
Best OCplx: 1.8744924613361782
Best Sequence: [17, 9, 15, 2, 19, 14, 12, 6, 58, 40, 41, 5, 27, 63, 33, 60, 29, 10, 46, 22, 13, 8, 11, 43, 16, 1, 54, 44, 53, 50, 30, 37, 32, 55, 65, 23, 45, 57, 20, 24, 38, 62, 64, 42, 56, 25, 59, 28, 51, 35, 21, 31, 26, 61, 7, 4, 52, 48, 34, 47, 49, 39, 18, 3, 36]
Run 28:
Best OCplx: 1.638522906661496
Best Sequence: [19, 65, 14, 58, 15, 57, 24, 39, 32, 55, 54, 28, 17, 13, 6, 27, 23, 34, 51, 22, 40, 52, 20, 3, 43, 5, 30, 45, 46, 7, 36, 38, 11, 49, 25, 64, 41, 10, 37, 59, 21, 29, 2, 33, 42, 1, 4, 31, 53, 9, 48, 60, 63, 50, 26, 47, 56, 44, 61, 62, 12, 8, 35, 18, 16]
Run 29:
Best OCplx: 1.6576339007476186
Best Sequence: [17, 13, 64, 3, 65, 15, 2, 24, 27, 58, 36, 55, 60, 48, 33, 14, 50, 23, 43, 56, 41, 19, 6, 63, 32, 9, 42, 34, 22, 45, 52, 10, 16, 47, 1, 49, 28, 25, 53, 46, 29, 40, 21, 20, 54, 39, 12, 61, 11, 57, 38, 37, 44, 59, 51, 31, 62, 7, 4, 26, 5, 30, 8, 35, 18]
Run 30:
Best OCplx: 1.5341052774070123
Best Sequence: [9, 24, 64, 10, 62, 19, 4, 65, 14, 2, 6, 5, 16, 1, 13, 15, 58, 45, 55, 12, 49, 40, 47, 8, 43, 29, 17, 42, 7, 53, 27, 56, 31, 23, 50, 63, 11, 22, 33, 32, 18, 34, 38, 60, 44, 30, 52, 48, 57, 41, 28, 37, 26, 35, 21, 36, 59, 39, 61, 46, 25, 20, 54, 51, 3]
Learning Rate: 0.0001
Epsilon: 0.1
Gamma: 0.99
Target Update: 50
Memory Capacity: 20000
Batch Size: 64

