
Learning Rate: 8e-05
Epsilon: 0.99
Gamma: 0.97
Target Update: 100
Memory Capacity: 20000
Batch Size: 64
if_EWM: True
Run 1:
Best OCplx: 0.1813117086377466
Best Sequence: [7, 1, 13, 9, 11, 6, 21, 22, 10, 5, 16, 8, 17, 23, 18, 19, 12, 4, 20, 2, 3, 15, 14]
Run 2:
Best OCplx: 0.10828334268032405
Best Sequence: [7, 19, 22, 12, 16, 9, 1, 11, 21, 8, 6, 13, 10, 4, 5, 2, 17, 23, 18, 3, 15, 14, 20]
Run 3:
Best OCplx: 0.1624250140204861
Best Sequence: [9, 7, 19, 1, 22, 11, 16, 21, 8, 6, 13, 17, 18, 20, 23, 10, 5, 12, 4, 2, 3, 14, 15]
Run 4:
Best OCplx: 0.10828334268032405
Best Sequence: [16, 11, 21, 22, 19, 7, 8, 10, 13, 1, 9, 12, 17, 23, 18, 6, 5, 4, 2, 20, 3, 15, 14]
Run 5:
Best OCplx: 0.10828334268032405
Best Sequence: [21, 11, 22, 19, 16, 9, 13, 8, 7, 6, 1, 12, 4, 10, 5, 17, 23, 18, 20, 2, 3, 15, 14]
Run 6:
Best OCplx: 0.10828334268032405
Best Sequence: [8, 12, 22, 19, 13, 6, 21, 1, 11, 10, 16, 7, 9, 4, 5, 17, 23, 18, 20, 2, 3, 15, 14]
Run 7:
Best OCplx: 0.10828334268032405
Best Sequence: [16, 7, 21, 8, 13, 6, 19, 1, 11, 12, 9, 10, 22, 5, 17, 23, 4, 2, 18, 20, 3, 15, 14]
Run 8:
Best OCplx: 0.10828334268032405
Best Sequence: [1, 16, 7, 21, 8, 11, 6, 13, 19, 10, 5, 22, 12, 17, 23, 18, 20, 9, 4, 2, 3, 15, 14]
Run 9:
Best OCplx: 0.1813117086377466
Best Sequence: [12, 13, 19, 9, 4, 22, 7, 16, 6, 11, 10, 5, 21, 1, 8, 2, 17, 23, 18, 20, 3, 15, 14]
Run 10:
Best OCplx: 0.2083825443078276
Best Sequence: [6, 16, 21, 19, 1, 7, 11, 22, 13, 9, 10, 8, 12, 18, 17, 20, 23, 4, 5, 2, 3, 15, 14]
Run 11:
Best OCplx: 0.10828334268032405
Best Sequence: [7, 19, 9, 11, 22, 1, 10, 13, 5, 12, 8, 6, 21, 16, 4, 2, 17, 23, 18, 3, 20, 15, 14]
Run 12:
Best OCplx: 0.1624250140204861
Best Sequence: [22, 21, 19, 7, 11, 9, 1, 13, 8, 10, 6, 5, 16, 18, 17, 23, 20, 12, 4, 2, 3, 14, 15]
Run 13:
Best OCplx: 0.10828334268032405
Best Sequence: [9, 7, 8, 11, 21, 19, 13, 22, 6, 10, 5, 12, 16, 1, 4, 17, 23, 18, 2, 20, 3, 15, 14]
Run 14:
Best OCplx: 0.13535417835040506
Best Sequence: [8, 19, 9, 12, 11, 13, 1, 16, 7, 4, 21, 22, 6, 18, 10, 5, 17, 23, 20, 2, 3, 15, 14]
Run 15:
Best OCplx: 0.10828334268032405
Best Sequence: [16, 13, 1, 9, 22, 8, 6, 21, 19, 11, 12, 4, 10, 17, 23, 5, 18, 2, 7, 20, 3, 15, 14]
Run 16:
Best OCplx: 0.10828334268032405
Best Sequence: [9, 8, 21, 19, 6, 1, 13, 7, 22, 11, 12, 4, 10, 16, 5, 17, 2, 23, 18, 3, 20, 15, 14]
Run 17:
Best OCplx: 0.13535417835040506
Best Sequence: [19, 21, 1, 13, 7, 22, 12, 8, 18, 17, 23, 11, 16, 20, 10, 5, 9, 4, 2, 6, 3, 15, 14]
Run 18:
Best OCplx: 0.10828334268032405
Best Sequence: [8, 21, 1, 12, 6, 11, 13, 22, 19, 10, 5, 9, 4, 16, 7, 2, 17, 23, 18, 20, 3, 15, 14]
Run 19:
Best OCplx: 0.1813117086377466
Best Sequence: [7, 1, 13, 9, 11, 6, 21, 22, 10, 5, 16, 8, 17, 23, 18, 19, 12, 4, 20, 2, 3, 15, 14]
Run 20:
Best OCplx: 0.10828334268032405
Best Sequence: [7, 19, 22, 12, 16, 9, 1, 11, 21, 8, 6, 13, 10, 4, 5, 2, 17, 23, 18, 3, 15, 14, 20]
Run 21:
Best OCplx: 0.1624250140204861
Best Sequence: [9, 7, 19, 1, 22, 11, 16, 21, 8, 6, 13, 17, 18, 20, 23, 10, 5, 12, 4, 2, 3, 14, 15]
Run 22:
Best OCplx: 0.10828334268032405
Best Sequence: [16, 11, 21, 22, 19, 7, 8, 10, 13, 1, 9, 12, 17, 23, 18, 6, 5, 4, 2, 20, 3, 15, 14]
Run 23:
Best OCplx: 0.10828334268032405
Best Sequence: [21, 11, 22, 19, 16, 9, 13, 8, 7, 6, 1, 12, 4, 10, 5, 17, 23, 18, 20, 2, 3, 15, 14]
Run 24:
Best OCplx: 0.10828334268032405
Best Sequence: [8, 12, 22, 19, 13, 6, 21, 1, 11, 10, 16, 7, 9, 4, 5, 17, 23, 18, 20, 2, 3, 15, 14]
Run 25:
Best OCplx: 0.10828334268032405
Best Sequence: [16, 7, 21, 8, 13, 6, 19, 1, 11, 12, 9, 10, 22, 5, 17, 23, 4, 2, 18, 20, 3, 15, 14]
Run 26:
Best OCplx: 0.10828334268032405
Best Sequence: [1, 16, 7, 21, 8, 11, 6, 13, 19, 10, 5, 22, 12, 17, 23, 18, 20, 9, 4, 2, 3, 15, 14]
Run 27:
Best OCplx: 0.1813117086377466
Best Sequence: [12, 13, 19, 9, 4, 22, 7, 16, 6, 11, 10, 5, 21, 1, 8, 2, 17, 23, 18, 20, 3, 15, 14]
Run 28:
Best OCplx: 0.2083825443078276
Best Sequence: [6, 16, 21, 19, 1, 7, 11, 22, 13, 9, 10, 8, 12, 18, 17, 20, 23, 4, 5, 2, 3, 15, 14]
Run 29:
Best OCplx: 0.10828334268032405
Best Sequence: [7, 19, 9, 11, 22, 1, 10, 13, 5, 12, 8, 6, 21, 16, 4, 2, 17, 23, 18, 3, 20, 15, 14]
Run 30:
Best OCplx: 0.1624250140204861
Best Sequence: [22, 21, 19, 7, 11, 9, 1, 13, 8, 10, 6, 5, 16, 18, 17, 23, 20, 12, 4, 2, 3, 14, 15]
