Run 1:
Best OCplx: 4.322183169726902
Best Sequence: [33, 34, 73, 29, 64, 50, 61, 53, 119, 42, 12, 115, 122, 70, 72, 117, 6, 129, 10, 23, 32, 62, 80, 88, 79, 121, 67, 19, 48, 106, 41, 17, 16, 77, 100, 108, 111, 49, 60, 58, 126, 36, 84, 76, 124, 22, 91, 95, 20, 21, 47, 94, 40, 30, 90, 8, 66, 14, 123, 52, 44, 5, 128, 114, 87, 59, 56, 45, 39, 71, 118, 101, 31, 28, 98, 107, 120, 46, 86, 104, 24, 2, 125, 51, 27, 99, 74, 7, 127, 89, 92, 55, 69, 65, 83, 11, 96, 103, 85, 105, 13, 3, 15, 110, 81, 75, 97, 82, 102, 112, 57, 4, 18, 35, 43, 26, 109, 37, 113, 25, 9, 116, 1, 68, 78, 38, 63, 54, 93]
Run 2:
Best OCplx: 3.5868203447151052
Best Sequence: [34, 27, 113, 41, 25, 39, 28, 10, 36, 107, 79, 92, 48, 125, 35, 96, 98, 12, 56, 59, 69, 49, 120, 65, 51, 129, 37, 22, 124, 68, 109, 21, 58, 118, 78, 44, 81, 127, 24, 54, 123, 52, 14, 3, 60, 83, 70, 84, 77, 31, 26, 88, 33, 121, 126, 99, 94, 2, 114, 80, 64, 112, 45, 128, 101, 46, 16, 11, 72, 111, 97, 115, 13, 82, 8, 9, 110, 122, 74, 119, 66, 1, 62, 32, 53, 43, 30, 87, 42, 104, 17, 117, 55, 4, 116, 29, 57, 90, 106, 71, 86, 76, 103, 19, 6, 20, 108, 85, 47, 67, 23, 93, 63, 95, 15, 105, 91, 89, 40, 73, 61, 18, 100, 50, 7, 75, 38, 5, 102]
Run 3:
Best OCplx: 2.7184962392106464
Best Sequence: [30, 117, 114, 12, 100, 29, 105, 85, 66, 13, 7, 53, 129, 69, 79, 65, 8, 118, 28, 2, 18, 56, 63, 4, 108, 99, 33, 24, 75, 115, 102, 81, 19, 61, 88, 23, 67, 44, 14, 22, 106, 112, 48, 119, 107, 5, 46, 58, 43, 95, 31, 111, 122, 15, 50, 16, 109, 92, 45, 20, 26, 47, 6, 41, 127, 38, 32, 59, 42, 128, 39, 77, 78, 55, 125, 93, 60, 123, 57, 90, 37, 64, 97, 34, 1, 116, 74, 87, 71, 40, 10, 91, 11, 70, 124, 83, 120, 72, 62, 89, 126, 113, 84, 121, 51, 9, 68, 101, 25, 104, 82, 73, 76, 54, 21, 36, 27, 110, 98, 17, 103, 80, 94, 86, 52, 35, 3, 49, 96]
Run 4:
Best OCplx: 2.9839027108238514
Best Sequence: [72, 70, 54, 84, 76, 32, 1, 101, 97, 88, 110, 34, 85, 16, 129, 118, 80, 25, 28, 3, 61, 96, 35, 18, 98, 6, 53, 121, 41, 57, 112, 66, 9, 15, 39, 89, 82, 81, 40, 75, 102, 21, 106, 44, 59, 58, 47, 14, 79, 4, 78, 17, 115, 45, 86, 51, 94, 48, 24, 30, 87, 92, 19, 77, 74, 71, 38, 31, 91, 27, 12, 23, 13, 55, 124, 120, 65, 111, 113, 93, 114, 63, 73, 119, 95, 37, 103, 122, 126, 128, 42, 64, 109, 107, 52, 46, 8, 29, 2, 68, 60, 56, 26, 5, 125, 11, 67, 105, 90, 104, 50, 10, 62, 100, 69, 43, 117, 116, 127, 49, 123, 7, 20, 83, 22, 108, 36, 99, 33]
Run 5:
Best OCplx: 3.1780877374476457
Best Sequence: [104, 13, 45, 51, 9, 113, 81, 85, 114, 49, 48, 3, 6, 125, 16, 25, 126, 41, 37, 36, 30, 64, 129, 79, 121, 22, 10, 84, 50, 34, 99, 88, 15, 74, 109, 118, 52, 24, 122, 128, 29, 59, 12, 101, 97, 39, 68, 47, 54, 66, 116, 102, 57, 60, 87, 28, 110, 46, 44, 62, 67, 72, 91, 7, 107, 82, 5, 2, 98, 23, 78, 53, 83, 20, 21, 119, 1, 40, 61, 80, 124, 127, 56, 32, 112, 117, 115, 11, 105, 106, 14, 86, 31, 111, 4, 18, 92, 38, 17, 103, 76, 42, 65, 100, 43, 8, 63, 73, 89, 71, 58, 123, 94, 19, 35, 93, 96, 70, 120, 75, 26, 27, 77, 90, 95, 108, 69, 33, 55]
Run 6:
Best OCplx: 3.0262037854031796
Best Sequence: [106, 19, 12, 3, 29, 122, 83, 79, 125, 50, 49, 89, 6, 16, 75, 14, 129, 57, 62, 67, 39, 8, 118, 52, 10, 34, 23, 2, 38, 53, 72, 71, 78, 88, 59, 22, 41, 94, 21, 27, 48, 43, 60, 30, 40, 31, 85, 4, 101, 70, 15, 74, 92, 26, 54, 93, 123, 20, 81, 104, 61, 11, 68, 37, 96, 69, 80, 5, 25, 18, 1, 35, 119, 58, 24, 65, 91, 107, 116, 55, 90, 84, 127, 63, 45, 56, 102, 17, 9, 28, 126, 64, 87, 13, 100, 86, 32, 73, 103, 46, 66, 109, 114, 99, 108, 113, 110, 33, 120, 47, 95, 44, 111, 121, 97, 77, 112, 51, 82, 76, 98, 124, 7, 115, 36, 105, 117, 42, 128]
Run 7:
Best OCplx: 3.372783299076127
Best Sequence: [123, 16, 83, 8, 74, 59, 24, 36, 64, 77, 7, 31, 20, 75, 40, 2, 13, 126, 114, 127, 117, 129, 94, 63, 116, 45, 118, 84, 49, 115, 66, 80, 67, 108, 119, 72, 89, 43, 78, 60, 37, 76, 47, 71, 97, 25, 10, 82, 28, 110, 111, 54, 1, 98, 3, 65, 56, 112, 14, 87, 61, 53, 46, 69, 29, 125, 23, 4, 58, 42, 57, 79, 93, 109, 122, 90, 30, 50, 128, 5, 12, 102, 88, 124, 34, 103, 95, 27, 33, 22, 85, 35, 51, 70, 68, 6, 121, 106, 120, 26, 96, 19, 81, 21, 15, 32, 39, 62, 100, 99, 55, 73, 101, 104, 105, 92, 17, 44, 107, 41, 38, 48, 86, 52, 9, 18, 113, 11, 91]
Run 8:
Best OCplx: 2.2266870035469246
Best Sequence: [87, 128, 67, 112, 48, 13, 44, 94, 129, 118, 38, 45, 36, 7, 114, 70, 76, 26, 113, 16, 10, 82, 69, 102, 24, 19, 108, 17, 27, 120, 115, 18, 68, 121, 107, 3, 4, 80, 6, 58, 125, 56, 23, 117, 86, 109, 66, 110, 50, 84, 14, 99, 1, 96, 75, 100, 57, 55, 9, 47, 78, 52, 49, 25, 5, 97, 12, 33, 46, 103, 95, 98, 8, 11, 101, 90, 43, 77, 22, 123, 53, 72, 79, 39, 105, 29, 15, 64, 126, 104, 93, 62, 61, 122, 37, 74, 35, 83, 71, 2, 111, 89, 31, 59, 28, 42, 88, 127, 34, 54, 106, 119, 92, 51, 21, 40, 91, 20, 30, 85, 41, 81, 32, 73, 124, 116, 60, 65, 63]
Run 9:
Best OCplx: 4.1875183290354405
Best Sequence: [5, 11, 110, 30, 67, 63, 47, 50, 89, 9, 37, 34, 52, 113, 99, 66, 16, 71, 74, 104, 43, 85, 57, 96, 73, 114, 42, 129, 98, 29, 28, 59, 120, 27, 3, 45, 39, 51, 72, 119, 107, 44, 15, 14, 97, 19, 121, 56, 49, 60, 101, 94, 54, 79, 7, 68, 118, 83, 62, 17, 23, 38, 84, 91, 103, 81, 1, 75, 87, 35, 25, 122, 46, 111, 127, 36, 86, 31, 123, 109, 18, 2, 115, 21, 64, 112, 70, 13, 82, 78, 77, 102, 58, 26, 108, 88, 33, 92, 105, 48, 20, 55, 124, 116, 4, 100, 117, 41, 22, 69, 95, 40, 90, 32, 24, 8, 61, 10, 65, 80, 106, 93, 76, 128, 12, 6, 125, 53, 126]
Run 10:
Best OCplx: 2.8919356591679315
Best Sequence: [63, 59, 32, 33, 129, 118, 19, 48, 93, 22, 61, 77, 28, 12, 106, 117, 94, 7, 51, 128, 69, 113, 97, 58, 36, 25, 47, 124, 84, 10, 49, 107, 112, 100, 37, 64, 104, 23, 82, 30, 50, 109, 75, 116, 54, 5, 114, 2, 46, 95, 11, 14, 41, 76, 44, 99, 89, 111, 121, 24, 40, 43, 67, 125, 21, 91, 103, 31, 73, 38, 68, 16, 57, 18, 78, 74, 71, 8, 108, 127, 45, 3, 13, 66, 79, 15, 122, 92, 56, 4, 20, 9, 101, 60, 96, 29, 83, 85, 34, 119, 102, 27, 17, 105, 70, 90, 88, 72, 35, 1, 81, 6, 115, 55, 123, 126, 65, 26, 87, 80, 52, 120, 110, 39, 98, 62, 42, 86, 53]
Run 11:
Best OCplx: 2.6471164076037086
Best Sequence: [66, 21, 19, 49, 39, 102, 113, 9, 3, 129, 70, 51, 118, 120, 33, 110, 11, 32, 42, 54, 72, 34, 100, 121, 122, 40, 92, 68, 12, 114, 124, 79, 85, 5, 83, 90, 87, 126, 69, 50, 115, 10, 23, 37, 119, 84, 52, 105, 67, 55, 80, 61, 107, 103, 1, 17, 109, 98, 101, 15, 30, 117, 36, 6, 82, 96, 65, 31, 104, 81, 73, 7, 4, 43, 8, 56, 29, 75, 76, 45, 14, 123, 77, 127, 94, 25, 91, 62, 88, 16, 112, 95, 44, 46, 20, 58, 53, 41, 26, 48, 2, 18, 57, 59, 116, 108, 111, 125, 99, 63, 47, 78, 89, 64, 60, 35, 28, 22, 13, 27, 74, 38, 93, 24, 128, 106, 97, 71, 86]
Run 12:
Best OCplx: 2.7660383629050243
Best Sequence: [113, 23, 5, 21, 42, 39, 15, 76, 68, 24, 80, 74, 121, 28, 129, 41, 118, 53, 18, 26, 51, 59, 84, 3, 101, 13, 58, 52, 12, 124, 17, 48, 57, 7, 125, 112, 55, 16, 79, 11, 32, 88, 126, 75, 64, 1, 50, 93, 27, 81, 44, 33, 106, 116, 2, 123, 67, 61, 90, 54, 63, 105, 78, 83, 60, 29, 31, 38, 69, 9, 10, 99, 34, 37, 4, 100, 122, 117, 87, 111, 19, 115, 47, 98, 91, 77, 56, 96, 22, 92, 72, 66, 25, 35, 103, 128, 85, 114, 70, 119, 43, 109, 73, 110, 102, 71, 36, 65, 108, 20, 46, 97, 120, 86, 6, 95, 14, 82, 94, 89, 49, 107, 40, 62, 127, 30, 45, 104, 8]
Run 13:
Best OCplx: 5.574568501088269
Best Sequence: [28, 57, 40, 39, 87, 18, 64, 83, 110, 81, 42, 5, 3, 2, 41, 115, 86, 98, 50, 44, 123, 120, 23, 78, 75, 58, 12, 59, 66, 54, 113, 73, 109, 53, 21, 4, 16, 43, 102, 33, 31, 117, 124, 128, 37, 84, 30, 129, 17, 29, 63, 15, 112, 85, 26, 74, 14, 95, 46, 20, 51, 38, 34, 70, 97, 49, 100, 11, 61, 62, 45, 22, 27, 32, 114, 93, 60, 6, 77, 8, 119, 111, 10, 127, 65, 1, 67, 103, 47, 36, 80, 68, 24, 106, 116, 94, 122, 76, 71, 125, 19, 9, 25, 48, 7, 126, 89, 107, 72, 13, 118, 91, 56, 79, 52, 90, 121, 55, 35, 96, 101, 92, 82, 105, 69, 108, 99, 88, 104]
Run 14:
Best OCplx: 2.623971294658271
Best Sequence: [125, 97, 57, 64, 63, 108, 124, 77, 129, 32, 98, 2, 118, 88, 116, 6, 1, 18, 19, 67, 86, 3, 78, 40, 68, 45, 36, 113, 54, 50, 42, 23, 41, 103, 121, 120, 53, 119, 87, 14, 17, 122, 93, 29, 76, 28, 85, 61, 127, 52, 123, 10, 128, 24, 31, 62, 112, 95, 70, 37, 39, 47, 104, 11, 81, 25, 30, 34, 49, 105, 115, 9, 94, 21, 46, 65, 20, 43, 109, 99, 107, 96, 71, 102, 13, 73, 66, 26, 91, 16, 5, 60, 33, 44, 48, 84, 51, 7, 75, 58, 72, 100, 110, 56, 92, 59, 79, 126, 27, 12, 38, 74, 82, 35, 106, 83, 90, 15, 80, 69, 89, 4, 8, 55, 114, 117, 111, 22, 101]
Run 15:
Best OCplx: 2.775098057644717
Best Sequence: [19, 89, 91, 28, 60, 87, 48, 68, 21, 69, 49, 25, 40, 129, 113, 57, 79, 64, 16, 58, 31, 117, 123, 62, 23, 15, 100, 77, 11, 118, 76, 94, 128, 55, 46, 88, 81, 98, 52, 93, 7, 9, 59, 36, 109, 65, 29, 120, 105, 102, 50, 34, 12, 99, 1, 8, 90, 125, 112, 75, 6, 18, 96, 97, 92, 119, 116, 22, 10, 27, 82, 51, 85, 114, 37, 26, 115, 107, 78, 106, 73, 124, 95, 108, 80, 44, 104, 72, 56, 35, 126, 33, 101, 110, 24, 86, 32, 41, 70, 47, 30, 43, 122, 127, 2, 121, 53, 63, 4, 3, 71, 103, 5, 84, 38, 13, 42, 111, 66, 14, 45, 39, 61, 20, 83, 54, 67, 17, 74]
Run 16:
Best OCplx: 2.4273524414512133
Best Sequence: [47, 64, 99, 62, 23, 53, 117, 114, 24, 11, 95, 15, 5, 32, 29, 129, 87, 118, 20, 110, 82, 49, 13, 124, 9, 121, 40, 7, 70, 108, 112, 74, 46, 38, 122, 67, 120, 93, 115, 12, 51, 18, 25, 34, 71, 126, 26, 116, 1, 76, 33, 30, 28, 42, 84, 31, 10, 119, 56, 96, 52, 22, 2, 68, 58, 88, 97, 106, 105, 86, 19, 78, 66, 44, 50, 65, 94, 16, 21, 14, 17, 80, 59, 63, 54, 125, 45, 89, 127, 103, 41, 57, 104, 102, 43, 128, 83, 92, 27, 100, 109, 81, 4, 8, 79, 75, 101, 111, 61, 98, 123, 107, 69, 77, 90, 35, 91, 37, 113, 85, 55, 73, 3, 48, 72, 36, 60, 6, 39]
