Run 1:
Best OCplx: 3.1238261635575326
Best Sequence: [5, 6, 16, 8, 9, 15, 2, 20, 17, 12, 1, 11, 10, 3, 19, 21, 4, 14, 24, 25, 23, 22, 7, 13, 18]
Run 2:
Best OCplx: 3.0192638408468597
Best Sequence: [3, 16, 4, 23, 20, 9, 12, 19, 21, 6, 5, 10, 24, 2, 11, 7, 13, 15, 17, 8, 22, 14, 18, 25, 1]
Run 3:
Best OCplx: 2.882023275731081
Best Sequence: [9, 16, 3, 7, 19, 4, 13, 12, 21, 2, 17, 25, 8, 6, 1, 22, 14, 5, 11, 15, 10, 20, 23, 24, 18]
Run 4:
Best OCplx: 3.0990081989045564
Best Sequence: [16, 1, 19, 10, 7, 13, 20, 12, 22, 3, 15, 2, 8, 23, 11, 9, 17, 21, 24, 4, 5, 18, 6, 14, 25]
Run 5:
Best OCplx: 3.5260712283091107
Best Sequence: [3, 16, 20, 15, 18, 8, 12, 9, 1, 5, 21, 13, 2, 10, 25, 6, 17, 22, 11, 14, 4, 24, 23, 7, 19]
Run 6:
Best OCplx: 3.050737809279342
Best Sequence: [16, 1, 19, 21, 15, 2, 22, 5, 7, 12, 14, 20, 9, 10, 8, 17, 23, 3, 25, 11, 4, 13, 18, 6, 24]
Run 7:
Best OCplx: 2.6625180587061767
Best Sequence: [16, 12, 10, 1, 3, 21, 5, 8, 15, 17, 7, 2, 9, 20, 23, 19, 14, 25, 24, 18, 4, 13, 22, 6, 11]
Run 8:
Best OCplx: 2.8192978124117425
Best Sequence: [16, 2, 19, 22, 23, 7, 20, 15, 21, 12, 6, 8, 4, 3, 10, 17, 24, 14, 18, 1, 11, 9, 13, 25, 5]
Run 9:
Best OCplx: 2.945914683080399
Best Sequence: [16, 15, 12, 17, 4, 9, 8, 23, 3, 1, 22, 5, 11, 24, 2, 19, 21, 10, 7, 20, 25, 14, 6, 18, 13]
Run 10:
Best OCplx: 2.8323708512822603
Best Sequence: [16, 20, 2, 1, 8, 3, 10, 19, 9, 25, 6, 21, 12, 24, 7, 5, 14, 18, 23, 4, 15, 13, 11, 22, 17]
Run 11:
Best OCplx: 2.588869019440506
Best Sequence: [16, 12, 3, 20, 22, 21, 2, 7, 6, 8, 23, 25, 5, 15, 11, 17, 4, 19, 1, 10, 13, 24, 14, 9, 18]
Run 12:
Best OCplx: 3.099062305162727
Best Sequence: [15, 14, 12, 4, 16, 6, 7, 5, 8, 21, 19, 17, 10, 2, 3, 1, 22, 25, 11, 24, 18, 23, 20, 13, 9]
Run 13:
Best OCplx: 3.0012947276377764
Best Sequence: [3, 4, 16, 2, 5, 6, 19, 15, 8, 21, 22, 25, 20, 24, 12, 17, 7, 1, 18, 14, 11, 10, 23, 9, 13]
Run 14:
Best OCplx: 3.135438037965085
Best Sequence: [16, 7, 3, 20, 1, 9, 8, 11, 12, 10, 2, 23, 24, 4, 18, 13, 6, 21, 14, 5, 25, 22, 17, 15, 19]
Run 15:
Best OCplx: 2.9787096961703483
Best Sequence: [15, 16, 19, 14, 1, 9, 10, 7, 5, 17, 20, 4, 3, 2, 25, 24, 22, 6, 12, 21, 13, 23, 18, 11, 8]
Run 16:
Best OCplx: 3.3941758845257217
Best Sequence: [3, 9, 15, 16, 19, 14, 22, 1, 11, 23, 2, 20, 18, 6, 12, 4, 5, 17, 7, 8, 21, 24, 10, 13, 25]
Run 17:
Best OCplx: 3.0099627601217143
Best Sequence: [16, 2, 8, 15, 11, 12, 10, 9, 14, 3, 20, 17, 21, 1, 22, 4, 19, 25, 24, 6, 23, 18, 5, 7, 13]
Run 18:
Best OCplx: 2.9769182823853373
Best Sequence: [16, 8, 1, 12, 10, 22, 19, 20, 9, 4, 2, 3, 23, 13, 6, 17, 21, 5, 7, 25, 11, 15, 18, 14, 24]
Run 19:
Best OCplx: 2.584878695999699
Best Sequence: [3, 16, 15, 1, 8, 19, 21, 11, 23, 6, 2, 17, 4, 5, 20, 9, 13, 10, 22, 24, 25, 7, 18, 14, 12]
Run 20:
Best OCplx: 2.571998187759747
Best Sequence: [2, 3, 16, 5, 8, 1, 17, 19, 22, 10, 15, 6, 20, 7, 14, 12, 11, 21, 4, 24, 25, 9, 23, 18, 13]
Run 21:
Best OCplx: 3.1483699309756052
Best Sequence: [3, 6, 8, 15, 23, 5, 16, 19, 20, 10, 1, 22, 14, 13, 17, 2, 11, 24, 9, 7, 18, 12, 21, 25, 4]
Run 22:
Best OCplx: 3.4177993436051985
Best Sequence: [16, 2, 22, 3, 10, 8, 19, 24, 9, 15, 17, 23, 18, 21, 12, 5, 6, 1, 14, 11, 4, 13, 7, 20, 25]
Run 23:
Best OCplx: 2.782001937577469
Best Sequence: [16, 12, 5, 20, 3, 17, 9, 6, 19, 1, 11, 2, 14, 15, 22, 23, 8, 10, 21, 18, 25, 13, 24, 4, 7]
Run 24:
Best OCplx: 2.910156463031011
Best Sequence: [4, 3, 16, 1, 8, 19, 10, 9, 15, 12, 7, 5, 14, 13, 17, 11, 21, 24, 20, 18, 25, 2, 22, 23, 6]
Run 25:
Best OCplx: 2.791191920311734
Best Sequence: [12, 9, 3, 4, 16, 5, 20, 21, 8, 10, 14, 17, 19, 23, 6, 11, 7, 2, 13, 15, 24, 22, 25, 1, 18]
Run 26:
Best OCplx: 2.8478167038436193
Best Sequence: [16, 17, 3, 21, 15, 9, 12, 7, 2, 1, 10, 20, 22, 14, 24, 11, 23, 6, 25, 18, 4, 8, 5, 13, 19]
Run 27:
Best OCplx: 3.176289814167916
Best Sequence: [4, 16, 19, 20, 12, 6, 7, 9, 1, 11, 15, 10, 21, 8, 3, 17, 23, 5, 14, 22, 25, 2, 18, 13, 24]
Run 28:
Best OCplx: 2.9135391290187793
Best Sequence: [9, 16, 2, 15, 4, 19, 1, 3, 20, 25, 7, 10, 21, 18, 6, 5, 23, 13, 14, 24, 11, 12, 8, 17, 22]
Run 29:
Best OCplx: 2.8964109328484975
Best Sequence: [16, 3, 12, 19, 8, 22, 13, 10, 23, 4, 5, 20, 2, 9, 1, 21, 15, 6, 17, 14, 11, 25, 24, 18, 7]
Run 30:
Best OCplx: 3.028747087596477
Best Sequence: [16, 21, 4, 3, 5, 8, 2, 12, 20, 9, 19, 10, 22, 25, 6, 1, 24, 7, 18, 23, 14, 15, 17, 13, 11]
UPDATE_GLOBAL_ITER: 200
GAMMA: 0.99
MAX_EP: 3000
thread_count: 3
RL: 5e-05
if_EWM: False

Run 1:
Best OCplx: 3.1238261635575326
Best Sequence: [5, 6, 16, 8, 9, 15, 2, 20, 17, 12, 1, 11, 10, 3, 19, 21, 4, 14, 24, 25, 23, 22, 7, 13, 18]
Run 2:
Best OCplx: 3.0192638408468597
Best Sequence: [3, 16, 4, 23, 20, 9, 12, 19, 21, 6, 5, 10, 24, 2, 11, 7, 13, 15, 17, 8, 22, 14, 18, 25, 1]
Run 3:
Best OCplx: 2.882023275731081
Best Sequence: [9, 16, 3, 7, 19, 4, 13, 12, 21, 2, 17, 25, 8, 6, 1, 22, 14, 5, 11, 15, 10, 20, 23, 24, 18]
Run 4:
Best OCplx: 3.0990081989045564
Best Sequence: [16, 1, 19, 10, 7, 13, 20, 12, 22, 3, 15, 2, 8, 23, 11, 9, 17, 21, 24, 4, 5, 18, 6, 14, 25]
Run 5:
Best OCplx: 3.5260712283091107
Best Sequence: [3, 16, 20, 15, 18, 8, 12, 9, 1, 5, 21, 13, 2, 10, 25, 6, 17, 22, 11, 14, 4, 24, 23, 7, 19]
Run 6:
Best OCplx: 3.050737809279342
Best Sequence: [16, 1, 19, 21, 15, 2, 22, 5, 7, 12, 14, 20, 9, 10, 8, 17, 23, 3, 25, 11, 4, 13, 18, 6, 24]
Run 7:
Best OCplx: 2.6625180587061767
Best Sequence: [16, 12, 10, 1, 3, 21, 5, 8, 15, 17, 7, 2, 9, 20, 23, 19, 14, 25, 24, 18, 4, 13, 22, 6, 11]
Run 8:
Best OCplx: 2.8192978124117425
Best Sequence: [16, 2, 19, 22, 23, 7, 20, 15, 21, 12, 6, 8, 4, 3, 10, 17, 24, 14, 18, 1, 11, 9, 13, 25, 5]
Run 9:
Best OCplx: 2.945914683080399
Best Sequence: [16, 15, 12, 17, 4, 9, 8, 23, 3, 1, 22, 5, 11, 24, 2, 19, 21, 10, 7, 20, 25, 14, 6, 18, 13]
Run 10:
Best OCplx: 2.8323708512822603
Best Sequence: [16, 20, 2, 1, 8, 3, 10, 19, 9, 25, 6, 21, 12, 24, 7, 5, 14, 18, 23, 4, 15, 13, 11, 22, 17]
Run 11:
Best OCplx: 2.588869019440506
Best Sequence: [16, 12, 3, 20, 22, 21, 2, 7, 6, 8, 23, 25, 5, 15, 11, 17, 4, 19, 1, 10, 13, 24, 14, 9, 18]
Run 12:
Best OCplx: 3.099062305162727
Best Sequence: [15, 14, 12, 4, 16, 6, 7, 5, 8, 21, 19, 17, 10, 2, 3, 1, 22, 25, 11, 24, 18, 23, 20, 13, 9]
Run 13:
Best OCplx: 3.0012947276377764
Best Sequence: [3, 4, 16, 2, 5, 6, 19, 15, 8, 21, 22, 25, 20, 24, 12, 17, 7, 1, 18, 14, 11, 10, 23, 9, 13]
Run 14:
Best OCplx: 3.135438037965085
Best Sequence: [16, 7, 3, 20, 1, 9, 8, 11, 12, 10, 2, 23, 24, 4, 18, 13, 6, 21, 14, 5, 25, 22, 17, 15, 19]
Run 15:
Best OCplx: 2.9787096961703483
Best Sequence: [15, 16, 19, 14, 1, 9, 10, 7, 5, 17, 20, 4, 3, 2, 25, 24, 22, 6, 12, 21, 13, 23, 18, 11, 8]
Run 16:
Best OCplx: 3.3941758845257217
Best Sequence: [3, 9, 15, 16, 19, 14, 22, 1, 11, 23, 2, 20, 18, 6, 12, 4, 5, 17, 7, 8, 21, 24, 10, 13, 25]
Run 17:
Best OCplx: 3.0099627601217143
Best Sequence: [16, 2, 8, 15, 11, 12, 10, 9, 14, 3, 20, 17, 21, 1, 22, 4, 19, 25, 24, 6, 23, 18, 5, 7, 13]
Run 18:
Best OCplx: 2.9769182823853373
Best Sequence: [16, 8, 1, 12, 10, 22, 19, 20, 9, 4, 2, 3, 23, 13, 6, 17, 21, 5, 7, 25, 11, 15, 18, 14, 24]
Run 19:
Best OCplx: 2.584878695999699
Best Sequence: [3, 16, 15, 1, 8, 19, 21, 11, 23, 6, 2, 17, 4, 5, 20, 9, 13, 10, 22, 24, 25, 7, 18, 14, 12]
Run 20:
Best OCplx: 2.571998187759747
Best Sequence: [2, 3, 16, 5, 8, 1, 17, 19, 22, 10, 15, 6, 20, 7, 14, 12, 11, 21, 4, 24, 25, 9, 23, 18, 13]
Run 21:
Best OCplx: 3.1483699309756052
Best Sequence: [3, 6, 8, 15, 23, 5, 16, 19, 20, 10, 1, 22, 14, 13, 17, 2, 11, 24, 9, 7, 18, 12, 21, 25, 4]
Run 22:
Best OCplx: 3.4177993436051985
Best Sequence: [16, 2, 22, 3, 10, 8, 19, 24, 9, 15, 17, 23, 18, 21, 12, 5, 6, 1, 14, 11, 4, 13, 7, 20, 25]
Run 23:
Best OCplx: 2.782001937577469
Best Sequence: [16, 12, 5, 20, 3, 17, 9, 6, 19, 1, 11, 2, 14, 15, 22, 23, 8, 10, 21, 18, 25, 13, 24, 4, 7]
Run 24:
Best OCplx: 2.910156463031011
Best Sequence: [4, 3, 16, 1, 8, 19, 10, 9, 15, 12, 7, 5, 14, 13, 17, 11, 21, 24, 20, 18, 25, 2, 22, 23, 6]
Run 25:
Best OCplx: 2.791191920311734
Best Sequence: [12, 9, 3, 4, 16, 5, 20, 21, 8, 10, 14, 17, 19, 23, 6, 11, 7, 2, 13, 15, 24, 22, 25, 1, 18]
Run 26:
Best OCplx: 2.8478167038436193
Best Sequence: [16, 17, 3, 21, 15, 9, 12, 7, 2, 1, 10, 20, 22, 14, 24, 11, 23, 6, 25, 18, 4, 8, 5, 13, 19]
Run 27:
Best OCplx: 3.176289814167916
Best Sequence: [4, 16, 19, 20, 12, 6, 7, 9, 1, 11, 15, 10, 21, 8, 3, 17, 23, 5, 14, 22, 25, 2, 18, 13, 24]
Run 28:
Best OCplx: 2.9135391290187793
Best Sequence: [9, 16, 2, 15, 4, 19, 1, 3, 20, 25, 7, 10, 21, 18, 6, 5, 23, 13, 14, 24, 11, 12, 8, 17, 22]
Run 29:
Best OCplx: 2.8964109328484975
Best Sequence: [16, 3, 12, 19, 8, 22, 13, 10, 23, 4, 5, 20, 2, 9, 1, 21, 15, 6, 17, 14, 11, 25, 24, 18, 7]
Run 30:
Best OCplx: 3.028747087596477
Best Sequence: [16, 21, 4, 3, 5, 8, 2, 12, 20, 9, 19, 10, 22, 25, 6, 1, 24, 7, 18, 23, 14, 15, 17, 13, 11]
UPDATE_GLOBAL_ITER: 200
GAMMA: 0.99
MAX_EP: 3000
thread_count: 3
RL: 5e-05
if_EWM: False

Mean: 2.9738
Min: 2.5720
Max: 3.5261
Std: 0.2276
